length,support,support_ratio,event_type_sequence,locations,weights,weight_ratios
2,7.447879914573335,0.7447879914573334,Bar -> Medical Center,"[(-73.8908548951149, 40.7540041755368), (-73.83179157972336, 40.7540041755368)]","(7.447879914573335,)","(0.7447879914573334,)"
2,7.440774377348224,0.7440774377348224,Home (private) -> Medical Center,"[(-73.8908548951149, 40.79648450013265), (-73.83179157972336, 40.7540041755368)]","(7.440774377348224,)","(0.7440774377348224,)"
2,7.311149558083999,0.7311149558083999,Subway -> Medical Center,"[(-73.8908548951149, 40.71152385094095), (-73.83179157972336, 40.7540041755368)]","(7.311149558083999,)","(0.7311149558083999,)"
2,7.113473620802565,0.7113473620802565,Deli / Bodega -> Bar,"[(-74.00898152589798, 40.8389648247285), (-73.94991821050644, 40.79648450013265)]","(7.113473620802565,)","(0.7113473620802565,)"
2,7.0941302927280905,0.709413029272809,Home (private) -> Bar,"[(-73.8908548951149, 40.79648450013265), (-73.94991821050644, 40.79648450013265)]","(7.0941302927280905,)","(0.709413029272809,)"
2,7.056892699313947,0.7056892699313947,Home (private) -> Bar,"[(-73.8908548951149, 40.8389648247285), (-73.94991821050644, 40.79648450013265)]","(7.056892699313947,)","(0.7056892699313947,)"
2,6.996901681644927,0.6996901681644927,Home (private) -> Bar,"[(-74.00898152589798, 40.7540041755368), (-73.94991821050644, 40.79648450013265)]","(6.996901681644927,)","(0.6996901681644927,)"
2,6.88688554564491,0.688688554564491,Clothing Store -> Bar,"[(-74.00898152589798, 40.71152385094095), (-73.94991821050644, 40.7540041755368)]","(6.88688554564491,)","(0.688688554564491,)"
2,6.876612337288608,0.6876612337288608,Home (private) -> Bar,"[(-73.8908548951149, 40.79648450013265), (-73.94991821050644, 40.7540041755368)]","(6.876612337288608,)","(0.6876612337288608,)"
2,6.846287963066998,0.6846287963066998,Clothing Store -> Medical Center,"[(-74.00898152589798, 40.71152385094095), (-73.94991821050644, 40.6690435263451)]","(6.846287963066998,)","(0.6846287963066998,)"
2,6.844203666492096,0.6844203666492097,American Restaurant -> Medical Center,"[(-74.00898152589798, 40.6690435263451), (-73.94991821050644, 40.6690435263451)]","(6.844203666492096,)","(0.6844203666492097,)"
2,6.841678487169112,0.6841678487169112,Park -> Bar,"[(-74.00898152589798, 40.7540041755368), (-73.94991821050644, 40.79648450013265)]","(6.841678487169112,)","(0.6841678487169112,)"
2,6.7089521746461696,0.670895217464617,Food & Drink Shop -> Medical Center,"[(-74.00898152589798, 40.6690435263451), (-73.94991821050644, 40.6690435263451)]","(6.7089521746461696,)","(0.670895217464617,)"
2,6.701308363503733,0.6701308363503733,Subway -> Medical Center,"[(-73.8908548951149, 40.71152385094095), (-73.94991821050644, 40.6690435263451)]","(6.701308363503733,)","(0.6701308363503733,)"
2,6.6888068191549985,0.6688806819154999,Home (private) -> Bar,"[(-74.00898152589798, 40.7540041755368), (-73.94991821050644, 40.7540041755368)]","(6.6888068191549985,)","(0.6688806819154999,)"
2,6.683266598475683,0.6683266598475683,Subway -> Bar,"[(-73.8908548951149, 40.71152385094095), (-73.94991821050644, 40.7540041755368)]","(6.683266598475683,)","(0.6683266598475683,)"
2,6.641970192762143,0.6641970192762143,Other Great Outdoors -> Bar,"[(-74.00898152589798, 40.7540041755368), (-73.94991821050644, 40.79648450013265)]","(6.641970192762143,)","(0.6641970192762143,)"
2,6.637482716799539,0.6637482716799539,Food & Drink Shop -> Bar,"[(-74.00898152589798, 40.8389648247285), (-73.94991821050644, 40.79648450013265)]","(6.637482716799539,)","(0.6637482716799539,)"
2,6.623223346045531,0.6623223346045531,Food & Drink Shop -> Bar,"[(-73.8908548951149, 40.8389648247285), (-73.94991821050644, 40.79648450013265)]","(6.623223346045531,)","(0.6623223346045531,)"
2,6.583843685886868,0.6583843685886868,Train Station -> Bar,"[(-74.00898152589798, 40.7540041755368), (-73.94991821050644, 40.79648450013265)]","(6.583843685886868,)","(0.6583843685886868,)"
2,6.570101669821017,0.6570101669821017,Gym / Fitness Center -> Bar,"[(-73.94991821050644, 40.79648450013265), (-73.94991821050644, 40.79648450013265)]","(6.570101669821017,)","(0.6570101669821017,)"
2,6.479512996208781,0.647951299620878,Bar -> Medical Center,"[(-74.00898152589798, 40.71152385094095), (-73.94991821050644, 40.6690435263451)]","(6.479512996208781,)","(0.647951299620878,)"
2,6.307741809638758,0.6307741809638758,Other Great Outdoors -> Bar,"[(-74.00898152589798, 40.7540041755368), (-73.94991821050644, 40.7540041755368)]","(6.307741809638758,)","(0.6307741809638758,)"
2,6.271751121610241,0.6271751121610241,Clothing Store -> Bar,"[(-74.00898152589798, 40.7540041755368), (-73.94991821050644, 40.7540041755368)]","(6.271751121610241,)","(0.6271751121610241,)"
2,6.2517722591584715,0.6251772259158471,Train Station -> Bar,"[(-74.00898152589798, 40.7540041755368), (-73.94991821050644, 40.7540041755368)]","(6.2517722591584715,)","(0.6251772259158471,)"
2,6.245178912975528,0.6245178912975529,Clothing Store -> Bar,"[(-74.00898152589798, 40.7540041755368), (-73.94991821050644, 40.79648450013265)]","(6.245178912975528,)","(0.6245178912975529,)"
2,6.234777091898764,0.6234777091898764,Gym / Fitness Center -> Bar,"[(-73.94991821050644, 40.79648450013265), (-73.94991821050644, 40.7540041755368)]","(6.234777091898764,)","(0.6234777091898764,)"
2,6.210350238835803,0.6210350238835802,American Restaurant -> Bar,"[(-74.00898152589798, 40.7540041755368), (-73.94991821050644, 40.79648450013265)]","(6.210350238835803,)","(0.6210350238835802,)"
2,6.1784327053868004,0.61784327053868,College Academic Building -> Bar,"[(-73.94991821050644, 40.79648450013265), (-73.94991821050644, 40.79648450013265)]","(6.1784327053868004,)","(0.61784327053868,)"
2,6.1729566365270685,0.6172956636527068,Coffee Shop -> Medical Center,"[(-74.00898152589798, 40.71152385094095), (-73.94991821050644, 40.6690435263451)]","(6.1729566365270685,)","(0.6172956636527068,)"
2,6.1658629674075405,0.616586296740754,Food & Drink Shop -> Medical Center,"[(-73.94991821050644, 40.7540041755368), (-73.83179157972336, 40.7540041755368)]","(6.1658629674075405,)","(0.616586296740754,)"
2,6.1455039761588806,0.614550397615888,Home (private) -> Bar,"[(-73.94991821050644, 40.6690435263451), (-73.94991821050644, 40.7540041755368)]","(6.1455039761588806,)","(0.614550397615888,)"
2,6.115420234783622,0.6115420234783622,Coffee Shop -> Bar,"[(-74.00898152589798, 40.71152385094095), (-73.94991821050644, 40.7540041755368)]","(6.115420234783622,)","(0.6115420234783622,)"
2,6.044567067165856,0.6044567067165856,Train Station -> Medical Center,"[(-73.94991821050644, 40.7540041755368), (-73.83179157972336, 40.7540041755368)]","(6.044567067165856,)","(0.6044567067165856,)"
2,6.039679619009584,0.6039679619009584,Park -> Medical Center,"[(-73.83179157972336, 40.7540041755368), (-73.83179157972336, 40.7540041755368)]","(6.039679619009584,)","(0.6039679619009584,)"
2,6.0339807327834025,0.6033980732783403,Home (private) -> Medical Center,"[(-73.77272826433182, 40.7540041755368), (-73.83179157972336, 40.7540041755368)]","(6.0339807327834025,)","(0.6033980732783403,)"
2,6.003236221796584,0.6003236221796584,Bar -> Medical Center,"[(-73.94991821050644, 40.71152385094095), (-73.94991821050644, 40.6690435263451)]","(6.003236221796584,)","(0.6003236221796584,)"
2,5.969496179537717,0.5969496179537717,Deli / Bodega -> Medical Center,"[(-73.83179157972336, 40.8389648247285), (-73.83179157972336, 40.7540041755368)]","(5.969496179537717,)","(0.5969496179537717,)"
2,5.969172646202304,0.5969172646202303,Subway -> Bar,"[(-73.94991821050644, 40.79648450013265), (-73.94991821050644, 40.79648450013265)]","(5.969172646202304,)","(0.5969172646202303,)"
2,5.947907145620486,0.5947907145620486,Home (private) -> Medical Center,"[(-73.94991821050644, 40.6690435263451), (-73.94991821050644, 40.6690435263451)]","(5.947907145620486,)","(0.5947907145620486,)"
2,5.906775364148229,0.5906775364148229,Food & Drink Shop -> Bar,"[(-73.94991821050644, 40.7540041755368), (-73.94991821050644, 40.79648450013265)]","(5.906775364148229,)","(0.5906775364148229,)"
2,5.896217558219619,0.5896217558219619,Train Station -> Medical Center,"[(-73.94991821050644, 40.6690435263451), (-73.94991821050644, 40.6690435263451)]","(5.896217558219619,)","(0.5896217558219619,)"
2,5.880914470504473,0.5880914470504474,American Restaurant -> Bar,"[(-74.00898152589798, 40.7540041755368), (-73.94991821050644, 40.7540041755368)]","(5.880914470504473,)","(0.5880914470504474,)"
2,5.8774689748362,0.58774689748362,Home (private) -> Medical Center,"[(-73.83179157972336, 40.7540041755368), (-73.83179157972336, 40.7540041755368)]","(5.8774689748362,)","(0.58774689748362,)"
2,5.846795708354208,0.5846795708354209,College Academic Building -> Bar,"[(-73.94991821050644, 40.79648450013265), (-73.94991821050644, 40.7540041755368)]","(5.846795708354208,)","(0.5846795708354209,)"
2,5.846698936077101,0.5846698936077102,Train Station -> Bar,"[(-73.94991821050644, 40.6690435263451), (-73.94991821050644, 40.7540041755368)]","(5.846698936077101,)","(0.5846698936077102,)"
2,5.8235843306656365,0.5823584330665637,Deli / Bodega -> Medical Center,"[(-73.94991821050644, 40.6690435263451), (-73.94991821050644, 40.6690435263451)]","(5.8235843306656365,)","(0.5823584330665637,)"
2,5.790766972729743,0.5790766972729743,Train Station -> Bar,"[(-73.94991821050644, 40.7540041755368), (-73.94991821050644, 40.79648450013265)]","(5.790766972729743,)","(0.5790766972729743,)"
2,5.773452994573786,0.5773452994573786,Deli / Bodega -> Bar,"[(-73.94991821050644, 40.6690435263451), (-73.94991821050644, 40.7540041755368)]","(5.773452994573786,)","(0.5773452994573786,)"
2,5.75620412803183,0.575620412803183,Bar -> Medical Center,"[(-73.94991821050644, 40.7540041755368), (-73.94991821050644, 40.6690435263451)]","(5.75620412803183,)","(0.575620412803183,)"
3,5.645218700326056,0.5645218700326056,Subway -> Bar -> Medical Center,"[(-73.94991821050644, 40.79648450013265), (-73.94991821050644, 40.7540041755368), (-73.94991821050644, 40.6690435263451)]","(5.645218700326056, 5.75620412803183)","(0.5645218700326056, 0.575620412803183)"
2,5.645218700326056,0.5645218700326056,Subway -> Bar,"[(-73.94991821050644, 40.79648450013265), (-73.94991821050644, 40.7540041755368)]","(5.645218700326056,)","(0.5645218700326056,)"
2,5.6368868767453835,0.5636886876745384,Food & Drink Shop -> Medical Center,"[(-73.94991821050644, 40.7540041755368), (-73.94991821050644, 40.6690435263451)]","(5.6368868767453835,)","(0.5636886876745384,)"
3,5.5838389101377945,0.5583838910137795,Food & Drink Shop -> Bar -> Medical Center,"[(-73.94991821050644, 40.7540041755368), (-73.94991821050644, 40.7540041755368), (-73.94991821050644, 40.6690435263451)]","(5.5838389101377945, 5.75620412803183)","(0.5583838910137795, 0.575620412803183)"
2,5.5838389101377945,0.5583838910137795,Food & Drink Shop -> Bar,"[(-73.94991821050644, 40.7540041755368), (-73.94991821050644, 40.7540041755368)]","(5.5838389101377945,)","(0.5583838910137795,)"
2,5.575850889435601,0.5575850889435601,College Academic Building -> Medical Center,"[(-74.00898152589798, 40.6690435263451), (-73.94991821050644, 40.6690435263451)]","(5.575850889435601,)","(0.5575850889435601,)"
2,5.574116007568052,0.5574116007568052,Home (private) -> Medical Center,"[(-74.00898152589798, 40.71152385094095), (-73.94991821050644, 40.6690435263451)]","(5.574116007568052,)","(0.5574116007568052,)"
2,5.52341716795272,0.552341716795272,Train Station -> Medical Center,"[(-73.94991821050644, 40.7540041755368), (-73.94991821050644, 40.6690435263451)]","(5.52341716795272,)","(0.552341716795272,)"
3,5.515817661756692,0.5515817661756692,Home (private) -> Bar -> Medical Center,"[(-74.00898152589798, 40.71152385094095), (-73.94991821050644, 40.7540041755368), (-73.94991821050644, 40.6690435263451)]","(5.515817661756692, 5.75620412803183)","(0.5515817661756692, 0.575620412803183)"
2,5.515817661756692,0.5515817661756692,Home (private) -> Bar,"[(-74.00898152589798, 40.71152385094095), (-73.94991821050644, 40.7540041755368)]","(5.515817661756692,)","(0.5515817661756692,)"
3,5.4558888121526365,0.5455888812152636,Train Station -> Bar -> Medical Center,"[(-73.94991821050644, 40.7540041755368), (-73.94991821050644, 40.7540041755368), (-73.94991821050644, 40.6690435263451)]","(5.4558888121526365, 5.75620412803183)","(0.5455888812152636, 0.575620412803183)"
2,5.4558888121526365,0.5455888812152636,Train Station -> Bar,"[(-73.94991821050644, 40.7540041755368), (-73.94991821050644, 40.7540041755368)]","(5.4558888121526365,)","(0.5455888812152636,)"
3,5.451489716437385,0.5451489716437384,Park -> Bar -> Medical Center,"[(-73.83179157972336, 40.7540041755368), (-73.94991821050644, 40.7540041755368), (-73.94991821050644, 40.6690435263451)]","(5.451489716437385, 5.75620412803183)","(0.5451489716437384, 0.575620412803183)"
2,5.451489716437385,0.5451489716437384,Park -> Bar,"[(-73.83179157972336, 40.7540041755368), (-73.94991821050644, 40.7540041755368)]","(5.451489716437385,)","(0.5451489716437384,)"
2,5.399264550809917,0.5399264550809917,Residential Building (Apartment / Condo) -> Road,"[(-73.8908548951149, 40.88144514932435), (-73.8908548951149, 40.8389648247285)]","(5.399264550809917,)","(0.5399264550809917,)"
2,5.396031944064684,0.5396031944064684,Home (private) -> Road,"[(-73.8908548951149, 40.8389648247285), (-73.8908548951149, 40.8389648247285)]","(5.396031944064684,)","(0.5396031944064684,)"
2,5.379504767542152,0.5379504767542153,Bar -> Medical Center,"[(-74.00898152589798, 40.6690435263451), (-73.94991821050644, 40.6690435263451)]","(5.379504767542152,)","(0.5379504767542153,)"
2,5.373656242362641,0.5373656242362641,Deli / Bodega -> Road,"[(-74.00898152589798, 40.8389648247285), (-73.8908548951149, 40.8389648247285)]","(5.373656242362641,)","(0.5373656242362641,)"
2,5.342815070590449,0.5342815070590449,Bar -> Road,"[(-73.8908548951149, 40.7540041755368), (-73.8908548951149, 40.8389648247285)]","(5.342815070590449,)","(0.5342815070590449,)"
2,5.324272610185814,0.5324272610185814,Home (private) -> Road,"[(-73.8908548951149, 40.79648450013265), (-73.8908548951149, 40.8389648247285)]","(5.324272610185814,)","(0.5324272610185814,)"
2,5.31454721746083,0.531454721746083,Bus Station -> Medical Center,"[(-73.94991821050644, 40.6690435263451), (-73.94991821050644, 40.6690435263451)]","(5.31454721746083,)","(0.531454721746083,)"
3,5.298583706746172,0.5298583706746172,Home (private) -> Bar -> Medical Center,"[(-73.83179157972336, 40.7540041755368), (-73.94991821050644, 40.7540041755368), (-73.94991821050644, 40.6690435263451)]","(5.298583706746172, 5.75620412803183)","(0.5298583706746172, 0.575620412803183)"
2,5.298583706746172,0.5298583706746172,Home (private) -> Bar,"[(-73.83179157972336, 40.7540041755368), (-73.94991821050644, 40.7540041755368)]","(5.298583706746172,)","(0.5298583706746172,)"
3,5.244156298125344,0.5244156298125344,Bus Station -> Bar -> Medical Center,"[(-73.94991821050644, 40.6690435263451), (-73.94991821050644, 40.7540041755368), (-73.94991821050644, 40.6690435263451)]","(5.244156298125344, 5.75620412803183)","(0.5244156298125344, 0.575620412803183)"
2,5.244156298125344,0.5244156298125344,Bus Station -> Bar,"[(-73.94991821050644, 40.6690435263451), (-73.94991821050644, 40.7540041755368)]","(5.244156298125344,)","(0.5244156298125344,)"
3,5.218987530498894,0.5218987530498894,Clothing Store -> Park -> Bar,"[(-74.00898152589798, 40.71152385094095), (-74.00898152589798, 40.7540041755368), (-73.94991821050644, 40.79648450013265)]","(5.218987530498894, 6.841678487169112)","(0.5218987530498894, 0.6841678487169112)"
2,5.218987530498894,0.5218987530498894,Clothing Store -> Park,"[(-74.00898152589798, 40.71152385094095), (-74.00898152589798, 40.7540041755368)]","(5.218987530498894,)","(0.5218987530498894,)"
3,5.211117065181892,0.5211117065181892,Bar -> Park -> Bar,"[(-73.8908548951149, 40.7540041755368), (-74.00898152589798, 40.7540041755368), (-73.94991821050644, 40.79648450013265)]","(5.211117065181892, 6.841678487169112)","(0.5211117065181892, 0.6841678487169112)"
2,5.211117065181892,0.5211117065181892,Bar -> Park,"[(-73.8908548951149, 40.7540041755368), (-74.00898152589798, 40.7540041755368)]","(5.211117065181892,)","(0.5211117065181892,)"
3,5.185879992220302,0.5185879992220302,American Restaurant -> Park -> Bar,"[(-74.00898152589798, 40.6690435263451), (-74.00898152589798, 40.7540041755368), (-73.94991821050644, 40.79648450013265)]","(5.185879992220302, 6.841678487169112)","(0.5185879992220302, 0.6841678487169112)"
2,5.185879992220302,0.5185879992220302,American Restaurant -> Park,"[(-74.00898152589798, 40.6690435263451), (-74.00898152589798, 40.7540041755368)]","(5.185879992220302,)","(0.5185879992220302,)"
3,5.183939832267407,0.5183939832267407,Deli / Bodega -> Park -> Bar,"[(-74.00898152589798, 40.8389648247285), (-74.00898152589798, 40.7540041755368), (-73.94991821050644, 40.79648450013265)]","(5.183939832267407, 6.841678487169112)","(0.5183939832267407, 0.6841678487169112)"
2,5.183939832267407,0.5183939832267407,Deli / Bodega -> Park,"[(-74.00898152589798, 40.8389648247285), (-74.00898152589798, 40.7540041755368)]","(5.183939832267407,)","(0.5183939832267407,)"
2,5.170757733425353,0.5170757733425353,Park -> Medical Center,"[(-74.00898152589798, 40.71152385094095), (-73.94991821050644, 40.6690435263451)]","(5.170757733425353,)","(0.5170757733425353,)"
2,5.147455164068403,0.5147455164068403,Deli / Bodega -> Bar,"[(-73.94991821050644, 40.79648450013265), (-73.94991821050644, 40.79648450013265)]","(5.147455164068403,)","(0.5147455164068403,)"
2,5.1331588840619675,0.5133158884061968,Neighborhood -> Medical Center,"[(-73.94991821050644, 40.7540041755368), (-73.83179157972336, 40.7540041755368)]","(5.1331588840619675,)","(0.5133158884061968,)"
2,5.13293506795658,0.513293506795658,Food & Drink Shop -> Road,"[(-74.00898152589798, 40.8389648247285), (-73.8908548951149, 40.8389648247285)]","(5.13293506795658,)","(0.513293506795658,)"
2,5.122715745032618,0.5122715745032618,Food & Drink Shop -> Road,"[(-73.8908548951149, 40.8389648247285), (-73.8908548951149, 40.8389648247285)]","(5.122715745032618,)","(0.5122715745032618,)"
3,5.110158841833504,0.5110158841833504,Clothing Store -> Park -> Bar,"[(-74.00898152589798, 40.7540041755368), (-74.00898152589798, 40.7540041755368), (-73.94991821050644, 40.79648450013265)]","(5.110158841833504, 6.841678487169112)","(0.5110158841833504, 0.6841678487169112)"
2,5.110158841833504,0.5110158841833504,Clothing Store -> Park,"[(-74.00898152589798, 40.7540041755368), (-74.00898152589798, 40.7540041755368)]","(5.110158841833504,)","(0.5110158841833504,)"
3,5.096407211313433,0.5096407211313433,Park -> Bar -> Medical Center,"[(-74.00898152589798, 40.71152385094095), (-73.94991821050644, 40.7540041755368), (-73.94991821050644, 40.6690435263451)]","(5.096407211313433, 5.75620412803183)","(0.5096407211313433, 0.575620412803183)"
2,5.096407211313433,0.5096407211313433,Park -> Bar,"[(-74.00898152589798, 40.71152385094095), (-73.94991821050644, 40.7540041755368)]","(5.096407211313433,)","(0.5096407211313433,)"
2,5.084365689343224,0.5084365689343224,Gym / Fitness Center -> Road,"[(-73.94991821050644, 40.79648450013265), (-73.8908548951149, 40.8389648247285)]","(5.084365689343224,)","(0.5084365689343224,)"
2,5.07833447174819,0.5078334471748189,Neighborhood -> Bar,"[(-73.94991821050644, 40.79648450013265), (-73.94991821050644, 40.79648450013265)]","(5.07833447174819,)","(0.5078334471748189,)"
3,4.984336835392222,0.4984336835392222,Food & Drink Shop -> Bar -> Medical Center,"[(-74.00898152589798, 40.7540041755368), (-73.94991821050644, 40.7540041755368), (-73.94991821050644, 40.6690435263451)]","(4.984336835392222, 5.75620412803183)","(0.4984336835392222, 0.575620412803183)"
2,4.984336835392222,0.4984336835392222,Food & Drink Shop -> Bar,"[(-74.00898152589798, 40.7540041755368), (-73.94991821050644, 40.7540041755368)]","(4.984336835392222,)","(0.4984336835392222,)"
3,4.965894201170857,0.49658942011708573,Food & Drink Shop -> Park -> Bar,"[(-74.00898152589798, 40.6690435263451), (-74.00898152589798, 40.7540041755368), (-73.94991821050644, 40.79648450013265)]","(4.965894201170857, 6.841678487169112)","(0.49658942011708573, 0.6841678487169112)"
2,4.965894201170857,0.49658942011708573,Food & Drink Shop -> Park,"[(-74.00898152589798, 40.6690435263451), (-74.00898152589798, 40.7540041755368)]","(4.965894201170857,)","(0.49658942011708573,)"
3,4.957806933457433,0.49578069334574326,Home (private) -> Park -> Bar,"[(-74.00898152589798, 40.7540041755368), (-74.00898152589798, 40.7540041755368), (-73.94991821050644, 40.79648450013265)]","(4.957806933457433, 6.841678487169112)","(0.49578069334574326, 0.6841678487169112)"
2,4.957806933457433,0.49578069334574326,Home (private) -> Park,"[(-74.00898152589798, 40.7540041755368), (-74.00898152589798, 40.7540041755368)]","(4.957806933457433,)","(0.49578069334574326,)"
2,4.918125197975736,0.4918125197975736,Neighborhood -> Bar,"[(-73.94991821050644, 40.7540041755368), (-73.94991821050644, 40.79648450013265)]","(4.918125197975736,)","(0.4918125197975736,)"
2,4.889636071767273,0.4889636071767273,Train Station -> Bar,"[(-73.94991821050644, 40.79648450013265), (-73.94991821050644, 40.79648450013265)]","(4.889636071767273,)","(0.4889636071767273,)"
3,4.876368847878799,0.4876368847878799,Home (private) -> Bar -> Medical Center,"[(-73.94991821050644, 40.79648450013265), (-73.94991821050644, 40.7540041755368), (-73.94991821050644, 40.6690435263451)]","(4.876368847878799, 5.75620412803183)","(0.4876368847878799, 0.575620412803183)"
2,4.876368847878799,0.4876368847878799,Home (private) -> Bar,"[(-73.94991821050644, 40.79648450013265), (-73.94991821050644, 40.7540041755368)]","(4.876368847878799,)","(0.4876368847878799,)"
3,4.833881139436363,0.4833881139436363,Deli / Bodega -> Bar -> Medical Center,"[(-73.94991821050644, 40.79648450013265), (-73.94991821050644, 40.7540041755368), (-73.94991821050644, 40.6690435263451)]","(4.833881139436363, 5.75620412803183)","(0.4833881139436363, 0.575620412803183)"
2,4.833881139436363,0.4833881139436363,Deli / Bodega -> Bar,"[(-73.94991821050644, 40.79648450013265), (-73.94991821050644, 40.7540041755368)]","(4.833881139436363,)","(0.4833881139436363,)"
2,4.792873324768623,0.4792873324768623,College Academic Building -> Road,"[(-73.94991821050644, 40.79648450013265), (-73.8908548951149, 40.8389648247285)]","(4.792873324768623,)","(0.4792873324768623,)"
2,4.781439300814342,0.4781439300814342,Food & Drink Shop -> Bar,"[(-74.00898152589798, 40.7540041755368), (-73.94991821050644, 40.79648450013265)]","(4.781439300814342,)","(0.4781439300814342,)"
3,4.751497830356482,0.4751497830356482,Neighborhood -> Bar -> Medical Center,"[(-73.94991821050644, 40.79648450013265), (-73.94991821050644, 40.7540041755368), (-73.94991821050644, 40.6690435263451)]","(4.751497830356482, 5.75620412803183)","(0.4751497830356482, 0.575620412803183)"
2,4.751497830356482,0.4751497830356482,Neighborhood -> Bar,"[(-73.94991821050644, 40.79648450013265), (-73.94991821050644, 40.7540041755368)]","(4.751497830356482,)","(0.4751497830356482,)"
3,4.737391840050839,0.4737391840050839,Bar -> Park -> Bar,"[(-74.00898152589798, 40.71152385094095), (-74.00898152589798, 40.7540041755368), (-73.94991821050644, 40.79648450013265)]","(4.737391840050839, 6.841678487169112)","(0.4737391840050839, 0.6841678487169112)"
2,4.737391840050839,0.4737391840050839,Bar -> Park,"[(-74.00898152589798, 40.71152385094095), (-74.00898152589798, 40.7540041755368)]","(4.737391840050839,)","(0.4737391840050839,)"
2,4.677634128882155,0.4677634128882155,Neighborhood -> Medical Center,"[(-73.94991821050644, 40.7540041755368), (-73.94991821050644, 40.6690435263451)]","(4.677634128882155,)","(0.4677634128882155,)"
2,4.646279796592543,0.4646279796592543,Home (private) -> Bar,"[(-73.94991821050644, 40.79648450013265), (-73.94991821050644, 40.79648450013265)]","(4.646279796592543,)","(0.4646279796592543,)"
2,4.63735205390866,0.463735205390866,American Restaurant -> Deli / Bodega,"[(-74.00898152589798, 40.5840828771534), (-73.94991821050644, 40.5840828771534)]","(4.63735205390866,)","(0.463735205390866,)"
2,4.633597802623347,0.4633597802623347,Subway -> Road,"[(-73.94991821050644, 40.79648450013265), (-73.8908548951149, 40.8389648247285)]","(4.633597802623347,)","(0.4633597802623347,)"
3,4.601698100308446,0.46016981003084456,Neighborhood -> Bar -> Medical Center,"[(-73.94991821050644, 40.7540041755368), (-73.94991821050644, 40.7540041755368), (-73.94991821050644, 40.6690435263451)]","(4.601698100308446, 5.75620412803183)","(0.46016981003084456, 0.575620412803183)"
2,4.601698100308446,0.46016981003084456,Neighborhood -> Bar,"[(-73.94991821050644, 40.7540041755368), (-73.94991821050644, 40.7540041755368)]","(4.601698100308446,)","(0.46016981003084456,)"
3,4.601234535359378,0.4601234535359378,Other Great Outdoors -> Park -> Bar,"[(-74.00898152589798, 40.7540041755368), (-74.00898152589798, 40.7540041755368), (-73.94991821050644, 40.79648450013265)]","(4.601234535359378, 6.841678487169112)","(0.4601234535359378, 0.6841678487169112)"
2,4.601234535359378,0.4601234535359378,Other Great Outdoors -> Park,"[(-74.00898152589798, 40.7540041755368), (-74.00898152589798, 40.7540041755368)]","(4.601234535359378,)","(0.4601234535359378,)"
3,4.597754559355761,0.4597754559355761,Food & Drink Shop -> Park -> Bar,"[(-74.00898152589798, 40.8389648247285), (-74.00898152589798, 40.7540041755368), (-73.94991821050644, 40.79648450013265)]","(4.597754559355761, 6.841678487169112)","(0.4597754559355761, 0.6841678487169112)"
2,4.597754559355761,0.4597754559355761,Food & Drink Shop -> Park,"[(-74.00898152589798, 40.8389648247285), (-74.00898152589798, 40.7540041755368)]","(4.597754559355761,)","(0.4597754559355761,)"
3,4.575055975936751,0.4575055975936751,Train Station -> Bar -> Medical Center,"[(-73.94991821050644, 40.79648450013265), (-73.94991821050644, 40.7540041755368), (-73.94991821050644, 40.6690435263451)]","(4.575055975936751, 5.75620412803183)","(0.4575055975936751, 0.575620412803183)"
2,4.575055975936751,0.4575055975936751,Train Station -> Bar,"[(-73.94991821050644, 40.79648450013265), (-73.94991821050644, 40.7540041755368)]","(4.575055975936751,)","(0.4575055975936751,)"
3,4.537397606477812,0.4537397606477812,Train Station -> Park -> Bar,"[(-74.00898152589798, 40.7540041755368), (-74.00898152589798, 40.7540041755368), (-73.94991821050644, 40.79648450013265)]","(4.537397606477812, 6.841678487169112)","(0.4537397606477812, 0.6841678487169112)"
2,4.537397606477812,0.4537397606477812,Train Station -> Park,"[(-74.00898152589798, 40.7540041755368), (-74.00898152589798, 40.7540041755368)]","(4.537397606477812,)","(0.4537397606477812,)"
3,4.527080210812044,0.4527080210812044,Gym / Fitness Center -> Park -> Bar,"[(-73.94991821050644, 40.79648450013265), (-74.00898152589798, 40.7540041755368), (-73.94991821050644, 40.79648450013265)]","(4.527080210812044, 6.841678487169112)","(0.4527080210812044, 0.6841678487169112)"
2,4.527080210812044,0.4527080210812044,Gym / Fitness Center -> Park,"[(-73.94991821050644, 40.79648450013265), (-74.00898152589798, 40.7540041755368)]","(4.527080210812044,)","(0.4527080210812044,)"
2,4.451649122161085,0.44516491221610854,Subway -> Medical Center,"[(-74.00898152589798, 40.71152385094095), (-73.94991821050644, 40.6690435263451)]","(4.451649122161085,)","(0.44516491221610854,)"
3,4.4191059385549085,0.44191059385549086,Coffee Shop -> Park -> Bar,"[(-74.00898152589798, 40.71152385094095), (-74.00898152589798, 40.7540041755368), (-73.94991821050644, 40.79648450013265)]","(4.4191059385549085, 6.841678487169112)","(0.44191059385549086, 0.6841678487169112)"
2,4.4191059385549085,0.44191059385549086,Coffee Shop -> Park,"[(-74.00898152589798, 40.71152385094095), (-74.00898152589798, 40.7540041755368)]","(4.4191059385549085,)","(0.44191059385549086,)"
2,4.396002155309329,0.4396002155309329,Train Station -> Deli / Bodega,"[(-73.94991821050644, 40.6690435263451), (-73.94991821050644, 40.5840828771534)]","(4.396002155309329,)","(0.4396002155309329,)"
2,4.392136673529931,0.4392136673529931,Other Great Outdoors -> Deli / Bodega,"[(-74.00898152589798, 40.5840828771534), (-73.94991821050644, 40.5840828771534)]","(4.392136673529931,)","(0.4392136673529931,)"
3,4.380482412738036,0.43804824127380365,Subway -> Bar -> Medical Center,"[(-74.00898152589798, 40.71152385094095), (-73.94991821050644, 40.7540041755368), (-73.94991821050644, 40.6690435263451)]","(4.380482412738036, 5.75620412803183)","(0.43804824127380365, 0.575620412803183)"
2,4.380482412738036,0.43804824127380365,Subway -> Bar,"[(-74.00898152589798, 40.71152385094095), (-73.94991821050644, 40.7540041755368)]","(4.380482412738036,)","(0.43804824127380365,)"
3,4.288521980037951,0.42885219800379504,Bar -> Park -> Bar,"[(-73.94991821050644, 40.71152385094095), (-74.00898152589798, 40.7540041755368), (-73.94991821050644, 40.79648450013265)]","(4.288521980037951, 6.841678487169112)","(0.42885219800379504, 0.6841678487169112)"
2,4.288521980037951,0.42885219800379504,Bar -> Park,"[(-73.94991821050644, 40.71152385094095), (-74.00898152589798, 40.7540041755368)]","(4.288521980037951,)","(0.42885219800379504,)"
3,4.228639328711897,0.42286393287118973,American Restaurant -> Park -> Bar,"[(-74.00898152589798, 40.7540041755368), (-74.00898152589798, 40.7540041755368), (-73.94991821050644, 40.79648450013265)]","(4.228639328711897, 6.841678487169112)","(0.42286393287118973, 0.6841678487169112)"
2,4.228639328711897,0.42286393287118973,American Restaurant -> Park,"[(-74.00898152589798, 40.7540041755368), (-74.00898152589798, 40.7540041755368)]","(4.228639328711897,)","(0.42286393287118973,)"
3,4.204106278017154,0.42041062780171534,College Academic Building -> Park -> Bar,"[(-73.94991821050644, 40.79648450013265), (-74.00898152589798, 40.7540041755368), (-73.94991821050644, 40.79648450013265)]","(4.204106278017154, 6.841678487169112)","(0.42041062780171534, 0.6841678487169112)"
2,4.204106278017154,0.42041062780171534,College Academic Building -> Park,"[(-73.94991821050644, 40.79648450013265), (-74.00898152589798, 40.7540041755368)]","(4.204106278017154,)","(0.42041062780171534,)"
3,4.1771897646127645,0.4177189764612764,Home (private) -> Park -> Bar,"[(-73.94991821050644, 40.79648450013265), (-74.00898152589798, 40.7540041755368), (-73.94991821050644, 40.79648450013265)]","(4.1771897646127645, 6.841678487169112)","(0.4177189764612764, 0.6841678487169112)"
2,4.1771897646127645,0.4177189764612764,Home (private) -> Park,"[(-73.94991821050644, 40.79648450013265), (-74.00898152589798, 40.7540041755368)]","(4.1771897646127645,)","(0.4177189764612764,)"
3,4.163134209566666,0.41631342095666657,Food & Drink Shop -> Park -> Bar,"[(-74.00898152589798, 40.7540041755368), (-74.00898152589798, 40.7540041755368), (-73.94991821050644, 40.79648450013265)]","(4.163134209566666, 6.841678487169112)","(0.41631342095666657, 0.6841678487169112)"
2,4.163134209566666,0.41631342095666657,Food & Drink Shop -> Park,"[(-74.00898152589798, 40.7540041755368), (-74.00898152589798, 40.7540041755368)]","(4.163134209566666,)","(0.41631342095666657,)"
3,4.091029710293386,0.40910297102933857,Bar -> Park -> Bar,"[(-73.94991821050644, 40.7540041755368), (-74.00898152589798, 40.7540041755368), (-73.94991821050644, 40.79648450013265)]","(4.091029710293386, 6.841678487169112)","(0.40910297102933857, 0.6841678487169112)"
2,4.091029710293386,0.40910297102933857,Bar -> Park,"[(-73.94991821050644, 40.7540041755368), (-74.00898152589798, 40.7540041755368)]","(4.091029710293386,)","(0.40910297102933857,)"
3,4.047821222765738,0.40478212227657384,Subway -> Park -> Bar,"[(-73.94991821050644, 40.79648450013265), (-74.00898152589798, 40.7540041755368), (-73.94991821050644, 40.79648450013265)]","(4.047821222765738, 6.841678487169112)","(0.40478212227657384, 0.6841678487169112)"
2,4.047821222765738,0.40478212227657384,Subway -> Park,"[(-73.94991821050644, 40.79648450013265), (-74.00898152589798, 40.7540041755368)]","(4.047821222765738,)","(0.40478212227657384,)"
3,4.004893632584731,0.4004893632584731,Food & Drink Shop -> Park -> Bar,"[(-73.94991821050644, 40.7540041755368), (-74.00898152589798, 40.7540041755368), (-73.94991821050644, 40.79648450013265)]","(4.004893632584731, 6.841678487169112)","(0.4004893632584731, 0.6841678487169112)"
2,4.004893632584731,0.4004893632584731,Food & Drink Shop -> Park,"[(-73.94991821050644, 40.7540041755368), (-74.00898152589798, 40.7540041755368)]","(4.004893632584731,)","(0.4004893632584731,)"
2,3.9997258514752874,0.39997258514752876,Deli / Bodega -> Road,"[(-73.94991821050644, 40.79648450013265), (-73.8908548951149, 40.8389648247285)]","(3.9997258514752874,)","(0.39997258514752876,)"
2,3.9732044539264684,0.3973204453926468,Bus Station -> Deli / Bodega,"[(-73.94991821050644, 40.6690435263451), (-73.94991821050644, 40.5840828771534)]","(3.9732044539264684,)","(0.3973204453926468,)"
2,3.9640912867942744,0.39640912867942746,Medical Center -> Deli / Bodega,"[(-73.94991821050644, 40.6690435263451), (-73.94991821050644, 40.5840828771534)]","(3.9640912867942744,)","(0.39640912867942746,)"
3,3.962806786516878,0.3962806786516878,College Academic Building -> Park -> Bar,"[(-74.00898152589798, 40.6690435263451), (-74.00898152589798, 40.7540041755368), (-73.94991821050644, 40.79648450013265)]","(3.962806786516878, 6.841678487169112)","(0.3962806786516878, 0.6841678487169112)"
2,3.962806786516878,0.3962806786516878,College Academic Building -> Park,"[(-74.00898152589798, 40.6690435263451), (-74.00898152589798, 40.7540041755368)]","(3.962806786516878,)","(0.3962806786516878,)"
3,3.9611942181662583,0.39611942181662585,Home (private) -> Park -> Bar,"[(-74.00898152589798, 40.71152385094095), (-74.00898152589798, 40.7540041755368), (-73.94991821050644, 40.79648450013265)]","(3.9611942181662583, 6.841678487169112)","(0.39611942181662585, 0.6841678487169112)"
2,3.9611942181662583,0.39611942181662585,Home (private) -> Park,"[(-74.00898152589798, 40.71152385094095), (-74.00898152589798, 40.7540041755368)]","(3.9611942181662583,)","(0.39611942181662585,)"
2,3.946132026618024,0.39461320266180244,Neighborhood -> Road,"[(-73.94991821050644, 40.79648450013265), (-73.8908548951149, 40.8389648247285)]","(3.946132026618024,)","(0.39461320266180244,)"
3,3.9160301392075176,0.39160301392075175,Train Station -> Park -> Bar,"[(-73.94991821050644, 40.7540041755368), (-74.00898152589798, 40.7540041755368), (-73.94991821050644, 40.79648450013265)]","(3.9160301392075176, 6.841678487169112)","(0.39160301392075175, 0.6841678487169112)"
2,3.9160301392075176,0.39160301392075175,Train Station -> Park,"[(-73.94991821050644, 40.7540041755368), (-74.00898152589798, 40.7540041755368)]","(3.9160301392075176,)","(0.39160301392075175,)"
2,3.861622758085199,0.3861622758085199,Office -> Road,"[(-73.8908548951149, 40.88144514932435), (-73.8908548951149, 40.8389648247285)]","(3.861622758085199,)","(0.3861622758085199,)"
3,3.813791826197085,0.3813791826197085,Bar -> Park -> Bar,"[(-74.00898152589798, 40.6690435263451), (-74.00898152589798, 40.7540041755368), (-73.94991821050644, 40.79648450013265)]","(3.813791826197085, 6.841678487169112)","(0.3813791826197085, 0.6841678487169112)"
2,3.813791826197085,0.3813791826197085,Bar -> Park,"[(-74.00898152589798, 40.6690435263451), (-74.00898152589798, 40.7540041755368)]","(3.813791826197085,)","(0.3813791826197085,)"
2,3.7997322229704964,0.37997322229704966,Train Station -> Road,"[(-73.94991821050644, 40.79648450013265), (-73.8908548951149, 40.8389648247285)]","(3.7997322229704964,)","(0.37997322229704966,)"
2,3.5647695556053973,0.3564769555605397,Home (private) -> Deli / Bodega,"[(-73.94991821050644, 40.6690435263451), (-73.94991821050644, 40.5840828771534)]","(3.5647695556053973,)","(0.3564769555605397,)"
2,3.5441329916809914,0.35441329916809916,Deli / Bodega -> Road,"[(-73.83179157972336, 40.8389648247285), (-73.8908548951149, 40.8389648247285)]","(3.5441329916809914,)","(0.35441329916809916,)"
2,3.5251040403068554,0.35251040403068556,Train Station -> Road,"[(-73.8908548951149, 40.88144514932435), (-73.8908548951149, 40.8389648247285)]","(3.5251040403068554,)","(0.35251040403068556,)"
3,3.4869720797740076,0.3486972079774008,Deli / Bodega -> Park -> Bar,"[(-73.94991821050644, 40.79648450013265), (-74.00898152589798, 40.7540041755368), (-73.94991821050644, 40.79648450013265)]","(3.4869720797740076, 6.841678487169112)","(0.3486972079774008, 0.6841678487169112)"
2,3.4869720797740076,0.3486972079774008,Deli / Bodega -> Park,"[(-73.94991821050644, 40.79648450013265), (-74.00898152589798, 40.7540041755368)]","(3.4869720797740076,)","(0.3486972079774008,)"
3,3.4400440724388774,0.34400440724388776,Neighborhood -> Park -> Bar,"[(-73.94991821050644, 40.79648450013265), (-74.00898152589798, 40.7540041755368), (-73.94991821050644, 40.79648450013265)]","(3.4400440724388774, 6.841678487169112)","(0.34400440724388776, 0.6841678487169112)"
2,3.4400440724388774,0.34400440724388776,Neighborhood -> Park,"[(-73.94991821050644, 40.79648450013265), (-74.00898152589798, 40.7540041755368)]","(3.4400440724388774,)","(0.34400440724388776,)"
3,3.3313360725683405,0.33313360725683405,Neighborhood -> Park -> Bar,"[(-73.94991821050644, 40.7540041755368), (-74.00898152589798, 40.7540041755368), (-73.94991821050644, 40.79648450013265)]","(3.3313360725683405, 6.841678487169112)","(0.33313360725683405, 0.6841678487169112)"
2,3.3313360725683405,0.33313360725683405,Neighborhood -> Park,"[(-73.94991821050644, 40.7540041755368), (-74.00898152589798, 40.7540041755368)]","(3.3313360725683405,)","(0.33313360725683405,)"
4,3.3152185194576016,0.33152185194576017,Home (private) -> Food & Drink Shop -> Park -> Bar,"[(-74.00898152589798, 40.7540041755368), (-74.00898152589798, 40.7540041755368), (-74.00898152589798, 40.7540041755368), (-73.94991821050644, 40.79648450013265)]","(3.3152185194576016, 4.163134209566666, 6.841678487169112)","(0.33152185194576017, 0.41631342095666657, 0.6841678487169112)"
4,3.3152185194576016,0.33152185194576017,Home (private) -> Food & Drink Shop -> Bar -> Medical Center,"[(-74.00898152589798, 40.7540041755368), (-74.00898152589798, 40.7540041755368), (-73.94991821050644, 40.7540041755368), (-73.94991821050644, 40.6690435263451)]","(3.3152185194576016, 4.984336835392222, 5.75620412803183)","(0.33152185194576017, 0.4984336835392222, 0.575620412803183)"
3,3.3152185194576016,0.33152185194576017,Home (private) -> Food & Drink Shop -> Park,"[(-74.00898152589798, 40.7540041755368), (-74.00898152589798, 40.7540041755368), (-74.00898152589798, 40.7540041755368)]","(3.3152185194576016, 4.163134209566666)","(0.33152185194576017, 0.41631342095666657)"
3,3.3152185194576016,0.33152185194576017,Home (private) -> Food & Drink Shop -> Bar,"[(-74.00898152589798, 40.7540041755368), (-74.00898152589798, 40.7540041755368), (-73.94991821050644, 40.7540041755368)]","(3.3152185194576016, 4.984336835392222)","(0.33152185194576017, 0.4984336835392222)"
3,3.3152185194576016,0.33152185194576017,Home (private) -> Food & Drink Shop -> Bar,"[(-74.00898152589798, 40.7540041755368), (-74.00898152589798, 40.7540041755368), (-73.94991821050644, 40.79648450013265)]","(3.3152185194576016, 4.781439300814342)","(0.33152185194576017, 0.4781439300814342)"
2,3.3152185194576016,0.33152185194576017,Home (private) -> Food & Drink Shop,"[(-74.00898152589798, 40.7540041755368), (-74.00898152589798, 40.7540041755368)]","(3.3152185194576016,)","(0.33152185194576017,)"
3,3.312012676961635,0.3312012676961635,Train Station -> Park -> Bar,"[(-73.94991821050644, 40.79648450013265), (-74.00898152589798, 40.7540041755368), (-73.94991821050644, 40.79648450013265)]","(3.312012676961635, 6.841678487169112)","(0.3312012676961635, 0.6841678487169112)"
2,3.312012676961635,0.3312012676961635,Train Station -> Park,"[(-73.94991821050644, 40.79648450013265), (-74.00898152589798, 40.7540041755368)]","(3.312012676961635,)","(0.3312012676961635,)"
4,3.2988953973210426,0.3298895397321043,Park -> Food & Drink Shop -> Bar -> Medical Center,"[(-74.00898152589798, 40.7540041755368), (-74.00898152589798, 40.7540041755368), (-73.94991821050644, 40.7540041755368), (-73.94991821050644, 40.6690435263451)]","(3.2988953973210426, 4.984336835392222, 5.75620412803183)","(0.3298895397321043, 0.4984336835392222, 0.575620412803183)"
3,3.2988953973210426,0.3298895397321043,Park -> Food & Drink Shop -> Bar,"[(-74.00898152589798, 40.7540041755368), (-74.00898152589798, 40.7540041755368), (-73.94991821050644, 40.7540041755368)]","(3.2988953973210426, 4.984336835392222)","(0.3298895397321043, 0.4984336835392222)"
3,3.2988953973210426,0.3298895397321043,Park -> Food & Drink Shop -> Bar,"[(-74.00898152589798, 40.7540041755368), (-74.00898152589798, 40.7540041755368), (-73.94991821050644, 40.79648450013265)]","(3.2988953973210426, 4.781439300814342)","(0.3298895397321043, 0.4781439300814342)"
2,3.2988953973210426,0.3298895397321043,Park -> Food & Drink Shop,"[(-74.00898152589798, 40.7540041755368), (-74.00898152589798, 40.7540041755368)]","(3.2988953973210426,)","(0.3298895397321043,)"
4,3.281026394902942,0.3281026394902942,Bar -> Food & Drink Shop -> Park -> Bar,"[(-74.00898152589798, 40.71152385094095), (-74.00898152589798, 40.7540041755368), (-74.00898152589798, 40.7540041755368), (-73.94991821050644, 40.79648450013265)]","(3.281026394902942, 4.163134209566666, 6.841678487169112)","(0.3281026394902942, 0.41631342095666657, 0.6841678487169112)"
4,3.281026394902942,0.3281026394902942,Bar -> Food & Drink Shop -> Bar -> Medical Center,"[(-74.00898152589798, 40.71152385094095), (-74.00898152589798, 40.7540041755368), (-73.94991821050644, 40.7540041755368), (-73.94991821050644, 40.6690435263451)]","(3.281026394902942, 4.984336835392222, 5.75620412803183)","(0.3281026394902942, 0.4984336835392222, 0.575620412803183)"
3,3.281026394902942,0.3281026394902942,Bar -> Food & Drink Shop -> Park,"[(-74.00898152589798, 40.71152385094095), (-74.00898152589798, 40.7540041755368), (-74.00898152589798, 40.7540041755368)]","(3.281026394902942, 4.163134209566666)","(0.3281026394902942, 0.41631342095666657)"
3,3.281026394902942,0.3281026394902942,Bar -> Food & Drink Shop -> Bar,"[(-74.00898152589798, 40.71152385094095), (-74.00898152589798, 40.7540041755368), (-73.94991821050644, 40.7540041755368)]","(3.281026394902942, 4.984336835392222)","(0.3281026394902942, 0.4984336835392222)"
3,3.281026394902942,0.3281026394902942,Bar -> Food & Drink Shop -> Bar,"[(-74.00898152589798, 40.71152385094095), (-74.00898152589798, 40.7540041755368), (-73.94991821050644, 40.79648450013265)]","(3.281026394902942, 4.781439300814342)","(0.3281026394902942, 0.4781439300814342)"
2,3.281026394902942,0.3281026394902942,Bar -> Food & Drink Shop,"[(-74.00898152589798, 40.71152385094095), (-74.00898152589798, 40.7540041755368)]","(3.281026394902942,)","(0.3281026394902942,)"
4,3.239406680858276,0.3239406680858276,Other Great Outdoors -> Food & Drink Shop -> Park -> Bar,"[(-74.00898152589798, 40.7540041755368), (-74.00898152589798, 40.7540041755368), (-74.00898152589798, 40.7540041755368), (-73.94991821050644, 40.79648450013265)]","(3.239406680858276, 4.163134209566666, 6.841678487169112)","(0.3239406680858276, 0.41631342095666657, 0.6841678487169112)"
4,3.239406680858276,0.3239406680858276,Other Great Outdoors -> Food & Drink Shop -> Bar -> Medical Center,"[(-74.00898152589798, 40.7540041755368), (-74.00898152589798, 40.7540041755368), (-73.94991821050644, 40.7540041755368), (-73.94991821050644, 40.6690435263451)]","(3.239406680858276, 4.984336835392222, 5.75620412803183)","(0.3239406680858276, 0.4984336835392222, 0.575620412803183)"
3,3.239406680858276,0.3239406680858276,Other Great Outdoors -> Food & Drink Shop -> Park,"[(-74.00898152589798, 40.7540041755368), (-74.00898152589798, 40.7540041755368), (-74.00898152589798, 40.7540041755368)]","(3.239406680858276, 4.163134209566666)","(0.3239406680858276, 0.41631342095666657)"
3,3.239406680858276,0.3239406680858276,Other Great Outdoors -> Food & Drink Shop -> Bar,"[(-74.00898152589798, 40.7540041755368), (-74.00898152589798, 40.7540041755368), (-73.94991821050644, 40.7540041755368)]","(3.239406680858276, 4.984336835392222)","(0.3239406680858276, 0.4984336835392222)"
3,3.239406680858276,0.3239406680858276,Other Great Outdoors -> Food & Drink Shop -> Bar,"[(-74.00898152589798, 40.7540041755368), (-74.00898152589798, 40.7540041755368), (-73.94991821050644, 40.79648450013265)]","(3.239406680858276, 4.781439300814342)","(0.3239406680858276, 0.4781439300814342)"
2,3.239406680858276,0.3239406680858276,Other Great Outdoors -> Food & Drink Shop,"[(-74.00898152589798, 40.7540041755368), (-74.00898152589798, 40.7540041755368)]","(3.239406680858276,)","(0.3239406680858276,)"
4,3.2182975746894096,0.32182975746894094,Train Station -> Food & Drink Shop -> Park -> Bar,"[(-74.00898152589798, 40.7540041755368), (-74.00898152589798, 40.7540041755368), (-74.00898152589798, 40.7540041755368), (-73.94991821050644, 40.79648450013265)]","(3.2182975746894096, 4.163134209566666, 6.841678487169112)","(0.32182975746894094, 0.41631342095666657, 0.6841678487169112)"
4,3.2182975746894096,0.32182975746894094,Train Station -> Food & Drink Shop -> Bar -> Medical Center,"[(-74.00898152589798, 40.7540041755368), (-74.00898152589798, 40.7540041755368), (-73.94991821050644, 40.7540041755368), (-73.94991821050644, 40.6690435263451)]","(3.2182975746894096, 4.984336835392222, 5.75620412803183)","(0.32182975746894094, 0.4984336835392222, 0.575620412803183)"
3,3.2182975746894096,0.32182975746894094,Train Station -> Food & Drink Shop -> Park,"[(-74.00898152589798, 40.7540041755368), (-74.00898152589798, 40.7540041755368), (-74.00898152589798, 40.7540041755368)]","(3.2182975746894096, 4.163134209566666)","(0.32182975746894094, 0.41631342095666657)"
3,3.2182975746894096,0.32182975746894094,Train Station -> Food & Drink Shop -> Bar,"[(-74.00898152589798, 40.7540041755368), (-74.00898152589798, 40.7540041755368), (-73.94991821050644, 40.7540041755368)]","(3.2182975746894096, 4.984336835392222)","(0.32182975746894094, 0.4984336835392222)"
3,3.2182975746894096,0.32182975746894094,Train Station -> Food & Drink Shop -> Bar,"[(-74.00898152589798, 40.7540041755368), (-74.00898152589798, 40.7540041755368), (-73.94991821050644, 40.79648450013265)]","(3.2182975746894096, 4.781439300814342)","(0.32182975746894094, 0.4781439300814342)"
2,3.2182975746894096,0.32182975746894094,Train Station -> Food & Drink Shop,"[(-74.00898152589798, 40.7540041755368), (-74.00898152589798, 40.7540041755368)]","(3.2182975746894096,)","(0.32182975746894094,)"
4,3.213136050938619,0.3213136050938619,Gym / Fitness Center -> Food & Drink Shop -> Park -> Bar,"[(-73.94991821050644, 40.79648450013265), (-74.00898152589798, 40.7540041755368), (-74.00898152589798, 40.7540041755368), (-73.94991821050644, 40.79648450013265)]","(3.213136050938619, 4.163134209566666, 6.841678487169112)","(0.3213136050938619, 0.41631342095666657, 0.6841678487169112)"
4,3.213136050938619,0.3213136050938619,Gym / Fitness Center -> Food & Drink Shop -> Bar -> Medical Center,"[(-73.94991821050644, 40.79648450013265), (-74.00898152589798, 40.7540041755368), (-73.94991821050644, 40.7540041755368), (-73.94991821050644, 40.6690435263451)]","(3.213136050938619, 4.984336835392222, 5.75620412803183)","(0.3213136050938619, 0.4984336835392222, 0.575620412803183)"
3,3.213136050938619,0.3213136050938619,Gym / Fitness Center -> Food & Drink Shop -> Park,"[(-73.94991821050644, 40.79648450013265), (-74.00898152589798, 40.7540041755368), (-74.00898152589798, 40.7540041755368)]","(3.213136050938619, 4.163134209566666)","(0.3213136050938619, 0.41631342095666657)"
3,3.213136050938619,0.3213136050938619,Gym / Fitness Center -> Food & Drink Shop -> Bar,"[(-73.94991821050644, 40.79648450013265), (-74.00898152589798, 40.7540041755368), (-73.94991821050644, 40.7540041755368)]","(3.213136050938619, 4.984336835392222)","(0.3213136050938619, 0.4984336835392222)"
3,3.213136050938619,0.3213136050938619,Gym / Fitness Center -> Food & Drink Shop -> Bar,"[(-73.94991821050644, 40.79648450013265), (-74.00898152589798, 40.7540041755368), (-73.94991821050644, 40.79648450013265)]","(3.213136050938619, 4.781439300814342)","(0.3213136050938619, 0.4781439300814342)"
2,3.213136050938619,0.3213136050938619,Gym / Fitness Center -> Food & Drink Shop,"[(-73.94991821050644, 40.79648450013265), (-74.00898152589798, 40.7540041755368)]","(3.213136050938619,)","(0.3213136050938619,)"
5,3.1808061449904215,0.3180806144990421,Subway -> Park -> Food & Drink Shop -> Bar -> Medical Center,"[(-74.00898152589798, 40.71152385094095), (-74.00898152589798, 40.7540041755368), (-74.00898152589798, 40.7540041755368), (-73.94991821050644, 40.7540041755368), (-73.94991821050644, 40.6690435263451)]","(3.1808061449904215, 3.2988953973210426, 4.984336835392222, 5.75620412803183)","(0.3180806144990421, 0.3298895397321043, 0.4984336835392222, 0.575620412803183)"
4,3.1808061449904215,0.3180806144990421,Subway -> Park -> Food & Drink Shop -> Bar,"[(-74.00898152589798, 40.71152385094095), (-74.00898152589798, 40.7540041755368), (-74.00898152589798, 40.7540041755368), (-73.94991821050644, 40.7540041755368)]","(3.1808061449904215, 3.2988953973210426, 4.984336835392222)","(0.3180806144990421, 0.3298895397321043, 0.4984336835392222)"
4,3.1808061449904215,0.3180806144990421,Subway -> Park -> Food & Drink Shop -> Bar,"[(-74.00898152589798, 40.71152385094095), (-74.00898152589798, 40.7540041755368), (-74.00898152589798, 40.7540041755368), (-73.94991821050644, 40.79648450013265)]","(3.1808061449904215, 3.2988953973210426, 4.781439300814342)","(0.3180806144990421, 0.3298895397321043, 0.4781439300814342)"
3,3.1808061449904215,0.3180806144990421,Subway -> Park -> Food & Drink Shop,"[(-74.00898152589798, 40.71152385094095), (-74.00898152589798, 40.7540041755368), (-74.00898152589798, 40.7540041755368)]","(3.1808061449904215, 3.2988953973210426)","(0.3180806144990421, 0.3298895397321043)"
3,3.1808061449904215,0.3180806144990421,Subway -> Park -> Bar,"[(-74.00898152589798, 40.71152385094095), (-74.00898152589798, 40.7540041755368), (-73.94991821050644, 40.79648450013265)]","(3.1808061449904215, 6.841678487169112)","(0.3180806144990421, 0.6841678487169112)"
2,3.1808061449904215,0.3180806144990421,Subway -> Park,"[(-74.00898152589798, 40.71152385094095), (-74.00898152589798, 40.7540041755368)]","(3.1808061449904215,)","(0.3180806144990421,)"
4,3.175420863633192,0.3175420863633192,Deli / Bodega -> Food & Drink Shop -> Park -> Bar,"[(-74.00898152589798, 40.8389648247285), (-74.00898152589798, 40.7540041755368), (-74.00898152589798, 40.7540041755368), (-73.94991821050644, 40.79648450013265)]","(3.175420863633192, 4.163134209566666, 6.841678487169112)","(0.3175420863633192, 0.41631342095666657, 0.6841678487169112)"
4,3.175420863633192,0.3175420863633192,Deli / Bodega -> Food & Drink Shop -> Bar -> Medical Center,"[(-74.00898152589798, 40.8389648247285), (-74.00898152589798, 40.7540041755368), (-73.94991821050644, 40.7540041755368), (-73.94991821050644, 40.6690435263451)]","(3.175420863633192, 4.984336835392222, 5.75620412803183)","(0.3175420863633192, 0.4984336835392222, 0.575620412803183)"
3,3.175420863633192,0.3175420863633192,Deli / Bodega -> Food & Drink Shop -> Park,"[(-74.00898152589798, 40.8389648247285), (-74.00898152589798, 40.7540041755368), (-74.00898152589798, 40.7540041755368)]","(3.175420863633192, 4.163134209566666)","(0.3175420863633192, 0.41631342095666657)"
3,3.175420863633192,0.3175420863633192,Deli / Bodega -> Food & Drink Shop -> Bar,"[(-74.00898152589798, 40.8389648247285), (-74.00898152589798, 40.7540041755368), (-73.94991821050644, 40.7540041755368)]","(3.175420863633192, 4.984336835392222)","(0.3175420863633192, 0.4984336835392222)"
3,3.175420863633192,0.3175420863633192,Deli / Bodega -> Food & Drink Shop -> Bar,"[(-74.00898152589798, 40.8389648247285), (-74.00898152589798, 40.7540041755368), (-73.94991821050644, 40.79648450013265)]","(3.175420863633192, 4.781439300814342)","(0.3175420863633192, 0.4781439300814342)"
2,3.175420863633192,0.3175420863633192,Deli / Bodega -> Food & Drink Shop,"[(-74.00898152589798, 40.8389648247285), (-74.00898152589798, 40.7540041755368)]","(3.175420863633192,)","(0.3175420863633192,)"
4,3.172011508719219,0.3172011508719219,American Restaurant -> Food & Drink Shop -> Park -> Bar,"[(-74.00898152589798, 40.6690435263451), (-74.00898152589798, 40.7540041755368), (-74.00898152589798, 40.7540041755368), (-73.94991821050644, 40.79648450013265)]","(3.172011508719219, 4.163134209566666, 6.841678487169112)","(0.3172011508719219, 0.41631342095666657, 0.6841678487169112)"
4,3.172011508719219,0.3172011508719219,American Restaurant -> Food & Drink Shop -> Bar -> Medical Center,"[(-74.00898152589798, 40.6690435263451), (-74.00898152589798, 40.7540041755368), (-73.94991821050644, 40.7540041755368), (-73.94991821050644, 40.6690435263451)]","(3.172011508719219, 4.984336835392222, 5.75620412803183)","(0.3172011508719219, 0.4984336835392222, 0.575620412803183)"
3,3.172011508719219,0.3172011508719219,American Restaurant -> Food & Drink Shop -> Park,"[(-74.00898152589798, 40.6690435263451), (-74.00898152589798, 40.7540041755368), (-74.00898152589798, 40.7540041755368)]","(3.172011508719219, 4.163134209566666)","(0.3172011508719219, 0.41631342095666657)"
3,3.172011508719219,0.3172011508719219,American Restaurant -> Food & Drink Shop -> Bar,"[(-74.00898152589798, 40.6690435263451), (-74.00898152589798, 40.7540041755368), (-73.94991821050644, 40.7540041755368)]","(3.172011508719219, 4.984336835392222)","(0.3172011508719219, 0.4984336835392222)"
3,3.172011508719219,0.3172011508719219,American Restaurant -> Food & Drink Shop -> Bar,"[(-74.00898152589798, 40.6690435263451), (-74.00898152589798, 40.7540041755368), (-73.94991821050644, 40.79648450013265)]","(3.172011508719219, 4.781439300814342)","(0.3172011508719219, 0.4781439300814342)"
2,3.172011508719219,0.3172011508719219,American Restaurant -> Food & Drink Shop,"[(-74.00898152589798, 40.6690435263451), (-74.00898152589798, 40.7540041755368)]","(3.172011508719219,)","(0.3172011508719219,)"
4,3.16733363566192,0.316733363566192,Coffee Shop -> Food & Drink Shop -> Park -> Bar,"[(-74.00898152589798, 40.71152385094095), (-74.00898152589798, 40.7540041755368), (-74.00898152589798, 40.7540041755368), (-73.94991821050644, 40.79648450013265)]","(3.16733363566192, 4.163134209566666, 6.841678487169112)","(0.316733363566192, 0.41631342095666657, 0.6841678487169112)"
4,3.16733363566192,0.316733363566192,Coffee Shop -> Food & Drink Shop -> Bar -> Medical Center,"[(-74.00898152589798, 40.71152385094095), (-74.00898152589798, 40.7540041755368), (-73.94991821050644, 40.7540041755368), (-73.94991821050644, 40.6690435263451)]","(3.16733363566192, 4.984336835392222, 5.75620412803183)","(0.316733363566192, 0.4984336835392222, 0.575620412803183)"
3,3.16733363566192,0.316733363566192,Coffee Shop -> Food & Drink Shop -> Park,"[(-74.00898152589798, 40.71152385094095), (-74.00898152589798, 40.7540041755368), (-74.00898152589798, 40.7540041755368)]","(3.16733363566192, 4.163134209566666)","(0.316733363566192, 0.41631342095666657)"
3,3.16733363566192,0.316733363566192,Coffee Shop -> Food & Drink Shop -> Bar,"[(-74.00898152589798, 40.71152385094095), (-74.00898152589798, 40.7540041755368), (-73.94991821050644, 40.7540041755368)]","(3.16733363566192, 4.984336835392222)","(0.316733363566192, 0.4984336835392222)"
3,3.16733363566192,0.316733363566192,Coffee Shop -> Food & Drink Shop -> Bar,"[(-74.00898152589798, 40.71152385094095), (-74.00898152589798, 40.7540041755368), (-73.94991821050644, 40.79648450013265)]","(3.16733363566192, 4.781439300814342)","(0.316733363566192, 0.4781439300814342)"
2,3.16733363566192,0.316733363566192,Coffee Shop -> Food & Drink Shop,"[(-74.00898152589798, 40.71152385094095), (-74.00898152589798, 40.7540041755368)]","(3.16733363566192,)","(0.316733363566192,)"
4,3.1592929857196976,0.3159292985719698,Clothing Store -> Food & Drink Shop -> Park -> Bar,"[(-74.00898152589798, 40.71152385094095), (-74.00898152589798, 40.7540041755368), (-74.00898152589798, 40.7540041755368), (-73.94991821050644, 40.79648450013265)]","(3.1592929857196976, 4.163134209566666, 6.841678487169112)","(0.3159292985719698, 0.41631342095666657, 0.6841678487169112)"
4,3.1592929857196976,0.3159292985719698,Clothing Store -> Food & Drink Shop -> Bar -> Medical Center,"[(-74.00898152589798, 40.71152385094095), (-74.00898152589798, 40.7540041755368), (-73.94991821050644, 40.7540041755368), (-73.94991821050644, 40.6690435263451)]","(3.1592929857196976, 4.984336835392222, 5.75620412803183)","(0.3159292985719698, 0.4984336835392222, 0.575620412803183)"
3,3.1592929857196976,0.3159292985719698,Clothing Store -> Food & Drink Shop -> Park,"[(-74.00898152589798, 40.71152385094095), (-74.00898152589798, 40.7540041755368), (-74.00898152589798, 40.7540041755368)]","(3.1592929857196976, 4.163134209566666)","(0.3159292985719698, 0.41631342095666657)"
3,3.1592929857196976,0.3159292985719698,Clothing Store -> Food & Drink Shop -> Bar,"[(-74.00898152589798, 40.71152385094095), (-74.00898152589798, 40.7540041755368), (-73.94991821050644, 40.7540041755368)]","(3.1592929857196976, 4.984336835392222)","(0.3159292985719698, 0.4984336835392222)"
3,3.1592929857196976,0.3159292985719698,Clothing Store -> Food & Drink Shop -> Bar,"[(-74.00898152589798, 40.71152385094095), (-74.00898152589798, 40.7540041755368), (-73.94991821050644, 40.79648450013265)]","(3.1592929857196976, 4.781439300814342)","(0.3159292985719698, 0.4781439300814342)"
2,3.1592929857196976,0.3159292985719698,Clothing Store -> Food & Drink Shop,"[(-74.00898152589798, 40.71152385094095), (-74.00898152589798, 40.7540041755368)]","(3.1592929857196976,)","(0.3159292985719698,)"
4,3.1476492659646405,0.31476492659646405,Park -> Home (private) -> Bar -> Medical Center,"[(-74.00898152589798, 40.7540041755368), (-73.94991821050644, 40.79648450013265), (-73.94991821050644, 40.7540041755368), (-73.94991821050644, 40.6690435263451)]","(3.1476492659646405, 4.876368847878799, 5.75620412803183)","(0.31476492659646405, 0.4876368847878799, 0.575620412803183)"
3,3.1476492659646405,0.31476492659646405,Park -> Home (private) -> Bar,"[(-74.00898152589798, 40.7540041755368), (-73.94991821050644, 40.79648450013265), (-73.94991821050644, 40.7540041755368)]","(3.1476492659646405, 4.876368847878799)","(0.31476492659646405, 0.4876368847878799)"
3,3.1476492659646405,0.31476492659646405,Park -> Home (private) -> Bar,"[(-74.00898152589798, 40.7540041755368), (-73.94991821050644, 40.79648450013265), (-73.94991821050644, 40.79648450013265)]","(3.1476492659646405, 4.646279796592543)","(0.31476492659646405, 0.4646279796592543)"
2,3.1476492659646405,0.31476492659646405,Park -> Home (private),"[(-74.00898152589798, 40.7540041755368), (-73.94991821050644, 40.79648450013265)]","(3.1476492659646405,)","(0.31476492659646405,)"
4,3.1176038939834543,0.31176038939834544,Bar -> Food & Drink Shop -> Park -> Bar,"[(-73.8908548951149, 40.7540041755368), (-74.00898152589798, 40.7540041755368), (-74.00898152589798, 40.7540041755368), (-73.94991821050644, 40.79648450013265)]","(3.1176038939834543, 4.163134209566666, 6.841678487169112)","(0.31176038939834544, 0.41631342095666657, 0.6841678487169112)"
4,3.1176038939834543,0.31176038939834544,Bar -> Food & Drink Shop -> Bar -> Medical Center,"[(-73.8908548951149, 40.7540041755368), (-74.00898152589798, 40.7540041755368), (-73.94991821050644, 40.7540041755368), (-73.94991821050644, 40.6690435263451)]","(3.1176038939834543, 4.984336835392222, 5.75620412803183)","(0.31176038939834544, 0.4984336835392222, 0.575620412803183)"
3,3.1176038939834543,0.31176038939834544,Bar -> Food & Drink Shop -> Park,"[(-73.8908548951149, 40.7540041755368), (-74.00898152589798, 40.7540041755368), (-74.00898152589798, 40.7540041755368)]","(3.1176038939834543, 4.163134209566666)","(0.31176038939834544, 0.41631342095666657)"
3,3.1176038939834543,0.31176038939834544,Bar -> Food & Drink Shop -> Bar,"[(-73.8908548951149, 40.7540041755368), (-74.00898152589798, 40.7540041755368), (-73.94991821050644, 40.7540041755368)]","(3.1176038939834543, 4.984336835392222)","(0.31176038939834544, 0.4984336835392222)"
3,3.1176038939834543,0.31176038939834544,Bar -> Food & Drink Shop -> Bar,"[(-73.8908548951149, 40.7540041755368), (-74.00898152589798, 40.7540041755368), (-73.94991821050644, 40.79648450013265)]","(3.1176038939834543, 4.781439300814342)","(0.31176038939834544, 0.4781439300814342)"
2,3.1176038939834543,0.31176038939834544,Bar -> Food & Drink Shop,"[(-73.8908548951149, 40.7540041755368), (-74.00898152589798, 40.7540041755368)]","(3.1176038939834543,)","(0.31176038939834544,)"
4,3.1028445072962754,0.3102844507296275,Deli / Bodega -> Home (private) -> Park -> Bar,"[(-74.00898152589798, 40.8389648247285), (-73.94991821050644, 40.79648450013265), (-74.00898152589798, 40.7540041755368), (-73.94991821050644, 40.79648450013265)]","(3.1028445072962754, 4.1771897646127645, 6.841678487169112)","(0.3102844507296275, 0.4177189764612764, 0.6841678487169112)"
4,3.1028445072962754,0.3102844507296275,Deli / Bodega -> Home (private) -> Bar -> Medical Center,"[(-74.00898152589798, 40.8389648247285), (-73.94991821050644, 40.79648450013265), (-73.94991821050644, 40.7540041755368), (-73.94991821050644, 40.6690435263451)]","(3.1028445072962754, 4.876368847878799, 5.75620412803183)","(0.3102844507296275, 0.4876368847878799, 0.575620412803183)"
3,3.1028445072962754,0.3102844507296275,Deli / Bodega -> Home (private) -> Park,"[(-74.00898152589798, 40.8389648247285), (-73.94991821050644, 40.79648450013265), (-74.00898152589798, 40.7540041755368)]","(3.1028445072962754, 4.1771897646127645)","(0.3102844507296275, 0.4177189764612764)"
3,3.1028445072962754,0.3102844507296275,Deli / Bodega -> Home (private) -> Bar,"[(-74.00898152589798, 40.8389648247285), (-73.94991821050644, 40.79648450013265), (-73.94991821050644, 40.7540041755368)]","(3.1028445072962754, 4.876368847878799)","(0.3102844507296275, 0.4876368847878799)"
3,3.1028445072962754,0.3102844507296275,Deli / Bodega -> Home (private) -> Bar,"[(-74.00898152589798, 40.8389648247285), (-73.94991821050644, 40.79648450013265), (-73.94991821050644, 40.79648450013265)]","(3.1028445072962754, 4.646279796592543)","(0.3102844507296275, 0.4646279796592543)"
2,3.1028445072962754,0.3102844507296275,Deli / Bodega -> Home (private),"[(-74.00898152589798, 40.8389648247285), (-73.94991821050644, 40.79648450013265)]","(3.1028445072962754,)","(0.3102844507296275,)"
4,3.0969341119776184,0.30969341119776184,Bar -> Food & Drink Shop -> Park -> Bar,"[(-73.94991821050644, 40.71152385094095), (-74.00898152589798, 40.7540041755368), (-74.00898152589798, 40.7540041755368), (-73.94991821050644, 40.79648450013265)]","(3.0969341119776184, 4.163134209566666, 6.841678487169112)","(0.30969341119776184, 0.41631342095666657, 0.6841678487169112)"
4,3.0969341119776184,0.30969341119776184,Bar -> Food & Drink Shop -> Bar -> Medical Center,"[(-73.94991821050644, 40.71152385094095), (-74.00898152589798, 40.7540041755368), (-73.94991821050644, 40.7540041755368), (-73.94991821050644, 40.6690435263451)]","(3.0969341119776184, 4.984336835392222, 5.75620412803183)","(0.30969341119776184, 0.4984336835392222, 0.575620412803183)"
3,3.0969341119776184,0.30969341119776184,Bar -> Food & Drink Shop -> Park,"[(-73.94991821050644, 40.71152385094095), (-74.00898152589798, 40.7540041755368), (-74.00898152589798, 40.7540041755368)]","(3.0969341119776184, 4.163134209566666)","(0.30969341119776184, 0.41631342095666657)"
3,3.0969341119776184,0.30969341119776184,Bar -> Food & Drink Shop -> Bar,"[(-73.94991821050644, 40.71152385094095), (-74.00898152589798, 40.7540041755368), (-73.94991821050644, 40.7540041755368)]","(3.0969341119776184, 4.984336835392222)","(0.30969341119776184, 0.4984336835392222)"
3,3.0969341119776184,0.30969341119776184,Bar -> Food & Drink Shop -> Bar,"[(-73.94991821050644, 40.71152385094095), (-74.00898152589798, 40.7540041755368), (-73.94991821050644, 40.79648450013265)]","(3.0969341119776184, 4.781439300814342)","(0.30969341119776184, 0.4781439300814342)"
2,3.0969341119776184,0.30969341119776184,Bar -> Food & Drink Shop,"[(-73.94991821050644, 40.71152385094095), (-74.00898152589798, 40.7540041755368)]","(3.0969341119776184,)","(0.30969341119776184,)"
4,3.076017131619407,0.30760171316194074,Other Great Outdoors -> Home (private) -> Park -> Bar,"[(-74.00898152589798, 40.7540041755368), (-73.94991821050644, 40.79648450013265), (-74.00898152589798, 40.7540041755368), (-73.94991821050644, 40.79648450013265)]","(3.076017131619407, 4.1771897646127645, 6.841678487169112)","(0.30760171316194074, 0.4177189764612764, 0.6841678487169112)"
4,3.076017131619407,0.30760171316194074,Other Great Outdoors -> Home (private) -> Bar -> Medical Center,"[(-74.00898152589798, 40.7540041755368), (-73.94991821050644, 40.79648450013265), (-73.94991821050644, 40.7540041755368), (-73.94991821050644, 40.6690435263451)]","(3.076017131619407, 4.876368847878799, 5.75620412803183)","(0.30760171316194074, 0.4876368847878799, 0.575620412803183)"
3,3.076017131619407,0.30760171316194074,Other Great Outdoors -> Home (private) -> Park,"[(-74.00898152589798, 40.7540041755368), (-73.94991821050644, 40.79648450013265), (-74.00898152589798, 40.7540041755368)]","(3.076017131619407, 4.1771897646127645)","(0.30760171316194074, 0.4177189764612764)"
3,3.076017131619407,0.30760171316194074,Other Great Outdoors -> Home (private) -> Bar,"[(-74.00898152589798, 40.7540041755368), (-73.94991821050644, 40.79648450013265), (-73.94991821050644, 40.7540041755368)]","(3.076017131619407, 4.876368847878799)","(0.30760171316194074, 0.4876368847878799)"
3,3.076017131619407,0.30760171316194074,Other Great Outdoors -> Home (private) -> Bar,"[(-74.00898152589798, 40.7540041755368), (-73.94991821050644, 40.79648450013265), (-73.94991821050644, 40.79648450013265)]","(3.076017131619407, 4.646279796592543)","(0.30760171316194074, 0.4646279796592543)"
2,3.076017131619407,0.30760171316194074,Other Great Outdoors -> Home (private),"[(-74.00898152589798, 40.7540041755368), (-73.94991821050644, 40.79648450013265)]","(3.076017131619407,)","(0.30760171316194074,)"
4,3.0738151884114315,0.3073815188411432,Food & Drink Shop -> Home (private) -> Park -> Bar,"[(-74.00898152589798, 40.8389648247285), (-73.94991821050644, 40.79648450013265), (-74.00898152589798, 40.7540041755368), (-73.94991821050644, 40.79648450013265)]","(3.0738151884114315, 4.1771897646127645, 6.841678487169112)","(0.3073815188411432, 0.4177189764612764, 0.6841678487169112)"
4,3.0738151884114315,0.3073815188411432,Food & Drink Shop -> Home (private) -> Bar -> Medical Center,"[(-74.00898152589798, 40.8389648247285), (-73.94991821050644, 40.79648450013265), (-73.94991821050644, 40.7540041755368), (-73.94991821050644, 40.6690435263451)]","(3.0738151884114315, 4.876368847878799, 5.75620412803183)","(0.3073815188411432, 0.4876368847878799, 0.575620412803183)"
3,3.0738151884114315,0.3073815188411432,Food & Drink Shop -> Home (private) -> Park,"[(-74.00898152589798, 40.8389648247285), (-73.94991821050644, 40.79648450013265), (-74.00898152589798, 40.7540041755368)]","(3.0738151884114315, 4.1771897646127645)","(0.3073815188411432, 0.4177189764612764)"
3,3.0738151884114315,0.3073815188411432,Food & Drink Shop -> Home (private) -> Bar,"[(-74.00898152589798, 40.8389648247285), (-73.94991821050644, 40.79648450013265), (-73.94991821050644, 40.7540041755368)]","(3.0738151884114315, 4.876368847878799)","(0.3073815188411432, 0.4876368847878799)"
3,3.0738151884114315,0.3073815188411432,Food & Drink Shop -> Home (private) -> Bar,"[(-74.00898152589798, 40.8389648247285), (-73.94991821050644, 40.79648450013265), (-73.94991821050644, 40.79648450013265)]","(3.0738151884114315, 4.646279796592543)","(0.3073815188411432, 0.4646279796592543)"
2,3.0738151884114315,0.3073815188411432,Food & Drink Shop -> Home (private),"[(-74.00898152589798, 40.8389648247285), (-73.94991821050644, 40.79648450013265)]","(3.0738151884114315,)","(0.3073815188411432,)"
4,3.0681301938800045,0.30681301938800043,Food & Drink Shop -> Home (private) -> Park -> Bar,"[(-73.8908548951149, 40.8389648247285), (-73.94991821050644, 40.79648450013265), (-74.00898152589798, 40.7540041755368), (-73.94991821050644, 40.79648450013265)]","(3.0681301938800045, 4.1771897646127645, 6.841678487169112)","(0.30681301938800043, 0.4177189764612764, 0.6841678487169112)"
4,3.0681301938800045,0.30681301938800043,Food & Drink Shop -> Home (private) -> Bar -> Medical Center,"[(-73.8908548951149, 40.8389648247285), (-73.94991821050644, 40.79648450013265), (-73.94991821050644, 40.7540041755368), (-73.94991821050644, 40.6690435263451)]","(3.0681301938800045, 4.876368847878799, 5.75620412803183)","(0.30681301938800043, 0.4876368847878799, 0.575620412803183)"
3,3.0681301938800045,0.30681301938800043,Food & Drink Shop -> Home (private) -> Park,"[(-73.8908548951149, 40.8389648247285), (-73.94991821050644, 40.79648450013265), (-74.00898152589798, 40.7540041755368)]","(3.0681301938800045, 4.1771897646127645)","(0.30681301938800043, 0.4177189764612764)"
3,3.0681301938800045,0.30681301938800043,Food & Drink Shop -> Home (private) -> Bar,"[(-73.8908548951149, 40.8389648247285), (-73.94991821050644, 40.79648450013265), (-73.94991821050644, 40.7540041755368)]","(3.0681301938800045, 4.876368847878799)","(0.30681301938800043, 0.4876368847878799)"
3,3.0681301938800045,0.30681301938800043,Food & Drink Shop -> Home (private) -> Bar,"[(-73.8908548951149, 40.8389648247285), (-73.94991821050644, 40.79648450013265), (-73.94991821050644, 40.79648450013265)]","(3.0681301938800045, 4.646279796592543)","(0.30681301938800043, 0.4646279796592543)"
2,3.0681301938800045,0.30681301938800043,Food & Drink Shop -> Home (private),"[(-73.8908548951149, 40.8389648247285), (-73.94991821050644, 40.79648450013265)]","(3.0681301938800045,)","(0.30681301938800043,)"
4,3.0627474672521315,0.30627474672521315,American Restaurant -> Food & Drink Shop -> Park -> Bar,"[(-74.00898152589798, 40.7540041755368), (-74.00898152589798, 40.7540041755368), (-74.00898152589798, 40.7540041755368), (-73.94991821050644, 40.79648450013265)]","(3.0627474672521315, 4.163134209566666, 6.841678487169112)","(0.30627474672521315, 0.41631342095666657, 0.6841678487169112)"
4,3.0627474672521315,0.30627474672521315,American Restaurant -> Food & Drink Shop -> Bar -> Medical Center,"[(-74.00898152589798, 40.7540041755368), (-74.00898152589798, 40.7540041755368), (-73.94991821050644, 40.7540041755368), (-73.94991821050644, 40.6690435263451)]","(3.0627474672521315, 4.984336835392222, 5.75620412803183)","(0.30627474672521315, 0.4984336835392222, 0.575620412803183)"
3,3.0627474672521315,0.30627474672521315,American Restaurant -> Food & Drink Shop -> Park,"[(-74.00898152589798, 40.7540041755368), (-74.00898152589798, 40.7540041755368), (-74.00898152589798, 40.7540041755368)]","(3.0627474672521315, 4.163134209566666)","(0.30627474672521315, 0.41631342095666657)"
3,3.0627474672521315,0.30627474672521315,American Restaurant -> Food & Drink Shop -> Bar,"[(-74.00898152589798, 40.7540041755368), (-74.00898152589798, 40.7540041755368), (-73.94991821050644, 40.7540041755368)]","(3.0627474672521315, 4.984336835392222)","(0.30627474672521315, 0.4984336835392222)"
3,3.0627474672521315,0.30627474672521315,American Restaurant -> Food & Drink Shop -> Bar,"[(-74.00898152589798, 40.7540041755368), (-74.00898152589798, 40.7540041755368), (-73.94991821050644, 40.79648450013265)]","(3.0627474672521315, 4.781439300814342)","(0.30627474672521315, 0.4781439300814342)"
2,3.0627474672521315,0.30627474672521315,American Restaurant -> Food & Drink Shop,"[(-74.00898152589798, 40.7540041755368), (-74.00898152589798, 40.7540041755368)]","(3.0627474672521315,)","(0.30627474672521315,)"
4,3.058842437295898,0.3058842437295898,Bar -> Home (private) -> Park -> Bar,"[(-73.8908548951149, 40.7540041755368), (-73.94991821050644, 40.79648450013265), (-74.00898152589798, 40.7540041755368), (-73.94991821050644, 40.79648450013265)]","(3.058842437295898, 4.1771897646127645, 6.841678487169112)","(0.3058842437295898, 0.4177189764612764, 0.6841678487169112)"
4,3.058842437295898,0.3058842437295898,Bar -> Home (private) -> Bar -> Medical Center,"[(-73.8908548951149, 40.7540041755368), (-73.94991821050644, 40.79648450013265), (-73.94991821050644, 40.7540041755368), (-73.94991821050644, 40.6690435263451)]","(3.058842437295898, 4.876368847878799, 5.75620412803183)","(0.3058842437295898, 0.4876368847878799, 0.575620412803183)"
3,3.058842437295898,0.3058842437295898,Bar -> Home (private) -> Park,"[(-73.8908548951149, 40.7540041755368), (-73.94991821050644, 40.79648450013265), (-74.00898152589798, 40.7540041755368)]","(3.058842437295898, 4.1771897646127645)","(0.3058842437295898, 0.4177189764612764)"
3,3.058842437295898,0.3058842437295898,Bar -> Home (private) -> Bar,"[(-73.8908548951149, 40.7540041755368), (-73.94991821050644, 40.79648450013265), (-73.94991821050644, 40.7540041755368)]","(3.058842437295898, 4.876368847878799)","(0.3058842437295898, 0.4876368847878799)"
3,3.058842437295898,0.3058842437295898,Bar -> Home (private) -> Bar,"[(-73.8908548951149, 40.7540041755368), (-73.94991821050644, 40.79648450013265), (-73.94991821050644, 40.79648450013265)]","(3.058842437295898, 4.646279796592543)","(0.3058842437295898, 0.4646279796592543)"
2,3.058842437295898,0.3058842437295898,Bar -> Home (private),"[(-73.8908548951149, 40.7540041755368), (-73.94991821050644, 40.79648450013265)]","(3.058842437295898,)","(0.3058842437295898,)"
4,3.0542992473292254,0.3054299247329225,Train Station -> Home (private) -> Park -> Bar,"[(-74.00898152589798, 40.7540041755368), (-73.94991821050644, 40.79648450013265), (-74.00898152589798, 40.7540041755368), (-73.94991821050644, 40.79648450013265)]","(3.0542992473292254, 4.1771897646127645, 6.841678487169112)","(0.3054299247329225, 0.4177189764612764, 0.6841678487169112)"
4,3.0542992473292254,0.3054299247329225,Train Station -> Home (private) -> Bar -> Medical Center,"[(-74.00898152589798, 40.7540041755368), (-73.94991821050644, 40.79648450013265), (-73.94991821050644, 40.7540041755368), (-73.94991821050644, 40.6690435263451)]","(3.0542992473292254, 4.876368847878799, 5.75620412803183)","(0.3054299247329225, 0.4876368847878799, 0.575620412803183)"
3,3.0542992473292254,0.3054299247329225,Train Station -> Home (private) -> Park,"[(-74.00898152589798, 40.7540041755368), (-73.94991821050644, 40.79648450013265), (-74.00898152589798, 40.7540041755368)]","(3.0542992473292254, 4.1771897646127645)","(0.3054299247329225, 0.4177189764612764)"
3,3.0542992473292254,0.3054299247329225,Train Station -> Home (private) -> Bar,"[(-74.00898152589798, 40.7540041755368), (-73.94991821050644, 40.79648450013265), (-73.94991821050644, 40.7540041755368)]","(3.0542992473292254, 4.876368847878799)","(0.3054299247329225, 0.4876368847878799)"
3,3.0542992473292254,0.3054299247329225,Train Station -> Home (private) -> Bar,"[(-74.00898152589798, 40.7540041755368), (-73.94991821050644, 40.79648450013265), (-73.94991821050644, 40.79648450013265)]","(3.0542992473292254, 4.646279796592543)","(0.3054299247329225, 0.4646279796592543)"
2,3.0542992473292254,0.3054299247329225,Train Station -> Home (private),"[(-74.00898152589798, 40.7540041755368), (-73.94991821050644, 40.79648450013265)]","(3.0542992473292254,)","(0.3054299247329225,)"
4,3.0484315874711565,0.30484315874711565,College Academic Building -> Food & Drink Shop -> Park -> Bar,"[(-73.94991821050644, 40.79648450013265), (-74.00898152589798, 40.7540041755368), (-74.00898152589798, 40.7540041755368), (-73.94991821050644, 40.79648450013265)]","(3.0484315874711565, 4.163134209566666, 6.841678487169112)","(0.30484315874711565, 0.41631342095666657, 0.6841678487169112)"
4,3.0484315874711565,0.30484315874711565,College Academic Building -> Food & Drink Shop -> Bar -> Medical Center,"[(-73.94991821050644, 40.79648450013265), (-74.00898152589798, 40.7540041755368), (-73.94991821050644, 40.7540041755368), (-73.94991821050644, 40.6690435263451)]","(3.0484315874711565, 4.984336835392222, 5.75620412803183)","(0.30484315874711565, 0.4984336835392222, 0.575620412803183)"
3,3.0484315874711565,0.30484315874711565,College Academic Building -> Food & Drink Shop -> Park,"[(-73.94991821050644, 40.79648450013265), (-74.00898152589798, 40.7540041755368), (-74.00898152589798, 40.7540041755368)]","(3.0484315874711565, 4.163134209566666)","(0.30484315874711565, 0.41631342095666657)"
3,3.0484315874711565,0.30484315874711565,College Academic Building -> Food & Drink Shop -> Bar,"[(-73.94991821050644, 40.79648450013265), (-74.00898152589798, 40.7540041755368), (-73.94991821050644, 40.7540041755368)]","(3.0484315874711565, 4.984336835392222)","(0.30484315874711565, 0.4984336835392222)"
3,3.0484315874711565,0.30484315874711565,College Academic Building -> Food & Drink Shop -> Bar,"[(-73.94991821050644, 40.79648450013265), (-74.00898152589798, 40.7540041755368), (-73.94991821050644, 40.79648450013265)]","(3.0484315874711565, 4.781439300814342)","(0.30484315874711565, 0.4781439300814342)"
2,3.0484315874711565,0.30484315874711565,College Academic Building -> Food & Drink Shop,"[(-73.94991821050644, 40.79648450013265), (-74.00898152589798, 40.7540041755368)]","(3.0484315874711565,)","(0.30484315874711565,)"
4,3.047059245528465,0.3047059245528465,Gym / Fitness Center -> Home (private) -> Park -> Bar,"[(-73.94991821050644, 40.79648450013265), (-73.94991821050644, 40.79648450013265), (-74.00898152589798, 40.7540041755368), (-73.94991821050644, 40.79648450013265)]","(3.047059245528465, 4.1771897646127645, 6.841678487169112)","(0.3047059245528465, 0.4177189764612764, 0.6841678487169112)"
4,3.047059245528465,0.3047059245528465,Gym / Fitness Center -> Home (private) -> Bar -> Medical Center,"[(-73.94991821050644, 40.79648450013265), (-73.94991821050644, 40.79648450013265), (-73.94991821050644, 40.7540041755368), (-73.94991821050644, 40.6690435263451)]","(3.047059245528465, 4.876368847878799, 5.75620412803183)","(0.3047059245528465, 0.4876368847878799, 0.575620412803183)"
3,3.047059245528465,0.3047059245528465,Gym / Fitness Center -> Home (private) -> Park,"[(-73.94991821050644, 40.79648450013265), (-73.94991821050644, 40.79648450013265), (-74.00898152589798, 40.7540041755368)]","(3.047059245528465, 4.1771897646127645)","(0.3047059245528465, 0.4177189764612764)"
3,3.047059245528465,0.3047059245528465,Gym / Fitness Center -> Home (private) -> Bar,"[(-73.94991821050644, 40.79648450013265), (-73.94991821050644, 40.79648450013265), (-73.94991821050644, 40.7540041755368)]","(3.047059245528465, 4.876368847878799)","(0.3047059245528465, 0.4876368847878799)"
3,3.047059245528465,0.3047059245528465,Gym / Fitness Center -> Home (private) -> Bar,"[(-73.94991821050644, 40.79648450013265), (-73.94991821050644, 40.79648450013265), (-73.94991821050644, 40.79648450013265)]","(3.047059245528465, 4.646279796592543)","(0.3047059245528465, 0.4646279796592543)"
2,3.047059245528465,0.3047059245528465,Gym / Fitness Center -> Home (private),"[(-73.94991821050644, 40.79648450013265), (-73.94991821050644, 40.79648450013265)]","(3.047059245528465,)","(0.3047059245528465,)"
2,3.035193992800033,0.30351939928000327,Other Great Outdoors -> Home (private),"[(-73.77272826433182, 40.9239254739202), (-73.77272826433182, 40.9239254739202)]","(3.035193992800033,)","(0.30351939928000327,)"
4,2.98141841834484,0.298141841834484,Bar -> Food & Drink Shop -> Park -> Bar,"[(-73.94991821050644, 40.7540041755368), (-74.00898152589798, 40.7540041755368), (-74.00898152589798, 40.7540041755368), (-73.94991821050644, 40.79648450013265)]","(2.98141841834484, 4.163134209566666, 6.841678487169112)","(0.298141841834484, 0.41631342095666657, 0.6841678487169112)"
3,2.98141841834484,0.298141841834484,Bar -> Food & Drink Shop -> Park,"[(-73.94991821050644, 40.7540041755368), (-74.00898152589798, 40.7540041755368), (-74.00898152589798, 40.7540041755368)]","(2.98141841834484, 4.163134209566666)","(0.298141841834484, 0.41631342095666657)"
3,2.98141841834484,0.298141841834484,Bar -> Food & Drink Shop -> Bar,"[(-73.94991821050644, 40.7540041755368), (-74.00898152589798, 40.7540041755368), (-73.94991821050644, 40.79648450013265)]","(2.98141841834484, 4.781439300814342)","(0.298141841834484, 0.4781439300814342)"
2,2.98141841834484,0.298141841834484,Bar -> Food & Drink Shop,"[(-73.94991821050644, 40.7540041755368), (-74.00898152589798, 40.7540041755368)]","(2.98141841834484,)","(0.298141841834484,)"
4,2.9522518289026283,0.29522518289026284,Subway -> Food & Drink Shop -> Park -> Bar,"[(-73.94991821050644, 40.79648450013265), (-74.00898152589798, 40.7540041755368), (-74.00898152589798, 40.7540041755368), (-73.94991821050644, 40.79648450013265)]","(2.9522518289026283, 4.163134209566666, 6.841678487169112)","(0.29522518289026284, 0.41631342095666657, 0.6841678487169112)"
4,2.9522518289026283,0.29522518289026284,Subway -> Food & Drink Shop -> Bar -> Medical Center,"[(-73.94991821050644, 40.79648450013265), (-74.00898152589798, 40.7540041755368), (-73.94991821050644, 40.7540041755368), (-73.94991821050644, 40.6690435263451)]","(2.9522518289026283, 4.984336835392222, 5.75620412803183)","(0.29522518289026284, 0.4984336835392222, 0.575620412803183)"
3,2.9522518289026283,0.29522518289026284,Subway -> Food & Drink Shop -> Park,"[(-73.94991821050644, 40.79648450013265), (-74.00898152589798, 40.7540041755368), (-74.00898152589798, 40.7540041755368)]","(2.9522518289026283, 4.163134209566666)","(0.29522518289026284, 0.41631342095666657)"
3,2.9522518289026283,0.29522518289026284,Subway -> Food & Drink Shop -> Bar,"[(-73.94991821050644, 40.79648450013265), (-74.00898152589798, 40.7540041755368), (-73.94991821050644, 40.7540041755368)]","(2.9522518289026283, 4.984336835392222)","(0.29522518289026284, 0.4984336835392222)"
3,2.9522518289026283,0.29522518289026284,Subway -> Food & Drink Shop -> Bar,"[(-73.94991821050644, 40.79648450013265), (-74.00898152589798, 40.7540041755368), (-73.94991821050644, 40.79648450013265)]","(2.9522518289026283, 4.781439300814342)","(0.29522518289026284, 0.4781439300814342)"
2,2.9522518289026283,0.29522518289026284,Subway -> Food & Drink Shop,"[(-73.94991821050644, 40.79648450013265), (-74.00898152589798, 40.7540041755368)]","(2.9522518289026283,)","(0.29522518289026284,)"
4,2.9263996290583436,0.2926399629058344,Bar -> Home (private) -> Park -> Bar,"[(-73.94991821050644, 40.71152385094095), (-73.94991821050644, 40.79648450013265), (-74.00898152589798, 40.7540041755368), (-73.94991821050644, 40.79648450013265)]","(2.9263996290583436, 4.1771897646127645, 6.841678487169112)","(0.2926399629058344, 0.4177189764612764, 0.6841678487169112)"
4,2.9263996290583436,0.2926399629058344,Bar -> Home (private) -> Bar -> Medical Center,"[(-73.94991821050644, 40.71152385094095), (-73.94991821050644, 40.79648450013265), (-73.94991821050644, 40.7540041755368), (-73.94991821050644, 40.6690435263451)]","(2.9263996290583436, 4.876368847878799, 5.75620412803183)","(0.2926399629058344, 0.4876368847878799, 0.575620412803183)"
3,2.9263996290583436,0.2926399629058344,Bar -> Home (private) -> Park,"[(-73.94991821050644, 40.71152385094095), (-73.94991821050644, 40.79648450013265), (-74.00898152589798, 40.7540041755368)]","(2.9263996290583436, 4.1771897646127645)","(0.2926399629058344, 0.4177189764612764)"
3,2.9263996290583436,0.2926399629058344,Bar -> Home (private) -> Bar,"[(-73.94991821050644, 40.71152385094095), (-73.94991821050644, 40.79648450013265), (-73.94991821050644, 40.7540041755368)]","(2.9263996290583436, 4.876368847878799)","(0.2926399629058344, 0.4876368847878799)"
3,2.9263996290583436,0.2926399629058344,Bar -> Home (private) -> Bar,"[(-73.94991821050644, 40.71152385094095), (-73.94991821050644, 40.79648450013265), (-73.94991821050644, 40.79648450013265)]","(2.9263996290583436, 4.646279796592543)","(0.2926399629058344, 0.4646279796592543)"
2,2.9263996290583436,0.2926399629058344,Bar -> Home (private),"[(-73.94991821050644, 40.71152385094095), (-73.94991821050644, 40.79648450013265)]","(2.9263996290583436,)","(0.2926399629058344,)"
4,2.893963381956256,0.2893963381956256,College Academic Building -> Food & Drink Shop -> Park -> Bar,"[(-74.00898152589798, 40.6690435263451), (-74.00898152589798, 40.7540041755368), (-74.00898152589798, 40.7540041755368), (-73.94991821050644, 40.79648450013265)]","(2.893963381956256, 4.163134209566666, 6.841678487169112)","(0.2893963381956256, 0.41631342095666657, 0.6841678487169112)"
4,2.893963381956256,0.2893963381956256,College Academic Building -> Food & Drink Shop -> Bar -> Medical Center,"[(-74.00898152589798, 40.6690435263451), (-74.00898152589798, 40.7540041755368), (-73.94991821050644, 40.7540041755368), (-73.94991821050644, 40.6690435263451)]","(2.893963381956256, 4.984336835392222, 5.75620412803183)","(0.2893963381956256, 0.4984336835392222, 0.575620412803183)"
3,2.893963381956256,0.2893963381956256,College Academic Building -> Food & Drink Shop -> Park,"[(-74.00898152589798, 40.6690435263451), (-74.00898152589798, 40.7540041755368), (-74.00898152589798, 40.7540041755368)]","(2.893963381956256, 4.163134209566666)","(0.2893963381956256, 0.41631342095666657)"
3,2.893963381956256,0.2893963381956256,College Academic Building -> Food & Drink Shop -> Bar,"[(-74.00898152589798, 40.6690435263451), (-74.00898152589798, 40.7540041755368), (-73.94991821050644, 40.7540041755368)]","(2.893963381956256, 4.984336835392222)","(0.2893963381956256, 0.4984336835392222)"
3,2.893963381956256,0.2893963381956256,College Academic Building -> Food & Drink Shop -> Bar,"[(-74.00898152589798, 40.6690435263451), (-74.00898152589798, 40.7540041755368), (-73.94991821050644, 40.79648450013265)]","(2.893963381956256, 4.781439300814342)","(0.2893963381956256, 0.4781439300814342)"
2,2.893963381956256,0.2893963381956256,College Academic Building -> Food & Drink Shop,"[(-74.00898152589798, 40.6690435263451), (-74.00898152589798, 40.7540041755368)]","(2.893963381956256,)","(0.2893963381956256,)"
4,2.8928476624562154,0.28928476624562155,Home (private) -> Food & Drink Shop -> Park -> Bar,"[(-74.00898152589798, 40.71152385094095), (-74.00898152589798, 40.7540041755368), (-74.00898152589798, 40.7540041755368), (-73.94991821050644, 40.79648450013265)]","(2.8928476624562154, 4.163134209566666, 6.841678487169112)","(0.28928476624562155, 0.41631342095666657, 0.6841678487169112)"
4,2.8928476624562154,0.28928476624562155,Home (private) -> Food & Drink Shop -> Bar -> Medical Center,"[(-74.00898152589798, 40.71152385094095), (-74.00898152589798, 40.7540041755368), (-73.94991821050644, 40.7540041755368), (-73.94991821050644, 40.6690435263451)]","(2.8928476624562154, 4.984336835392222, 5.75620412803183)","(0.28928476624562155, 0.4984336835392222, 0.575620412803183)"
3,2.8928476624562154,0.28928476624562155,Home (private) -> Food & Drink Shop -> Park,"[(-74.00898152589798, 40.71152385094095), (-74.00898152589798, 40.7540041755368), (-74.00898152589798, 40.7540041755368)]","(2.8928476624562154, 4.163134209566666)","(0.28928476624562155, 0.41631342095666657)"
3,2.8928476624562154,0.28928476624562155,Home (private) -> Food & Drink Shop -> Bar,"[(-74.00898152589798, 40.71152385094095), (-74.00898152589798, 40.7540041755368), (-73.94991821050644, 40.7540041755368)]","(2.8928476624562154, 4.984336835392222)","(0.28928476624562155, 0.4984336835392222)"
3,2.8928476624562154,0.28928476624562155,Home (private) -> Food & Drink Shop -> Bar,"[(-74.00898152589798, 40.71152385094095), (-74.00898152589798, 40.7540041755368), (-73.94991821050644, 40.79648450013265)]","(2.8928476624562154, 4.781439300814342)","(0.28928476624562155, 0.4781439300814342)"
2,2.8928476624562154,0.28928476624562155,Home (private) -> Food & Drink Shop,"[(-74.00898152589798, 40.71152385094095), (-74.00898152589798, 40.7540041755368)]","(2.8928476624562154,)","(0.28928476624562155,)"
4,2.892732877888933,0.28927328778889333,American Restaurant -> Home (private) -> Park -> Bar,"[(-74.00898152589798, 40.7540041755368), (-73.94991821050644, 40.79648450013265), (-74.00898152589798, 40.7540041755368), (-73.94991821050644, 40.79648450013265)]","(2.892732877888933, 4.1771897646127645, 6.841678487169112)","(0.28927328778889333, 0.4177189764612764, 0.6841678487169112)"
4,2.892732877888933,0.28927328778889333,American Restaurant -> Home (private) -> Bar -> Medical Center,"[(-74.00898152589798, 40.7540041755368), (-73.94991821050644, 40.79648450013265), (-73.94991821050644, 40.7540041755368), (-73.94991821050644, 40.6690435263451)]","(2.892732877888933, 4.876368847878799, 5.75620412803183)","(0.28927328778889333, 0.4876368847878799, 0.575620412803183)"
3,2.892732877888933,0.28927328778889333,American Restaurant -> Home (private) -> Park,"[(-74.00898152589798, 40.7540041755368), (-73.94991821050644, 40.79648450013265), (-74.00898152589798, 40.7540041755368)]","(2.892732877888933, 4.1771897646127645)","(0.28927328778889333, 0.4177189764612764)"
3,2.892732877888933,0.28927328778889333,American Restaurant -> Home (private) -> Bar,"[(-74.00898152589798, 40.7540041755368), (-73.94991821050644, 40.79648450013265), (-73.94991821050644, 40.7540041755368)]","(2.892732877888933, 4.876368847878799)","(0.28927328778889333, 0.4876368847878799)"
3,2.892732877888933,0.28927328778889333,American Restaurant -> Home (private) -> Bar,"[(-74.00898152589798, 40.7540041755368), (-73.94991821050644, 40.79648450013265), (-73.94991821050644, 40.79648450013265)]","(2.892732877888933, 4.646279796592543)","(0.28927328778889333, 0.4646279796592543)"
2,2.892732877888933,0.28927328778889333,American Restaurant -> Home (private),"[(-74.00898152589798, 40.7540041755368), (-73.94991821050644, 40.79648450013265)]","(2.892732877888933,)","(0.28927328778889333,)"
4,2.876846668727756,0.2876846668727756,College Academic Building -> Home (private) -> Park -> Bar,"[(-73.94991821050644, 40.79648450013265), (-73.94991821050644, 40.79648450013265), (-74.00898152589798, 40.7540041755368), (-73.94991821050644, 40.79648450013265)]","(2.876846668727756, 4.1771897646127645, 6.841678487169112)","(0.2876846668727756, 0.4177189764612764, 0.6841678487169112)"
4,2.876846668727756,0.2876846668727756,College Academic Building -> Home (private) -> Bar -> Medical Center,"[(-73.94991821050644, 40.79648450013265), (-73.94991821050644, 40.79648450013265), (-73.94991821050644, 40.7540041755368), (-73.94991821050644, 40.6690435263451)]","(2.876846668727756, 4.876368847878799, 5.75620412803183)","(0.2876846668727756, 0.4876368847878799, 0.575620412803183)"
3,2.876846668727756,0.2876846668727756,College Academic Building -> Home (private) -> Park,"[(-73.94991821050644, 40.79648450013265), (-73.94991821050644, 40.79648450013265), (-74.00898152589798, 40.7540041755368)]","(2.876846668727756, 4.1771897646127645)","(0.2876846668727756, 0.4177189764612764)"
3,2.876846668727756,0.2876846668727756,College Academic Building -> Home (private) -> Bar,"[(-73.94991821050644, 40.79648450013265), (-73.94991821050644, 40.79648450013265), (-73.94991821050644, 40.7540041755368)]","(2.876846668727756, 4.876368847878799)","(0.2876846668727756, 0.4876368847878799)"
3,2.876846668727756,0.2876846668727756,College Academic Building -> Home (private) -> Bar,"[(-73.94991821050644, 40.79648450013265), (-73.94991821050644, 40.79648450013265), (-73.94991821050644, 40.79648450013265)]","(2.876846668727756, 4.646279796592543)","(0.2876846668727756, 0.4646279796592543)"
2,2.876846668727756,0.2876846668727756,College Academic Building -> Home (private),"[(-73.94991821050644, 40.79648450013265), (-73.94991821050644, 40.79648450013265)]","(2.876846668727756,)","(0.2876846668727756,)"
4,2.8679293000620225,0.28679293000620226,Train Station -> Food & Drink Shop -> Park -> Bar,"[(-73.94991821050644, 40.7540041755368), (-74.00898152589798, 40.7540041755368), (-74.00898152589798, 40.7540041755368), (-73.94991821050644, 40.79648450013265)]","(2.8679293000620225, 4.163134209566666, 6.841678487169112)","(0.28679293000620226, 0.41631342095666657, 0.6841678487169112)"
4,2.8679293000620225,0.28679293000620226,Train Station -> Food & Drink Shop -> Bar -> Medical Center,"[(-73.94991821050644, 40.7540041755368), (-74.00898152589798, 40.7540041755368), (-73.94991821050644, 40.7540041755368), (-73.94991821050644, 40.6690435263451)]","(2.8679293000620225, 4.984336835392222, 5.75620412803183)","(0.28679293000620226, 0.4984336835392222, 0.575620412803183)"
3,2.8679293000620225,0.28679293000620226,Train Station -> Food & Drink Shop -> Park,"[(-73.94991821050644, 40.7540041755368), (-74.00898152589798, 40.7540041755368), (-74.00898152589798, 40.7540041755368)]","(2.8679293000620225, 4.163134209566666)","(0.28679293000620226, 0.41631342095666657)"
3,2.8679293000620225,0.28679293000620226,Train Station -> Food & Drink Shop -> Bar,"[(-73.94991821050644, 40.7540041755368), (-74.00898152589798, 40.7540041755368), (-73.94991821050644, 40.7540041755368)]","(2.8679293000620225, 4.984336835392222)","(0.28679293000620226, 0.4984336835392222)"
3,2.8679293000620225,0.28679293000620226,Train Station -> Food & Drink Shop -> Bar,"[(-73.94991821050644, 40.7540041755368), (-74.00898152589798, 40.7540041755368), (-73.94991821050644, 40.79648450013265)]","(2.8679293000620225, 4.781439300814342)","(0.28679293000620226, 0.4781439300814342)"
2,2.8679293000620225,0.28679293000620226,Train Station -> Food & Drink Shop,"[(-73.94991821050644, 40.7540041755368), (-74.00898152589798, 40.7540041755368)]","(2.8679293000620225,)","(0.28679293000620226,)"
2,2.821744731595428,0.2821744731595428,Deli / Bodega -> Medical Center,"[(-73.94991821050644, 40.5840828771534), (-73.94991821050644, 40.6690435263451)]","(2.821744731595428,)","(0.2821744731595428,)"
5,2.8149406537884425,0.28149406537884425,Train Station -> Bar -> Food & Drink Shop -> Park -> Bar,"[(-74.00898152589798, 40.71152385094095), (-73.94991821050644, 40.7540041755368), (-74.00898152589798, 40.7540041755368), (-74.00898152589798, 40.7540041755368), (-73.94991821050644, 40.79648450013265)]","(2.8149406537884425, 2.98141841834484, 4.163134209566666, 6.841678487169112)","(0.28149406537884425, 0.298141841834484, 0.41631342095666657, 0.6841678487169112)"
4,2.8149406537884425,0.28149406537884425,Train Station -> Bar -> Food & Drink Shop -> Park,"[(-74.00898152589798, 40.71152385094095), (-73.94991821050644, 40.7540041755368), (-74.00898152589798, 40.7540041755368), (-74.00898152589798, 40.7540041755368)]","(2.8149406537884425, 2.98141841834484, 4.163134209566666)","(0.28149406537884425, 0.298141841834484, 0.41631342095666657)"
4,2.8149406537884425,0.28149406537884425,Train Station -> Bar -> Food & Drink Shop -> Bar,"[(-74.00898152589798, 40.71152385094095), (-73.94991821050644, 40.7540041755368), (-74.00898152589798, 40.7540041755368), (-73.94991821050644, 40.79648450013265)]","(2.8149406537884425, 2.98141841834484, 4.781439300814342)","(0.28149406537884425, 0.298141841834484, 0.4781439300814342)"
4,2.8149406537884425,0.28149406537884425,Train Station -> Bar -> Park -> Bar,"[(-74.00898152589798, 40.71152385094095), (-73.94991821050644, 40.7540041755368), (-74.00898152589798, 40.7540041755368), (-73.94991821050644, 40.79648450013265)]","(2.8149406537884425, 4.091029710293386, 6.841678487169112)","(0.28149406537884425, 0.40910297102933857, 0.6841678487169112)"
3,2.8149406537884425,0.28149406537884425,Train Station -> Bar -> Medical Center,"[(-74.00898152589798, 40.71152385094095), (-73.94991821050644, 40.7540041755368), (-73.94991821050644, 40.6690435263451)]","(2.8149406537884425, 5.75620412803183)","(0.28149406537884425, 0.575620412803183)"
3,2.8149406537884425,0.28149406537884425,Train Station -> Bar -> Food & Drink Shop,"[(-74.00898152589798, 40.71152385094095), (-73.94991821050644, 40.7540041755368), (-74.00898152589798, 40.7540041755368)]","(2.8149406537884425, 2.98141841834484)","(0.28149406537884425, 0.298141841834484)"
3,2.8149406537884425,0.28149406537884425,Train Station -> Bar -> Park,"[(-74.00898152589798, 40.71152385094095), (-73.94991821050644, 40.7540041755368), (-74.00898152589798, 40.7540041755368)]","(2.8149406537884425, 4.091029710293386)","(0.28149406537884425, 0.40910297102933857)"
2,2.8149406537884425,0.28149406537884425,Train Station -> Bar,"[(-74.00898152589798, 40.71152385094095), (-73.94991821050644, 40.7540041755368)]","(2.8149406537884425,)","(0.28149406537884425,)"
4,2.8115624219628677,0.28115624219628677,Bar -> Home (private) -> Park -> Bar,"[(-73.94991821050644, 40.7540041755368), (-73.94991821050644, 40.79648450013265), (-74.00898152589798, 40.7540041755368), (-73.94991821050644, 40.79648450013265)]","(2.8115624219628677, 4.1771897646127645, 6.841678487169112)","(0.28115624219628677, 0.4177189764612764, 0.6841678487169112)"
3,2.8115624219628677,0.28115624219628677,Bar -> Home (private) -> Park,"[(-73.94991821050644, 40.7540041755368), (-73.94991821050644, 40.79648450013265), (-74.00898152589798, 40.7540041755368)]","(2.8115624219628677, 4.1771897646127645)","(0.28115624219628677, 0.4177189764612764)"
3,2.8115624219628677,0.28115624219628677,Bar -> Home (private) -> Bar,"[(-73.94991821050644, 40.7540041755368), (-73.94991821050644, 40.79648450013265), (-73.94991821050644, 40.79648450013265)]","(2.8115624219628677, 4.646279796592543)","(0.28115624219628677, 0.4646279796592543)"
2,2.8115624219628677,0.28115624219628677,Bar -> Home (private),"[(-73.94991821050644, 40.7540041755368), (-73.94991821050644, 40.79648450013265)]","(2.8115624219628677,)","(0.28115624219628677,)"
4,2.8018745019045843,0.28018745019045843,Home (private) -> Food & Drink Shop -> Park -> Bar,"[(-73.94991821050644, 40.79648450013265), (-74.00898152589798, 40.7540041755368), (-74.00898152589798, 40.7540041755368), (-73.94991821050644, 40.79648450013265)]","(2.8018745019045843, 4.163134209566666, 6.841678487169112)","(0.28018745019045843, 0.41631342095666657, 0.6841678487169112)"
4,2.8018745019045843,0.28018745019045843,Home (private) -> Food & Drink Shop -> Bar -> Medical Center,"[(-73.94991821050644, 40.79648450013265), (-74.00898152589798, 40.7540041755368), (-73.94991821050644, 40.7540041755368), (-73.94991821050644, 40.6690435263451)]","(2.8018745019045843, 4.984336835392222, 5.75620412803183)","(0.28018745019045843, 0.4984336835392222, 0.575620412803183)"
3,2.8018745019045843,0.28018745019045843,Home (private) -> Food & Drink Shop -> Park,"[(-73.94991821050644, 40.79648450013265), (-74.00898152589798, 40.7540041755368), (-74.00898152589798, 40.7540041755368)]","(2.8018745019045843, 4.163134209566666)","(0.28018745019045843, 0.41631342095666657)"
3,2.8018745019045843,0.28018745019045843,Home (private) -> Food & Drink Shop -> Bar,"[(-73.94991821050644, 40.79648450013265), (-74.00898152589798, 40.7540041755368), (-73.94991821050644, 40.7540041755368)]","(2.8018745019045843, 4.984336835392222)","(0.28018745019045843, 0.4984336835392222)"
3,2.8018745019045843,0.28018745019045843,Home (private) -> Food & Drink Shop -> Bar,"[(-73.94991821050644, 40.79648450013265), (-74.00898152589798, 40.7540041755368), (-73.94991821050644, 40.79648450013265)]","(2.8018745019045843, 4.781439300814342)","(0.28018745019045843, 0.4781439300814342)"
2,2.8018745019045843,0.28018745019045843,Home (private) -> Food & Drink Shop,"[(-73.94991821050644, 40.79648450013265), (-74.00898152589798, 40.7540041755368)]","(2.8018745019045843,)","(0.28018745019045843,)"
4,2.795957412200992,0.2795957412200992,Bar -> Food & Drink Shop -> Park -> Bar,"[(-74.00898152589798, 40.6690435263451), (-74.00898152589798, 40.7540041755368), (-74.00898152589798, 40.7540041755368), (-73.94991821050644, 40.79648450013265)]","(2.795957412200992, 4.163134209566666, 6.841678487169112)","(0.2795957412200992, 0.41631342095666657, 0.6841678487169112)"
4,2.795957412200992,0.2795957412200992,Bar -> Food & Drink Shop -> Bar -> Medical Center,"[(-74.00898152589798, 40.6690435263451), (-74.00898152589798, 40.7540041755368), (-73.94991821050644, 40.7540041755368), (-73.94991821050644, 40.6690435263451)]","(2.795957412200992, 4.984336835392222, 5.75620412803183)","(0.2795957412200992, 0.4984336835392222, 0.575620412803183)"
3,2.795957412200992,0.2795957412200992,Bar -> Food & Drink Shop -> Park,"[(-74.00898152589798, 40.6690435263451), (-74.00898152589798, 40.7540041755368), (-74.00898152589798, 40.7540041755368)]","(2.795957412200992, 4.163134209566666)","(0.2795957412200992, 0.41631342095666657)"
3,2.795957412200992,0.2795957412200992,Bar -> Food & Drink Shop -> Bar,"[(-74.00898152589798, 40.6690435263451), (-74.00898152589798, 40.7540041755368), (-73.94991821050644, 40.7540041755368)]","(2.795957412200992, 4.984336835392222)","(0.2795957412200992, 0.4984336835392222)"
3,2.795957412200992,0.2795957412200992,Bar -> Food & Drink Shop -> Bar,"[(-74.00898152589798, 40.6690435263451), (-74.00898152589798, 40.7540041755368), (-73.94991821050644, 40.79648450013265)]","(2.795957412200992, 4.781439300814342)","(0.2795957412200992, 0.4781439300814342)"
2,2.795957412200992,0.2795957412200992,Bar -> Food & Drink Shop,"[(-74.00898152589798, 40.6690435263451), (-74.00898152589798, 40.7540041755368)]","(2.795957412200992,)","(0.2795957412200992,)"
5,2.7819476254557007,0.2781947625455701,Subway -> Home (private) -> Food & Drink Shop -> Park -> Bar,"[(-73.94991821050644, 40.79648450013265), (-73.94991821050644, 40.79648450013265), (-74.00898152589798, 40.7540041755368), (-74.00898152589798, 40.7540041755368), (-73.94991821050644, 40.79648450013265)]","(2.7819476254557007, 2.8018745019045843, 4.163134209566666, 6.841678487169112)","(0.2781947625455701, 0.28018745019045843, 0.41631342095666657, 0.6841678487169112)"
5,2.7819476254557007,0.2781947625455701,Subway -> Home (private) -> Food & Drink Shop -> Bar -> Medical Center,"[(-73.94991821050644, 40.79648450013265), (-73.94991821050644, 40.79648450013265), (-74.00898152589798, 40.7540041755368), (-73.94991821050644, 40.7540041755368), (-73.94991821050644, 40.6690435263451)]","(2.7819476254557007, 2.8018745019045843, 4.984336835392222, 5.75620412803183)","(0.2781947625455701, 0.28018745019045843, 0.4984336835392222, 0.575620412803183)"
4,2.7819476254557007,0.2781947625455701,Subway -> Home (private) -> Food & Drink Shop -> Park,"[(-73.94991821050644, 40.79648450013265), (-73.94991821050644, 40.79648450013265), (-74.00898152589798, 40.7540041755368), (-74.00898152589798, 40.7540041755368)]","(2.7819476254557007, 2.8018745019045843, 4.163134209566666)","(0.2781947625455701, 0.28018745019045843, 0.41631342095666657)"
4,2.7819476254557007,0.2781947625455701,Subway -> Home (private) -> Food & Drink Shop -> Bar,"[(-73.94991821050644, 40.79648450013265), (-73.94991821050644, 40.79648450013265), (-74.00898152589798, 40.7540041755368), (-73.94991821050644, 40.7540041755368)]","(2.7819476254557007, 2.8018745019045843, 4.984336835392222)","(0.2781947625455701, 0.28018745019045843, 0.4984336835392222)"
4,2.7819476254557007,0.2781947625455701,Subway -> Home (private) -> Food & Drink Shop -> Bar,"[(-73.94991821050644, 40.79648450013265), (-73.94991821050644, 40.79648450013265), (-74.00898152589798, 40.7540041755368), (-73.94991821050644, 40.79648450013265)]","(2.7819476254557007, 2.8018745019045843, 4.781439300814342)","(0.2781947625455701, 0.28018745019045843, 0.4781439300814342)"
4,2.7819476254557007,0.2781947625455701,Subway -> Home (private) -> Park -> Bar,"[(-73.94991821050644, 40.79648450013265), (-73.94991821050644, 40.79648450013265), (-74.00898152589798, 40.7540041755368), (-73.94991821050644, 40.79648450013265)]","(2.7819476254557007, 4.1771897646127645, 6.841678487169112)","(0.2781947625455701, 0.4177189764612764, 0.6841678487169112)"
4,2.7819476254557007,0.2781947625455701,Subway -> Home (private) -> Bar -> Medical Center,"[(-73.94991821050644, 40.79648450013265), (-73.94991821050644, 40.79648450013265), (-73.94991821050644, 40.7540041755368), (-73.94991821050644, 40.6690435263451)]","(2.7819476254557007, 4.876368847878799, 5.75620412803183)","(0.2781947625455701, 0.4876368847878799, 0.575620412803183)"
3,2.7819476254557007,0.2781947625455701,Subway -> Home (private) -> Food & Drink Shop,"[(-73.94991821050644, 40.79648450013265), (-73.94991821050644, 40.79648450013265), (-74.00898152589798, 40.7540041755368)]","(2.7819476254557007, 2.8018745019045843)","(0.2781947625455701, 0.28018745019045843)"
3,2.7819476254557007,0.2781947625455701,Subway -> Home (private) -> Park,"[(-73.94991821050644, 40.79648450013265), (-73.94991821050644, 40.79648450013265), (-74.00898152589798, 40.7540041755368)]","(2.7819476254557007, 4.1771897646127645)","(0.2781947625455701, 0.4177189764612764)"
3,2.7819476254557007,0.2781947625455701,Subway -> Home (private) -> Bar,"[(-73.94991821050644, 40.79648450013265), (-73.94991821050644, 40.79648450013265), (-73.94991821050644, 40.7540041755368)]","(2.7819476254557007, 4.876368847878799)","(0.2781947625455701, 0.4876368847878799)"
3,2.7819476254557007,0.2781947625455701,Subway -> Home (private) -> Bar,"[(-73.94991821050644, 40.79648450013265), (-73.94991821050644, 40.79648450013265), (-73.94991821050644, 40.79648450013265)]","(2.7819476254557007, 4.646279796592543)","(0.2781947625455701, 0.4646279796592543)"
2,2.7819476254557007,0.2781947625455701,Subway -> Home (private),"[(-73.94991821050644, 40.79648450013265), (-73.94991821050644, 40.79648450013265)]","(2.7819476254557007,)","(0.2781947625455701,)"
5,2.7554001226938274,0.27554001226938274,Food & Drink Shop -> Home (private) -> Food & Drink Shop -> Park -> Bar,"[(-73.94991821050644, 40.7540041755368), (-73.94991821050644, 40.79648450013265), (-74.00898152589798, 40.7540041755368), (-74.00898152589798, 40.7540041755368), (-73.94991821050644, 40.79648450013265)]","(2.7554001226938274, 2.8018745019045843, 4.163134209566666, 6.841678487169112)","(0.27554001226938274, 0.28018745019045843, 0.41631342095666657, 0.6841678487169112)"
5,2.7554001226938274,0.27554001226938274,Food & Drink Shop -> Home (private) -> Food & Drink Shop -> Bar -> Medical Center,"[(-73.94991821050644, 40.7540041755368), (-73.94991821050644, 40.79648450013265), (-74.00898152589798, 40.7540041755368), (-73.94991821050644, 40.7540041755368), (-73.94991821050644, 40.6690435263451)]","(2.7554001226938274, 2.8018745019045843, 4.984336835392222, 5.75620412803183)","(0.27554001226938274, 0.28018745019045843, 0.4984336835392222, 0.575620412803183)"
4,2.7554001226938274,0.27554001226938274,Food & Drink Shop -> Home (private) -> Food & Drink Shop -> Park,"[(-73.94991821050644, 40.7540041755368), (-73.94991821050644, 40.79648450013265), (-74.00898152589798, 40.7540041755368), (-74.00898152589798, 40.7540041755368)]","(2.7554001226938274, 2.8018745019045843, 4.163134209566666)","(0.27554001226938274, 0.28018745019045843, 0.41631342095666657)"
4,2.7554001226938274,0.27554001226938274,Food & Drink Shop -> Home (private) -> Food & Drink Shop -> Bar,"[(-73.94991821050644, 40.7540041755368), (-73.94991821050644, 40.79648450013265), (-74.00898152589798, 40.7540041755368), (-73.94991821050644, 40.7540041755368)]","(2.7554001226938274, 2.8018745019045843, 4.984336835392222)","(0.27554001226938274, 0.28018745019045843, 0.4984336835392222)"
4,2.7554001226938274,0.27554001226938274,Food & Drink Shop -> Home (private) -> Food & Drink Shop -> Bar,"[(-73.94991821050644, 40.7540041755368), (-73.94991821050644, 40.79648450013265), (-74.00898152589798, 40.7540041755368), (-73.94991821050644, 40.79648450013265)]","(2.7554001226938274, 2.8018745019045843, 4.781439300814342)","(0.27554001226938274, 0.28018745019045843, 0.4781439300814342)"
4,2.7554001226938274,0.27554001226938274,Food & Drink Shop -> Home (private) -> Park -> Bar,"[(-73.94991821050644, 40.7540041755368), (-73.94991821050644, 40.79648450013265), (-74.00898152589798, 40.7540041755368), (-73.94991821050644, 40.79648450013265)]","(2.7554001226938274, 4.1771897646127645, 6.841678487169112)","(0.27554001226938274, 0.4177189764612764, 0.6841678487169112)"
4,2.7554001226938274,0.27554001226938274,Food & Drink Shop -> Home (private) -> Bar -> Medical Center,"[(-73.94991821050644, 40.7540041755368), (-73.94991821050644, 40.79648450013265), (-73.94991821050644, 40.7540041755368), (-73.94991821050644, 40.6690435263451)]","(2.7554001226938274, 4.876368847878799, 5.75620412803183)","(0.27554001226938274, 0.4876368847878799, 0.575620412803183)"
3,2.7554001226938274,0.27554001226938274,Food & Drink Shop -> Home (private) -> Food & Drink Shop,"[(-73.94991821050644, 40.7540041755368), (-73.94991821050644, 40.79648450013265), (-74.00898152589798, 40.7540041755368)]","(2.7554001226938274, 2.8018745019045843)","(0.27554001226938274, 0.28018745019045843)"
3,2.7554001226938274,0.27554001226938274,Food & Drink Shop -> Home (private) -> Park,"[(-73.94991821050644, 40.7540041755368), (-73.94991821050644, 40.79648450013265), (-74.00898152589798, 40.7540041755368)]","(2.7554001226938274, 4.1771897646127645)","(0.27554001226938274, 0.4177189764612764)"
3,2.7554001226938274,0.27554001226938274,Food & Drink Shop -> Home (private) -> Bar,"[(-73.94991821050644, 40.7540041755368), (-73.94991821050644, 40.79648450013265), (-73.94991821050644, 40.7540041755368)]","(2.7554001226938274, 4.876368847878799)","(0.27554001226938274, 0.4876368847878799)"
3,2.7554001226938274,0.27554001226938274,Food & Drink Shop -> Home (private) -> Bar,"[(-73.94991821050644, 40.7540041755368), (-73.94991821050644, 40.79648450013265), (-73.94991821050644, 40.79648450013265)]","(2.7554001226938274, 4.646279796592543)","(0.27554001226938274, 0.4646279796592543)"
2,2.7554001226938274,0.27554001226938274,Food & Drink Shop -> Home (private),"[(-73.94991821050644, 40.7540041755368), (-73.94991821050644, 40.79648450013265)]","(2.7554001226938274,)","(0.27554001226938274,)"
5,2.7001214283167916,0.2700121428316792,Train Station -> Home (private) -> Food & Drink Shop -> Park -> Bar,"[(-73.94991821050644, 40.7540041755368), (-73.94991821050644, 40.79648450013265), (-74.00898152589798, 40.7540041755368), (-74.00898152589798, 40.7540041755368), (-73.94991821050644, 40.79648450013265)]","(2.7001214283167916, 2.8018745019045843, 4.163134209566666, 6.841678487169112)","(0.2700121428316792, 0.28018745019045843, 0.41631342095666657, 0.6841678487169112)"
5,2.7001214283167916,0.2700121428316792,Train Station -> Home (private) -> Food & Drink Shop -> Bar -> Medical Center,"[(-73.94991821050644, 40.7540041755368), (-73.94991821050644, 40.79648450013265), (-74.00898152589798, 40.7540041755368), (-73.94991821050644, 40.7540041755368), (-73.94991821050644, 40.6690435263451)]","(2.7001214283167916, 2.8018745019045843, 4.984336835392222, 5.75620412803183)","(0.2700121428316792, 0.28018745019045843, 0.4984336835392222, 0.575620412803183)"
4,2.7001214283167916,0.2700121428316792,Train Station -> Home (private) -> Food & Drink Shop -> Park,"[(-73.94991821050644, 40.7540041755368), (-73.94991821050644, 40.79648450013265), (-74.00898152589798, 40.7540041755368), (-74.00898152589798, 40.7540041755368)]","(2.7001214283167916, 2.8018745019045843, 4.163134209566666)","(0.2700121428316792, 0.28018745019045843, 0.41631342095666657)"
4,2.7001214283167916,0.2700121428316792,Train Station -> Home (private) -> Food & Drink Shop -> Bar,"[(-73.94991821050644, 40.7540041755368), (-73.94991821050644, 40.79648450013265), (-74.00898152589798, 40.7540041755368), (-73.94991821050644, 40.7540041755368)]","(2.7001214283167916, 2.8018745019045843, 4.984336835392222)","(0.2700121428316792, 0.28018745019045843, 0.4984336835392222)"
4,2.7001214283167916,0.2700121428316792,Train Station -> Home (private) -> Food & Drink Shop -> Bar,"[(-73.94991821050644, 40.7540041755368), (-73.94991821050644, 40.79648450013265), (-74.00898152589798, 40.7540041755368), (-73.94991821050644, 40.79648450013265)]","(2.7001214283167916, 2.8018745019045843, 4.781439300814342)","(0.2700121428316792, 0.28018745019045843, 0.4781439300814342)"
4,2.7001214283167916,0.2700121428316792,Train Station -> Home (private) -> Park -> Bar,"[(-73.94991821050644, 40.7540041755368), (-73.94991821050644, 40.79648450013265), (-74.00898152589798, 40.7540041755368), (-73.94991821050644, 40.79648450013265)]","(2.7001214283167916, 4.1771897646127645, 6.841678487169112)","(0.2700121428316792, 0.4177189764612764, 0.6841678487169112)"
4,2.7001214283167916,0.2700121428316792,Train Station -> Home (private) -> Bar -> Medical Center,"[(-73.94991821050644, 40.7540041755368), (-73.94991821050644, 40.79648450013265), (-73.94991821050644, 40.7540041755368), (-73.94991821050644, 40.6690435263451)]","(2.7001214283167916, 4.876368847878799, 5.75620412803183)","(0.2700121428316792, 0.4876368847878799, 0.575620412803183)"
3,2.7001214283167916,0.2700121428316792,Train Station -> Home (private) -> Food & Drink Shop,"[(-73.94991821050644, 40.7540041755368), (-73.94991821050644, 40.79648450013265), (-74.00898152589798, 40.7540041755368)]","(2.7001214283167916, 2.8018745019045843)","(0.2700121428316792, 0.28018745019045843)"
3,2.7001214283167916,0.2700121428316792,Train Station -> Home (private) -> Park,"[(-73.94991821050644, 40.7540041755368), (-73.94991821050644, 40.79648450013265), (-74.00898152589798, 40.7540041755368)]","(2.7001214283167916, 4.1771897646127645)","(0.2700121428316792, 0.4177189764612764)"
3,2.7001214283167916,0.2700121428316792,Train Station -> Home (private) -> Bar,"[(-73.94991821050644, 40.7540041755368), (-73.94991821050644, 40.79648450013265), (-73.94991821050644, 40.7540041755368)]","(2.7001214283167916, 4.876368847878799)","(0.2700121428316792, 0.4876368847878799)"
3,2.7001214283167916,0.2700121428316792,Train Station -> Home (private) -> Bar,"[(-73.94991821050644, 40.7540041755368), (-73.94991821050644, 40.79648450013265), (-73.94991821050644, 40.79648450013265)]","(2.7001214283167916, 4.646279796592543)","(0.2700121428316792, 0.4646279796592543)"
2,2.7001214283167916,0.2700121428316792,Train Station -> Home (private),"[(-73.94991821050644, 40.7540041755368), (-73.94991821050644, 40.79648450013265)]","(2.7001214283167916,)","(0.2700121428316792,)"
4,2.6911497333677237,0.26911497333677237,Park -> Food & Drink Shop -> Park -> Bar,"[(-74.00898152589798, 40.71152385094095), (-74.00898152589798, 40.7540041755368), (-74.00898152589798, 40.7540041755368), (-73.94991821050644, 40.79648450013265)]","(2.6911497333677237, 4.163134209566666, 6.841678487169112)","(0.26911497333677237, 0.41631342095666657, 0.6841678487169112)"
4,2.6911497333677237,0.26911497333677237,Park -> Food & Drink Shop -> Bar -> Medical Center,"[(-74.00898152589798, 40.71152385094095), (-74.00898152589798, 40.7540041755368), (-73.94991821050644, 40.7540041755368), (-73.94991821050644, 40.6690435263451)]","(2.6911497333677237, 4.984336835392222, 5.75620412803183)","(0.26911497333677237, 0.4984336835392222, 0.575620412803183)"
3,2.6911497333677237,0.26911497333677237,Park -> Food & Drink Shop -> Park,"[(-74.00898152589798, 40.71152385094095), (-74.00898152589798, 40.7540041755368), (-74.00898152589798, 40.7540041755368)]","(2.6911497333677237, 4.163134209566666)","(0.26911497333677237, 0.41631342095666657)"
3,2.6911497333677237,0.26911497333677237,Park -> Food & Drink Shop -> Bar,"[(-74.00898152589798, 40.71152385094095), (-74.00898152589798, 40.7540041755368), (-73.94991821050644, 40.7540041755368)]","(2.6911497333677237, 4.984336835392222)","(0.26911497333677237, 0.4984336835392222)"
3,2.6911497333677237,0.26911497333677237,Park -> Food & Drink Shop -> Bar,"[(-74.00898152589798, 40.71152385094095), (-74.00898152589798, 40.7540041755368), (-73.94991821050644, 40.79648450013265)]","(2.6911497333677237, 4.781439300814342)","(0.26911497333677237, 0.4781439300814342)"
2,2.6911497333677237,0.26911497333677237,Park -> Food & Drink Shop,"[(-74.00898152589798, 40.71152385094095), (-74.00898152589798, 40.7540041755368)]","(2.6911497333677237,)","(0.26911497333677237,)"
2,2.5708733245291913,0.25708733245291915,Coffee Shop -> Neighborhood,"[(-74.06804484128952, 40.9239254739202), (-74.00898152589798, 40.9239254739202)]","(2.5708733245291913,)","(0.25708733245291915,)"
2,2.561951836179805,0.2561951836179805,Food & Drink Shop -> Neighborhood,"[(-74.00898152589798, 40.8389648247285), (-74.00898152589798, 40.9239254739202)]","(2.561951836179805,)","(0.2561951836179805,)"
3,2.558716572843813,0.25587165728438127,Food & Drink Shop -> Deli / Bodega -> Medical Center,"[(-73.8908548951149, 40.8389648247285), (-73.83179157972336, 40.8389648247285), (-73.83179157972336, 40.7540041755368)]","(2.558716572843813, 5.969496179537717)","(0.25587165728438127, 0.5969496179537717)"
3,2.558716572843813,0.25587165728438127,Food & Drink Shop -> Deli / Bodega -> Road,"[(-73.8908548951149, 40.8389648247285), (-73.83179157972336, 40.8389648247285), (-73.8908548951149, 40.8389648247285)]","(2.558716572843813, 3.5441329916809914)","(0.25587165728438127, 0.35441329916809916)"
2,2.558716572843813,0.25587165728438127,Food & Drink Shop -> Deli / Bodega,"[(-73.8908548951149, 40.8389648247285), (-73.83179157972336, 40.8389648247285)]","(2.558716572843813,)","(0.25587165728438127,)"
4,2.555072459213608,0.2555072459213608,Deli / Bodega -> Food & Drink Shop -> Park -> Bar,"[(-73.94991821050644, 40.79648450013265), (-74.00898152589798, 40.7540041755368), (-74.00898152589798, 40.7540041755368), (-73.94991821050644, 40.79648450013265)]","(2.555072459213608, 4.163134209566666, 6.841678487169112)","(0.2555072459213608, 0.41631342095666657, 0.6841678487169112)"
4,2.555072459213608,0.2555072459213608,Deli / Bodega -> Food & Drink Shop -> Bar -> Medical Center,"[(-73.94991821050644, 40.79648450013265), (-74.00898152589798, 40.7540041755368), (-73.94991821050644, 40.7540041755368), (-73.94991821050644, 40.6690435263451)]","(2.555072459213608, 4.984336835392222, 5.75620412803183)","(0.2555072459213608, 0.4984336835392222, 0.575620412803183)"
3,2.555072459213608,0.2555072459213608,Deli / Bodega -> Food & Drink Shop -> Park,"[(-73.94991821050644, 40.79648450013265), (-74.00898152589798, 40.7540041755368), (-74.00898152589798, 40.7540041755368)]","(2.555072459213608, 4.163134209566666)","(0.2555072459213608, 0.41631342095666657)"
3,2.555072459213608,0.2555072459213608,Deli / Bodega -> Food & Drink Shop -> Bar,"[(-73.94991821050644, 40.79648450013265), (-74.00898152589798, 40.7540041755368), (-73.94991821050644, 40.7540041755368)]","(2.555072459213608, 4.984336835392222)","(0.2555072459213608, 0.4984336835392222)"
3,2.555072459213608,0.2555072459213608,Deli / Bodega -> Food & Drink Shop -> Bar,"[(-73.94991821050644, 40.79648450013265), (-74.00898152589798, 40.7540041755368), (-73.94991821050644, 40.79648450013265)]","(2.555072459213608, 4.781439300814342)","(0.2555072459213608, 0.4781439300814342)"
2,2.555072459213608,0.2555072459213608,Deli / Bodega -> Food & Drink Shop,"[(-73.94991821050644, 40.79648450013265), (-74.00898152589798, 40.7540041755368)]","(2.555072459213608,)","(0.2555072459213608,)"
3,2.551844682358358,0.2551844682358358,Home (private) -> Deli / Bodega -> Medical Center,"[(-73.8908548951149, 40.8389648247285), (-73.83179157972336, 40.8389648247285), (-73.83179157972336, 40.7540041755368)]","(2.551844682358358, 5.969496179537717)","(0.2551844682358358, 0.5969496179537717)"
3,2.551844682358358,0.2551844682358358,Home (private) -> Deli / Bodega -> Road,"[(-73.8908548951149, 40.8389648247285), (-73.83179157972336, 40.8389648247285), (-73.8908548951149, 40.8389648247285)]","(2.551844682358358, 3.5441329916809914)","(0.2551844682358358, 0.35441329916809916)"
2,2.551844682358358,0.2551844682358358,Home (private) -> Deli / Bodega,"[(-73.8908548951149, 40.8389648247285), (-73.83179157972336, 40.8389648247285)]","(2.551844682358358,)","(0.2551844682358358,)"
2,2.544399676582807,0.2544399676582807,Home (private) -> Road,"[(-73.94991821050644, 40.79648450013265), (-73.8908548951149, 40.8389648247285)]","(2.544399676582807,)","(0.2544399676582807,)"
4,2.52102861316545,0.25210286131654497,Neighborhood -> Food & Drink Shop -> Park -> Bar,"[(-73.94991821050644, 40.79648450013265), (-74.00898152589798, 40.7540041755368), (-74.00898152589798, 40.7540041755368), (-73.94991821050644, 40.79648450013265)]","(2.52102861316545, 4.163134209566666, 6.841678487169112)","(0.25210286131654497, 0.41631342095666657, 0.6841678487169112)"
4,2.52102861316545,0.25210286131654497,Neighborhood -> Food & Drink Shop -> Bar -> Medical Center,"[(-73.94991821050644, 40.79648450013265), (-74.00898152589798, 40.7540041755368), (-73.94991821050644, 40.7540041755368), (-73.94991821050644, 40.6690435263451)]","(2.52102861316545, 4.984336835392222, 5.75620412803183)","(0.25210286131654497, 0.4984336835392222, 0.575620412803183)"
3,2.52102861316545,0.25210286131654497,Neighborhood -> Food & Drink Shop -> Park,"[(-73.94991821050644, 40.79648450013265), (-74.00898152589798, 40.7540041755368), (-74.00898152589798, 40.7540041755368)]","(2.52102861316545, 4.163134209566666)","(0.25210286131654497, 0.41631342095666657)"
3,2.52102861316545,0.25210286131654497,Neighborhood -> Food & Drink Shop -> Bar,"[(-73.94991821050644, 40.79648450013265), (-74.00898152589798, 40.7540041755368), (-73.94991821050644, 40.7540041755368)]","(2.52102861316545, 4.984336835392222)","(0.25210286131654497, 0.4984336835392222)"
3,2.52102861316545,0.25210286131654497,Neighborhood -> Food & Drink Shop -> Bar,"[(-73.94991821050644, 40.79648450013265), (-74.00898152589798, 40.7540041755368), (-73.94991821050644, 40.79648450013265)]","(2.52102861316545, 4.781439300814342)","(0.25210286131654497, 0.4781439300814342)"
2,2.52102861316545,0.25210286131654497,Neighborhood -> Food & Drink Shop,"[(-73.94991821050644, 40.79648450013265), (-74.00898152589798, 40.7540041755368)]","(2.52102861316545,)","(0.25210286131654497,)"
3,2.4687716826462713,0.24687716826462713,Residential Building (Apartment / Condo) -> Deli / Bodega -> Medical Center,"[(-73.8908548951149, 40.88144514932435), (-73.83179157972336, 40.8389648247285), (-73.83179157972336, 40.7540041755368)]","(2.4687716826462713, 5.969496179537717)","(0.24687716826462713, 0.5969496179537717)"
3,2.4687716826462713,0.24687716826462713,Residential Building (Apartment / Condo) -> Deli / Bodega -> Road,"[(-73.8908548951149, 40.88144514932435), (-73.83179157972336, 40.8389648247285), (-73.8908548951149, 40.8389648247285)]","(2.4687716826462713, 3.5441329916809914)","(0.24687716826462713, 0.35441329916809916)"
2,2.4687716826462713,0.24687716826462713,Residential Building (Apartment / Condo) -> Deli / Bodega,"[(-73.8908548951149, 40.88144514932435), (-73.83179157972336, 40.8389648247285)]","(2.4687716826462713,)","(0.24687716826462713,)"
4,2.4419616775038824,0.24419616775038824,Neighborhood -> Food & Drink Shop -> Park -> Bar,"[(-73.94991821050644, 40.7540041755368), (-74.00898152589798, 40.7540041755368), (-74.00898152589798, 40.7540041755368), (-73.94991821050644, 40.79648450013265)]","(2.4419616775038824, 4.163134209566666, 6.841678487169112)","(0.24419616775038824, 0.41631342095666657, 0.6841678487169112)"
4,2.4419616775038824,0.24419616775038824,Neighborhood -> Food & Drink Shop -> Bar -> Medical Center,"[(-73.94991821050644, 40.7540041755368), (-74.00898152589798, 40.7540041755368), (-73.94991821050644, 40.7540041755368), (-73.94991821050644, 40.6690435263451)]","(2.4419616775038824, 4.984336835392222, 5.75620412803183)","(0.24419616775038824, 0.4984336835392222, 0.575620412803183)"
3,2.4419616775038824,0.24419616775038824,Neighborhood -> Food & Drink Shop -> Park,"[(-73.94991821050644, 40.7540041755368), (-74.00898152589798, 40.7540041755368), (-74.00898152589798, 40.7540041755368)]","(2.4419616775038824, 4.163134209566666)","(0.24419616775038824, 0.41631342095666657)"
3,2.4419616775038824,0.24419616775038824,Neighborhood -> Food & Drink Shop -> Bar,"[(-73.94991821050644, 40.7540041755368), (-74.00898152589798, 40.7540041755368), (-73.94991821050644, 40.7540041755368)]","(2.4419616775038824, 4.984336835392222)","(0.24419616775038824, 0.4984336835392222)"
3,2.4419616775038824,0.24419616775038824,Neighborhood -> Food & Drink Shop -> Bar,"[(-73.94991821050644, 40.7540041755368), (-74.00898152589798, 40.7540041755368), (-73.94991821050644, 40.79648450013265)]","(2.4419616775038824, 4.781439300814342)","(0.24419616775038824, 0.4781439300814342)"
2,2.4419616775038824,0.24419616775038824,Neighborhood -> Food & Drink Shop,"[(-73.94991821050644, 40.7540041755368), (-74.00898152589798, 40.7540041755368)]","(2.4419616775038824,)","(0.24419616775038824,)"
4,2.427882437573426,0.2427882437573426,Train Station -> Food & Drink Shop -> Park -> Bar,"[(-73.94991821050644, 40.79648450013265), (-74.00898152589798, 40.7540041755368), (-74.00898152589798, 40.7540041755368), (-73.94991821050644, 40.79648450013265)]","(2.427882437573426, 4.163134209566666, 6.841678487169112)","(0.2427882437573426, 0.41631342095666657, 0.6841678487169112)"
4,2.427882437573426,0.2427882437573426,Train Station -> Food & Drink Shop -> Bar -> Medical Center,"[(-73.94991821050644, 40.79648450013265), (-74.00898152589798, 40.7540041755368), (-73.94991821050644, 40.7540041755368), (-73.94991821050644, 40.6690435263451)]","(2.427882437573426, 4.984336835392222, 5.75620412803183)","(0.2427882437573426, 0.4984336835392222, 0.575620412803183)"
3,2.427882437573426,0.2427882437573426,Train Station -> Food & Drink Shop -> Park,"[(-73.94991821050644, 40.79648450013265), (-74.00898152589798, 40.7540041755368), (-74.00898152589798, 40.7540041755368)]","(2.427882437573426, 4.163134209566666)","(0.2427882437573426, 0.41631342095666657)"
3,2.427882437573426,0.2427882437573426,Train Station -> Food & Drink Shop -> Bar,"[(-73.94991821050644, 40.79648450013265), (-74.00898152589798, 40.7540041755368), (-73.94991821050644, 40.7540041755368)]","(2.427882437573426, 4.984336835392222)","(0.2427882437573426, 0.4984336835392222)"
3,2.427882437573426,0.2427882437573426,Train Station -> Food & Drink Shop -> Bar,"[(-73.94991821050644, 40.79648450013265), (-74.00898152589798, 40.7540041755368), (-73.94991821050644, 40.79648450013265)]","(2.427882437573426, 4.781439300814342)","(0.2427882437573426, 0.4781439300814342)"
2,2.427882437573426,0.2427882437573426,Train Station -> Food & Drink Shop,"[(-73.94991821050644, 40.79648450013265), (-74.00898152589798, 40.7540041755368)]","(2.427882437573426,)","(0.2427882437573426,)"
2,2.4157783659881997,0.24157783659881998,Office -> Neighborhood,"[(-74.12710815668106, 40.9239254739202), (-74.00898152589798, 40.9239254739202)]","(2.4157783659881997,)","(0.24157783659881998,)"
3,2.412372912064452,0.2412372912064452,Train Station -> Medical Center -> Deli / Bodega,"[(-74.00898152589798, 40.71152385094095), (-73.94991821050644, 40.6690435263451), (-73.94991821050644, 40.5840828771534)]","(2.412372912064452, 3.9640912867942744)","(0.2412372912064452, 0.39640912867942746)"
2,2.412372912064452,0.2412372912064452,Train Station -> Medical Center,"[(-74.00898152589798, 40.71152385094095), (-73.94991821050644, 40.6690435263451)]","(2.412372912064452,)","(0.2412372912064452,)"
5,2.390217041607394,0.23902170416073937,Deli / Bodega -> Home (private) -> Food & Drink Shop -> Park -> Bar,"[(-73.94991821050644, 40.79648450013265), (-73.94991821050644, 40.79648450013265), (-74.00898152589798, 40.7540041755368), (-74.00898152589798, 40.7540041755368), (-73.94991821050644, 40.79648450013265)]","(2.390217041607394, 2.8018745019045843, 4.163134209566666, 6.841678487169112)","(0.23902170416073937, 0.28018745019045843, 0.41631342095666657, 0.6841678487169112)"
5,2.390217041607394,0.23902170416073937,Deli / Bodega -> Home (private) -> Food & Drink Shop -> Bar -> Medical Center,"[(-73.94991821050644, 40.79648450013265), (-73.94991821050644, 40.79648450013265), (-74.00898152589798, 40.7540041755368), (-73.94991821050644, 40.7540041755368), (-73.94991821050644, 40.6690435263451)]","(2.390217041607394, 2.8018745019045843, 4.984336835392222, 5.75620412803183)","(0.23902170416073937, 0.28018745019045843, 0.4984336835392222, 0.575620412803183)"
4,2.390217041607394,0.23902170416073937,Deli / Bodega -> Home (private) -> Food & Drink Shop -> Park,"[(-73.94991821050644, 40.79648450013265), (-73.94991821050644, 40.79648450013265), (-74.00898152589798, 40.7540041755368), (-74.00898152589798, 40.7540041755368)]","(2.390217041607394, 2.8018745019045843, 4.163134209566666)","(0.23902170416073937, 0.28018745019045843, 0.41631342095666657)"
4,2.390217041607394,0.23902170416073937,Deli / Bodega -> Home (private) -> Food & Drink Shop -> Bar,"[(-73.94991821050644, 40.79648450013265), (-73.94991821050644, 40.79648450013265), (-74.00898152589798, 40.7540041755368), (-73.94991821050644, 40.7540041755368)]","(2.390217041607394, 2.8018745019045843, 4.984336835392222)","(0.23902170416073937, 0.28018745019045843, 0.4984336835392222)"
4,2.390217041607394,0.23902170416073937,Deli / Bodega -> Home (private) -> Food & Drink Shop -> Bar,"[(-73.94991821050644, 40.79648450013265), (-73.94991821050644, 40.79648450013265), (-74.00898152589798, 40.7540041755368), (-73.94991821050644, 40.79648450013265)]","(2.390217041607394, 2.8018745019045843, 4.781439300814342)","(0.23902170416073937, 0.28018745019045843, 0.4781439300814342)"
4,2.390217041607394,0.23902170416073937,Deli / Bodega -> Home (private) -> Park -> Bar,"[(-73.94991821050644, 40.79648450013265), (-73.94991821050644, 40.79648450013265), (-74.00898152589798, 40.7540041755368), (-73.94991821050644, 40.79648450013265)]","(2.390217041607394, 4.1771897646127645, 6.841678487169112)","(0.23902170416073937, 0.4177189764612764, 0.6841678487169112)"
4,2.390217041607394,0.23902170416073937,Deli / Bodega -> Home (private) -> Bar -> Medical Center,"[(-73.94991821050644, 40.79648450013265), (-73.94991821050644, 40.79648450013265), (-73.94991821050644, 40.7540041755368), (-73.94991821050644, 40.6690435263451)]","(2.390217041607394, 4.876368847878799, 5.75620412803183)","(0.23902170416073937, 0.4876368847878799, 0.575620412803183)"
3,2.390217041607394,0.23902170416073937,Deli / Bodega -> Home (private) -> Food & Drink Shop,"[(-73.94991821050644, 40.79648450013265), (-73.94991821050644, 40.79648450013265), (-74.00898152589798, 40.7540041755368)]","(2.390217041607394, 2.8018745019045843)","(0.23902170416073937, 0.28018745019045843)"
3,2.390217041607394,0.23902170416073937,Deli / Bodega -> Home (private) -> Park,"[(-73.94991821050644, 40.79648450013265), (-73.94991821050644, 40.79648450013265), (-74.00898152589798, 40.7540041755368)]","(2.390217041607394, 4.1771897646127645)","(0.23902170416073937, 0.4177189764612764)"
3,2.390217041607394,0.23902170416073937,Deli / Bodega -> Home (private) -> Bar,"[(-73.94991821050644, 40.79648450013265), (-73.94991821050644, 40.79648450013265), (-73.94991821050644, 40.7540041755368)]","(2.390217041607394, 4.876368847878799)","(0.23902170416073937, 0.4876368847878799)"
3,2.390217041607394,0.23902170416073937,Deli / Bodega -> Home (private) -> Bar,"[(-73.94991821050644, 40.79648450013265), (-73.94991821050644, 40.79648450013265), (-73.94991821050644, 40.79648450013265)]","(2.390217041607394, 4.646279796592543)","(0.23902170416073937, 0.4646279796592543)"
3,2.390217041607394,0.23902170416073937,Deli / Bodega -> Home (private) -> Road,"[(-73.94991821050644, 40.79648450013265), (-73.94991821050644, 40.79648450013265), (-73.8908548951149, 40.8389648247285)]","(2.390217041607394, 2.544399676582807)","(0.23902170416073937, 0.2544399676582807)"
2,2.390217041607394,0.23902170416073937,Deli / Bodega -> Home (private),"[(-73.94991821050644, 40.79648450013265), (-73.94991821050644, 40.79648450013265)]","(2.390217041607394,)","(0.23902170416073937,)"
2,2.3879659269999354,0.23879659269999354,Deli / Bodega -> Neighborhood,"[(-74.00898152589798, 40.8389648247285), (-74.00898152589798, 40.9239254739202)]","(2.3879659269999354,)","(0.23879659269999354,)"
5,2.3576655714944925,0.23576655714944925,Neighborhood -> Home (private) -> Food & Drink Shop -> Park -> Bar,"[(-73.94991821050644, 40.79648450013265), (-73.94991821050644, 40.79648450013265), (-74.00898152589798, 40.7540041755368), (-74.00898152589798, 40.7540041755368), (-73.94991821050644, 40.79648450013265)]","(2.3576655714944925, 2.8018745019045843, 4.163134209566666, 6.841678487169112)","(0.23576655714944925, 0.28018745019045843, 0.41631342095666657, 0.6841678487169112)"
5,2.3576655714944925,0.23576655714944925,Neighborhood -> Home (private) -> Food & Drink Shop -> Bar -> Medical Center,"[(-73.94991821050644, 40.79648450013265), (-73.94991821050644, 40.79648450013265), (-74.00898152589798, 40.7540041755368), (-73.94991821050644, 40.7540041755368), (-73.94991821050644, 40.6690435263451)]","(2.3576655714944925, 2.8018745019045843, 4.984336835392222, 5.75620412803183)","(0.23576655714944925, 0.28018745019045843, 0.4984336835392222, 0.575620412803183)"
4,2.3576655714944925,0.23576655714944925,Neighborhood -> Home (private) -> Food & Drink Shop -> Park,"[(-73.94991821050644, 40.79648450013265), (-73.94991821050644, 40.79648450013265), (-74.00898152589798, 40.7540041755368), (-74.00898152589798, 40.7540041755368)]","(2.3576655714944925, 2.8018745019045843, 4.163134209566666)","(0.23576655714944925, 0.28018745019045843, 0.41631342095666657)"
4,2.3576655714944925,0.23576655714944925,Neighborhood -> Home (private) -> Food & Drink Shop -> Bar,"[(-73.94991821050644, 40.79648450013265), (-73.94991821050644, 40.79648450013265), (-74.00898152589798, 40.7540041755368), (-73.94991821050644, 40.7540041755368)]","(2.3576655714944925, 2.8018745019045843, 4.984336835392222)","(0.23576655714944925, 0.28018745019045843, 0.4984336835392222)"
4,2.3576655714944925,0.23576655714944925,Neighborhood -> Home (private) -> Food & Drink Shop -> Bar,"[(-73.94991821050644, 40.79648450013265), (-73.94991821050644, 40.79648450013265), (-74.00898152589798, 40.7540041755368), (-73.94991821050644, 40.79648450013265)]","(2.3576655714944925, 2.8018745019045843, 4.781439300814342)","(0.23576655714944925, 0.28018745019045843, 0.4781439300814342)"
4,2.3576655714944925,0.23576655714944925,Neighborhood -> Home (private) -> Park -> Bar,"[(-73.94991821050644, 40.79648450013265), (-73.94991821050644, 40.79648450013265), (-74.00898152589798, 40.7540041755368), (-73.94991821050644, 40.79648450013265)]","(2.3576655714944925, 4.1771897646127645, 6.841678487169112)","(0.23576655714944925, 0.4177189764612764, 0.6841678487169112)"
4,2.3576655714944925,0.23576655714944925,Neighborhood -> Home (private) -> Bar -> Medical Center,"[(-73.94991821050644, 40.79648450013265), (-73.94991821050644, 40.79648450013265), (-73.94991821050644, 40.7540041755368), (-73.94991821050644, 40.6690435263451)]","(2.3576655714944925, 4.876368847878799, 5.75620412803183)","(0.23576655714944925, 0.4876368847878799, 0.575620412803183)"
3,2.3576655714944925,0.23576655714944925,Neighborhood -> Home (private) -> Food & Drink Shop,"[(-73.94991821050644, 40.79648450013265), (-73.94991821050644, 40.79648450013265), (-74.00898152589798, 40.7540041755368)]","(2.3576655714944925, 2.8018745019045843)","(0.23576655714944925, 0.28018745019045843)"
3,2.3576655714944925,0.23576655714944925,Neighborhood -> Home (private) -> Park,"[(-73.94991821050644, 40.79648450013265), (-73.94991821050644, 40.79648450013265), (-74.00898152589798, 40.7540041755368)]","(2.3576655714944925, 4.1771897646127645)","(0.23576655714944925, 0.4177189764612764)"
3,2.3576655714944925,0.23576655714944925,Neighborhood -> Home (private) -> Bar,"[(-73.94991821050644, 40.79648450013265), (-73.94991821050644, 40.79648450013265), (-73.94991821050644, 40.7540041755368)]","(2.3576655714944925, 4.876368847878799)","(0.23576655714944925, 0.4876368847878799)"
3,2.3576655714944925,0.23576655714944925,Neighborhood -> Home (private) -> Bar,"[(-73.94991821050644, 40.79648450013265), (-73.94991821050644, 40.79648450013265), (-73.94991821050644, 40.79648450013265)]","(2.3576655714944925, 4.646279796592543)","(0.23576655714944925, 0.4646279796592543)"
3,2.3576655714944925,0.23576655714944925,Neighborhood -> Home (private) -> Road,"[(-73.94991821050644, 40.79648450013265), (-73.94991821050644, 40.79648450013265), (-73.8908548951149, 40.8389648247285)]","(2.3576655714944925, 2.544399676582807)","(0.23576655714944925, 0.2544399676582807)"
2,2.3576655714944925,0.23576655714944925,Neighborhood -> Home (private),"[(-73.94991821050644, 40.79648450013265), (-73.94991821050644, 40.79648450013265)]","(2.3576655714944925,)","(0.23576655714944925,)"
5,2.3444723055048198,0.23444723055048197,Train Station -> Park -> Food & Drink Shop -> Bar -> Medical Center,"[(-74.00898152589798, 40.71152385094095), (-74.00898152589798, 40.7540041755368), (-74.00898152589798, 40.7540041755368), (-73.94991821050644, 40.7540041755368), (-73.94991821050644, 40.6690435263451)]","(2.3444723055048198, 3.2988953973210426, 4.984336835392222, 5.75620412803183)","(0.23444723055048197, 0.3298895397321043, 0.4984336835392222, 0.575620412803183)"
5,2.3444723055048198,0.23444723055048197,Train Station -> Park -> Home (private) -> Bar -> Medical Center,"[(-74.00898152589798, 40.71152385094095), (-74.00898152589798, 40.7540041755368), (-73.94991821050644, 40.79648450013265), (-73.94991821050644, 40.7540041755368), (-73.94991821050644, 40.6690435263451)]","(2.3444723055048198, 3.1476492659646405, 4.876368847878799, 5.75620412803183)","(0.23444723055048197, 0.31476492659646405, 0.4876368847878799, 0.575620412803183)"
4,2.3444723055048198,0.23444723055048197,Train Station -> Park -> Food & Drink Shop -> Bar,"[(-74.00898152589798, 40.71152385094095), (-74.00898152589798, 40.7540041755368), (-74.00898152589798, 40.7540041755368), (-73.94991821050644, 40.7540041755368)]","(2.3444723055048198, 3.2988953973210426, 4.984336835392222)","(0.23444723055048197, 0.3298895397321043, 0.4984336835392222)"
4,2.3444723055048198,0.23444723055048197,Train Station -> Park -> Food & Drink Shop -> Bar,"[(-74.00898152589798, 40.71152385094095), (-74.00898152589798, 40.7540041755368), (-74.00898152589798, 40.7540041755368), (-73.94991821050644, 40.79648450013265)]","(2.3444723055048198, 3.2988953973210426, 4.781439300814342)","(0.23444723055048197, 0.3298895397321043, 0.4781439300814342)"
4,2.3444723055048198,0.23444723055048197,Train Station -> Park -> Home (private) -> Bar,"[(-74.00898152589798, 40.71152385094095), (-74.00898152589798, 40.7540041755368), (-73.94991821050644, 40.79648450013265), (-73.94991821050644, 40.7540041755368)]","(2.3444723055048198, 3.1476492659646405, 4.876368847878799)","(0.23444723055048197, 0.31476492659646405, 0.4876368847878799)"
4,2.3444723055048198,0.23444723055048197,Train Station -> Park -> Home (private) -> Bar,"[(-74.00898152589798, 40.71152385094095), (-74.00898152589798, 40.7540041755368), (-73.94991821050644, 40.79648450013265), (-73.94991821050644, 40.79648450013265)]","(2.3444723055048198, 3.1476492659646405, 4.646279796592543)","(0.23444723055048197, 0.31476492659646405, 0.4646279796592543)"
3,2.3444723055048198,0.23444723055048197,Train Station -> Park -> Food & Drink Shop,"[(-74.00898152589798, 40.71152385094095), (-74.00898152589798, 40.7540041755368), (-74.00898152589798, 40.7540041755368)]","(2.3444723055048198, 3.2988953973210426)","(0.23444723055048197, 0.3298895397321043)"
3,2.3444723055048198,0.23444723055048197,Train Station -> Park -> Bar,"[(-74.00898152589798, 40.71152385094095), (-74.00898152589798, 40.7540041755368), (-73.94991821050644, 40.79648450013265)]","(2.3444723055048198, 6.841678487169112)","(0.23444723055048197, 0.6841678487169112)"
3,2.3444723055048198,0.23444723055048197,Train Station -> Park -> Home (private),"[(-74.00898152589798, 40.71152385094095), (-74.00898152589798, 40.7540041755368), (-73.94991821050644, 40.79648450013265)]","(2.3444723055048198, 3.1476492659646405)","(0.23444723055048197, 0.31476492659646405)"
2,2.3444723055048198,0.23444723055048197,Train Station -> Park,"[(-74.00898152589798, 40.71152385094095), (-74.00898152589798, 40.7540041755368)]","(2.3444723055048198,)","(0.23444723055048197,)"
4,2.324942871351333,0.2324942871351333,Subway -> Food & Drink Shop -> Park -> Bar,"[(-74.00898152589798, 40.71152385094095), (-74.00898152589798, 40.7540041755368), (-74.00898152589798, 40.7540041755368), (-73.94991821050644, 40.79648450013265)]","(2.324942871351333, 4.163134209566666, 6.841678487169112)","(0.2324942871351333, 0.41631342095666657, 0.6841678487169112)"
4,2.324942871351333,0.2324942871351333,Subway -> Food & Drink Shop -> Bar -> Medical Center,"[(-74.00898152589798, 40.71152385094095), (-74.00898152589798, 40.7540041755368), (-73.94991821050644, 40.7540041755368), (-73.94991821050644, 40.6690435263451)]","(2.324942871351333, 4.984336835392222, 5.75620412803183)","(0.2324942871351333, 0.4984336835392222, 0.575620412803183)"
3,2.324942871351333,0.2324942871351333,Subway -> Food & Drink Shop -> Park,"[(-74.00898152589798, 40.71152385094095), (-74.00898152589798, 40.7540041755368), (-74.00898152589798, 40.7540041755368)]","(2.324942871351333, 4.163134209566666)","(0.2324942871351333, 0.41631342095666657)"
3,2.324942871351333,0.2324942871351333,Subway -> Food & Drink Shop -> Bar,"[(-74.00898152589798, 40.71152385094095), (-74.00898152589798, 40.7540041755368), (-73.94991821050644, 40.7540041755368)]","(2.324942871351333, 4.984336835392222)","(0.2324942871351333, 0.4984336835392222)"
3,2.324942871351333,0.2324942871351333,Subway -> Food & Drink Shop -> Bar,"[(-74.00898152589798, 40.71152385094095), (-74.00898152589798, 40.7540041755368), (-73.94991821050644, 40.79648450013265)]","(2.324942871351333, 4.781439300814342)","(0.2324942871351333, 0.4781439300814342)"
2,2.324942871351333,0.2324942871351333,Subway -> Food & Drink Shop,"[(-74.00898152589798, 40.71152385094095), (-74.00898152589798, 40.7540041755368)]","(2.324942871351333,)","(0.2324942871351333,)"
2,2.3095818911243295,0.23095818911243296,Other Great Outdoors -> Neighborhood,"[(-73.94991821050644, 40.9239254739202), (-74.00898152589798, 40.9239254739202)]","(2.3095818911243295,)","(0.23095818911243296,)"
3,2.285775823181708,0.22857758231817077,Park -> Deli / Bodega -> Medical Center,"[(-73.83179157972336, 40.7540041755368), (-73.83179157972336, 40.8389648247285), (-73.83179157972336, 40.7540041755368)]","(2.285775823181708, 5.969496179537717)","(0.22857758231817077, 0.5969496179537717)"
3,2.285775823181708,0.22857758231817077,Park -> Deli / Bodega -> Road,"[(-73.83179157972336, 40.7540041755368), (-73.83179157972336, 40.8389648247285), (-73.8908548951149, 40.8389648247285)]","(2.285775823181708, 3.5441329916809914)","(0.22857758231817077, 0.35441329916809916)"
2,2.285775823181708,0.22857758231817077,Park -> Deli / Bodega,"[(-73.83179157972336, 40.7540041755368), (-73.83179157972336, 40.8389648247285)]","(2.285775823181708,)","(0.22857758231817077,)"
3,2.2838232296160843,0.22838232296160843,Home (private) -> Deli / Bodega -> Medical Center,"[(-73.8908548951149, 40.79648450013265), (-73.83179157972336, 40.8389648247285), (-73.83179157972336, 40.7540041755368)]","(2.2838232296160843, 5.969496179537717)","(0.22838232296160843, 0.5969496179537717)"
3,2.2838232296160843,0.22838232296160843,Home (private) -> Deli / Bodega -> Road,"[(-73.8908548951149, 40.79648450013265), (-73.83179157972336, 40.8389648247285), (-73.8908548951149, 40.8389648247285)]","(2.2838232296160843, 3.5441329916809914)","(0.22838232296160843, 0.35441329916809916)"
2,2.2838232296160843,0.22838232296160843,Home (private) -> Deli / Bodega,"[(-73.8908548951149, 40.79648450013265), (-73.83179157972336, 40.8389648247285)]","(2.2838232296160843,)","(0.22838232296160843,)"
5,2.280936268231628,0.2280936268231628,Neighborhood -> Home (private) -> Food & Drink Shop -> Park -> Bar,"[(-73.94991821050644, 40.7540041755368), (-73.94991821050644, 40.79648450013265), (-74.00898152589798, 40.7540041755368), (-74.00898152589798, 40.7540041755368), (-73.94991821050644, 40.79648450013265)]","(2.280936268231628, 2.8018745019045843, 4.163134209566666, 6.841678487169112)","(0.2280936268231628, 0.28018745019045843, 0.41631342095666657, 0.6841678487169112)"
5,2.280936268231628,0.2280936268231628,Neighborhood -> Home (private) -> Food & Drink Shop -> Bar -> Medical Center,"[(-73.94991821050644, 40.7540041755368), (-73.94991821050644, 40.79648450013265), (-74.00898152589798, 40.7540041755368), (-73.94991821050644, 40.7540041755368), (-73.94991821050644, 40.6690435263451)]","(2.280936268231628, 2.8018745019045843, 4.984336835392222, 5.75620412803183)","(0.2280936268231628, 0.28018745019045843, 0.4984336835392222, 0.575620412803183)"
4,2.280936268231628,0.2280936268231628,Neighborhood -> Home (private) -> Food & Drink Shop -> Park,"[(-73.94991821050644, 40.7540041755368), (-73.94991821050644, 40.79648450013265), (-74.00898152589798, 40.7540041755368), (-74.00898152589798, 40.7540041755368)]","(2.280936268231628, 2.8018745019045843, 4.163134209566666)","(0.2280936268231628, 0.28018745019045843, 0.41631342095666657)"
4,2.280936268231628,0.2280936268231628,Neighborhood -> Home (private) -> Food & Drink Shop -> Bar,"[(-73.94991821050644, 40.7540041755368), (-73.94991821050644, 40.79648450013265), (-74.00898152589798, 40.7540041755368), (-73.94991821050644, 40.7540041755368)]","(2.280936268231628, 2.8018745019045843, 4.984336835392222)","(0.2280936268231628, 0.28018745019045843, 0.4984336835392222)"
4,2.280936268231628,0.2280936268231628,Neighborhood -> Home (private) -> Food & Drink Shop -> Bar,"[(-73.94991821050644, 40.7540041755368), (-73.94991821050644, 40.79648450013265), (-74.00898152589798, 40.7540041755368), (-73.94991821050644, 40.79648450013265)]","(2.280936268231628, 2.8018745019045843, 4.781439300814342)","(0.2280936268231628, 0.28018745019045843, 0.4781439300814342)"
4,2.280936268231628,0.2280936268231628,Neighborhood -> Home (private) -> Park -> Bar,"[(-73.94991821050644, 40.7540041755368), (-73.94991821050644, 40.79648450013265), (-74.00898152589798, 40.7540041755368), (-73.94991821050644, 40.79648450013265)]","(2.280936268231628, 4.1771897646127645, 6.841678487169112)","(0.2280936268231628, 0.4177189764612764, 0.6841678487169112)"
4,2.280936268231628,0.2280936268231628,Neighborhood -> Home (private) -> Bar -> Medical Center,"[(-73.94991821050644, 40.7540041755368), (-73.94991821050644, 40.79648450013265), (-73.94991821050644, 40.7540041755368), (-73.94991821050644, 40.6690435263451)]","(2.280936268231628, 4.876368847878799, 5.75620412803183)","(0.2280936268231628, 0.4876368847878799, 0.575620412803183)"
3,2.280936268231628,0.2280936268231628,Neighborhood -> Home (private) -> Food & Drink Shop,"[(-73.94991821050644, 40.7540041755368), (-73.94991821050644, 40.79648450013265), (-74.00898152589798, 40.7540041755368)]","(2.280936268231628, 2.8018745019045843)","(0.2280936268231628, 0.28018745019045843)"
3,2.280936268231628,0.2280936268231628,Neighborhood -> Home (private) -> Park,"[(-73.94991821050644, 40.7540041755368), (-73.94991821050644, 40.79648450013265), (-74.00898152589798, 40.7540041755368)]","(2.280936268231628, 4.1771897646127645)","(0.2280936268231628, 0.4177189764612764)"
3,2.280936268231628,0.2280936268231628,Neighborhood -> Home (private) -> Bar,"[(-73.94991821050644, 40.7540041755368), (-73.94991821050644, 40.79648450013265), (-73.94991821050644, 40.7540041755368)]","(2.280936268231628, 4.876368847878799)","(0.2280936268231628, 0.4876368847878799)"
3,2.280936268231628,0.2280936268231628,Neighborhood -> Home (private) -> Bar,"[(-73.94991821050644, 40.7540041755368), (-73.94991821050644, 40.79648450013265), (-73.94991821050644, 40.79648450013265)]","(2.280936268231628, 4.646279796592543)","(0.2280936268231628, 0.4646279796592543)"
3,2.280936268231628,0.2280936268231628,Neighborhood -> Home (private) -> Road,"[(-73.94991821050644, 40.7540041755368), (-73.94991821050644, 40.79648450013265), (-73.8908548951149, 40.8389648247285)]","(2.280936268231628, 2.544399676582807)","(0.2280936268231628, 0.2544399676582807)"
2,2.280936268231628,0.2280936268231628,Neighborhood -> Home (private),"[(-73.94991821050644, 40.7540041755368), (-73.94991821050644, 40.79648450013265)]","(2.280936268231628,)","(0.2280936268231628,)"
5,2.26779886745024,0.226779886745024,Train Station -> Home (private) -> Food & Drink Shop -> Park -> Bar,"[(-73.94991821050644, 40.79648450013265), (-73.94991821050644, 40.79648450013265), (-74.00898152589798, 40.7540041755368), (-74.00898152589798, 40.7540041755368), (-73.94991821050644, 40.79648450013265)]","(2.26779886745024, 2.8018745019045843, 4.163134209566666, 6.841678487169112)","(0.226779886745024, 0.28018745019045843, 0.41631342095666657, 0.6841678487169112)"
5,2.26779886745024,0.226779886745024,Train Station -> Home (private) -> Food & Drink Shop -> Bar -> Medical Center,"[(-73.94991821050644, 40.79648450013265), (-73.94991821050644, 40.79648450013265), (-74.00898152589798, 40.7540041755368), (-73.94991821050644, 40.7540041755368), (-73.94991821050644, 40.6690435263451)]","(2.26779886745024, 2.8018745019045843, 4.984336835392222, 5.75620412803183)","(0.226779886745024, 0.28018745019045843, 0.4984336835392222, 0.575620412803183)"
4,2.26779886745024,0.226779886745024,Train Station -> Home (private) -> Food & Drink Shop -> Park,"[(-73.94991821050644, 40.79648450013265), (-73.94991821050644, 40.79648450013265), (-74.00898152589798, 40.7540041755368), (-74.00898152589798, 40.7540041755368)]","(2.26779886745024, 2.8018745019045843, 4.163134209566666)","(0.226779886745024, 0.28018745019045843, 0.41631342095666657)"
4,2.26779886745024,0.226779886745024,Train Station -> Home (private) -> Food & Drink Shop -> Bar,"[(-73.94991821050644, 40.79648450013265), (-73.94991821050644, 40.79648450013265), (-74.00898152589798, 40.7540041755368), (-73.94991821050644, 40.7540041755368)]","(2.26779886745024, 2.8018745019045843, 4.984336835392222)","(0.226779886745024, 0.28018745019045843, 0.4984336835392222)"
4,2.26779886745024,0.226779886745024,Train Station -> Home (private) -> Food & Drink Shop -> Bar,"[(-73.94991821050644, 40.79648450013265), (-73.94991821050644, 40.79648450013265), (-74.00898152589798, 40.7540041755368), (-73.94991821050644, 40.79648450013265)]","(2.26779886745024, 2.8018745019045843, 4.781439300814342)","(0.226779886745024, 0.28018745019045843, 0.4781439300814342)"
4,2.26779886745024,0.226779886745024,Train Station -> Home (private) -> Park -> Bar,"[(-73.94991821050644, 40.79648450013265), (-73.94991821050644, 40.79648450013265), (-74.00898152589798, 40.7540041755368), (-73.94991821050644, 40.79648450013265)]","(2.26779886745024, 4.1771897646127645, 6.841678487169112)","(0.226779886745024, 0.4177189764612764, 0.6841678487169112)"
4,2.26779886745024,0.226779886745024,Train Station -> Home (private) -> Bar -> Medical Center,"[(-73.94991821050644, 40.79648450013265), (-73.94991821050644, 40.79648450013265), (-73.94991821050644, 40.7540041755368), (-73.94991821050644, 40.6690435263451)]","(2.26779886745024, 4.876368847878799, 5.75620412803183)","(0.226779886745024, 0.4876368847878799, 0.575620412803183)"
3,2.26779886745024,0.226779886745024,Train Station -> Home (private) -> Food & Drink Shop,"[(-73.94991821050644, 40.79648450013265), (-73.94991821050644, 40.79648450013265), (-74.00898152589798, 40.7540041755368)]","(2.26779886745024, 2.8018745019045843)","(0.226779886745024, 0.28018745019045843)"
3,2.26779886745024,0.226779886745024,Train Station -> Home (private) -> Park,"[(-73.94991821050644, 40.79648450013265), (-73.94991821050644, 40.79648450013265), (-74.00898152589798, 40.7540041755368)]","(2.26779886745024, 4.1771897646127645)","(0.226779886745024, 0.4177189764612764)"
3,2.26779886745024,0.226779886745024,Train Station -> Home (private) -> Bar,"[(-73.94991821050644, 40.79648450013265), (-73.94991821050644, 40.79648450013265), (-73.94991821050644, 40.7540041755368)]","(2.26779886745024, 4.876368847878799)","(0.226779886745024, 0.4876368847878799)"
3,2.26779886745024,0.226779886745024,Train Station -> Home (private) -> Bar,"[(-73.94991821050644, 40.79648450013265), (-73.94991821050644, 40.79648450013265), (-73.94991821050644, 40.79648450013265)]","(2.26779886745024, 4.646279796592543)","(0.226779886745024, 0.4646279796592543)"
3,2.26779886745024,0.226779886745024,Train Station -> Home (private) -> Road,"[(-73.94991821050644, 40.79648450013265), (-73.94991821050644, 40.79648450013265), (-73.8908548951149, 40.8389648247285)]","(2.26779886745024, 2.544399676582807)","(0.226779886745024, 0.2544399676582807)"
2,2.26779886745024,0.226779886745024,Train Station -> Home (private),"[(-73.94991821050644, 40.79648450013265), (-73.94991821050644, 40.79648450013265)]","(2.26779886745024,)","(0.226779886745024,)"
2,2.2426689151135117,0.22426689151135118,Road -> Bar,"[(-73.8908548951149, 40.8389648247285), (-73.94991821050644, 40.79648450013265)]","(2.2426689151135117,)","(0.22426689151135118,)"
3,2.2272859867598536,0.22272859867598535,Home (private) -> Deli / Bodega -> Medical Center,"[(-73.83179157972336, 40.7540041755368), (-73.83179157972336, 40.8389648247285), (-73.83179157972336, 40.7540041755368)]","(2.2272859867598536, 5.969496179537717)","(0.22272859867598535, 0.5969496179537717)"
3,2.2272859867598536,0.22272859867598535,Home (private) -> Deli / Bodega -> Road,"[(-73.83179157972336, 40.7540041755368), (-73.83179157972336, 40.8389648247285), (-73.8908548951149, 40.8389648247285)]","(2.2272859867598536, 3.5441329916809914)","(0.22272859867598535, 0.35441329916809916)"
2,2.2272859867598536,0.22272859867598535,Home (private) -> Deli / Bodega,"[(-73.83179157972336, 40.7540041755368), (-73.83179157972336, 40.8389648247285)]","(2.2272859867598536,)","(0.22272859867598535,)"
2,2.166070406299041,0.2166070406299041,American Restaurant -> Neighborhood,"[(-74.00898152589798, 40.9239254739202), (-74.00898152589798, 40.9239254739202)]","(2.166070406299041,)","(0.2166070406299041,)"
4,2.156446482559936,0.21564464825599358,Train Station -> Food & Drink Shop -> Park -> Bar,"[(-74.00898152589798, 40.71152385094095), (-74.00898152589798, 40.7540041755368), (-74.00898152589798, 40.7540041755368), (-73.94991821050644, 40.79648450013265)]","(2.156446482559936, 4.163134209566666, 6.841678487169112)","(0.21564464825599358, 0.41631342095666657, 0.6841678487169112)"
4,2.156446482559936,0.21564464825599358,Train Station -> Food & Drink Shop -> Bar -> Medical Center,"[(-74.00898152589798, 40.71152385094095), (-74.00898152589798, 40.7540041755368), (-73.94991821050644, 40.7540041755368), (-73.94991821050644, 40.6690435263451)]","(2.156446482559936, 4.984336835392222, 5.75620412803183)","(0.21564464825599358, 0.4984336835392222, 0.575620412803183)"
3,2.156446482559936,0.21564464825599358,Train Station -> Food & Drink Shop -> Park,"[(-74.00898152589798, 40.71152385094095), (-74.00898152589798, 40.7540041755368), (-74.00898152589798, 40.7540041755368)]","(2.156446482559936, 4.163134209566666)","(0.21564464825599358, 0.41631342095666657)"
3,2.156446482559936,0.21564464825599358,Train Station -> Food & Drink Shop -> Bar,"[(-74.00898152589798, 40.71152385094095), (-74.00898152589798, 40.7540041755368), (-73.94991821050644, 40.7540041755368)]","(2.156446482559936, 4.984336835392222)","(0.21564464825599358, 0.4984336835392222)"
3,2.156446482559936,0.21564464825599358,Train Station -> Food & Drink Shop -> Bar,"[(-74.00898152589798, 40.71152385094095), (-74.00898152589798, 40.7540041755368), (-73.94991821050644, 40.79648450013265)]","(2.156446482559936, 4.781439300814342)","(0.21564464825599358, 0.4781439300814342)"
2,2.156446482559936,0.21564464825599358,Train Station -> Food & Drink Shop,"[(-74.00898152589798, 40.71152385094095), (-74.00898152589798, 40.7540041755368)]","(2.156446482559936,)","(0.21564464825599358,)"
2,2.142891741563024,0.2142891741563024,Home (private) -> Neighborhood,"[(-74.00898152589798, 40.9239254739202), (-74.00898152589798, 40.9239254739202)]","(2.142891741563024,)","(0.2142891741563024,)"
