sequence,length,participation_index,tail_event_count,last_participation_ratio
Office -> Building,2,0.20776255707762556,91,0.20776255707762556
Coffee Shop -> Office,2,0.20451436388508892,299,0.20451436388508892
Office -> Coffee Shop,2,0.1693181818181818,149,0.1693181818181818
Office -> Clothing Store,2,0.16878980891719744,53,0.16878980891719744
Office -> Deli / Bodega,2,0.16846652267818574,78,0.16846652267818574
Office -> Hotel,2,0.15692307692307692,51,0.15692307692307692
Office -> Train Station,2,0.1341772151898734,106,0.1341772151898734
Bar -> Pizza Place,2,0.12648221343873517,32,0.12648221343873517
Bar -> American Restaurant,2,0.125,52,0.125
Coffee Shop -> Clothing Store,2,0.11464968152866242,36,0.11464968152866242
Office -> Coffee Shop -> Office,3,0.10259917920656635,150,0.10259917920656635
Coffee Shop -> Deli / Bodega,2,0.10151187904967603,47,0.10151187904967603
Office -> Gym / Fitness Center,2,0.09977827050997783,90,0.09977827050997783
Coffee Shop -> Hotel,2,0.09846153846153846,32,0.09846153846153846
Deli / Bodega -> Office,2,0.09712722298221614,142,0.09712722298221614
Subway -> Office,2,0.09575923392612859,140,0.09575923392612859
Train Station -> Office,2,0.09575923392612859,140,0.09575923392612859
Building -> Clothing Store,2,0.09235668789808917,29,0.09235668789808917
Park -> Clothing Store,2,0.09235668789808917,29,0.09235668789808917
Bar -> Clothing Store,2,0.08917197452229299,28,0.08917197452229299
Gym / Fitness Center -> Office,2,0.08891928864569083,130,0.08891928864569083
Coffee Shop -> Building,2,0.0867579908675799,38,0.0867579908675799
Office -> Park,2,0.08652246256239601,52,0.08652246256239601
Bar -> Hotel,2,0.08615384615384615,28,0.08615384615384615
Food & Drink Shop -> Clothing Store,2,0.08280254777070063,26,0.08280254777070063
Building -> Office,2,0.08139534883720931,119,0.08139534883720931
Office -> Food & Drink Shop,2,0.08047337278106509,68,0.08047337278106509
Train Station -> Office -> Train Station,3,0.07848101265822785,62,0.07848101265822785
Office -> College Academic Building,2,0.07633587786259542,40,0.07633587786259542
Coffee Shop -> Park,2,0.07487520798668885,45,0.07487520798668885
Gym / Fitness Center -> Hotel,2,0.07384615384615385,24,0.07384615384615385
Food & Drink Shop -> Bank,2,0.07281553398058252,15,0.07281553398058252
Gym / Fitness Center -> Coffee Shop,2,0.07272727272727272,64,0.07272727272727272
Office -> American Restaurant,2,0.07211538461538461,30,0.07211538461538461
Gym / Fitness Center -> Clothing Store,2,0.07006369426751592,22,0.07006369426751592
Gym / Fitness Center -> Deli / Bodega,2,0.06911447084233262,32,0.06911447084233262
Coffee Shop -> Train Station,2,0.06835443037974684,54,0.06835443037974684
Deli / Bodega -> Bank,2,0.06796116504854369,14,0.06796116504854369
Office -> Bank,2,0.06796116504854369,14,0.06796116504854369
Building -> Coffee Shop,2,0.06704545454545455,59,0.06704545454545455
Hotel -> Office,2,0.06497948016415869,95,0.06497948016415869
Office -> Deli / Bodega -> Office,3,0.06497948016415869,95,0.06497948016415869
Bar -> Train Station,2,0.06455696202531645,51,0.06455696202531645
Coffee Shop -> Gym / Fitness Center,2,0.06319290465631928,57,0.06319290465631928
Office -> Train Station -> Office,3,0.06292749658002736,92,0.06292749658002736
Building -> Deli / Bodega,2,0.06263498920086392,29,0.06263498920086392
Subway -> Deli / Bodega,2,0.06263498920086392,29,0.06263498920086392
Subway -> Bus Station,2,0.062388591800356503,35,0.062388591800356503
Office -> Subway,2,0.062317429406037,64,0.062317429406037
Coffee Shop -> Office -> Clothing Store,3,0.06050955414012739,19,0.06050955414012739
Gym / Fitness Center -> Park,2,0.059900166389351084,36,0.059900166389351084
Office -> Pizza Place,2,0.05928853754940711,15,0.05928853754940711
Coffee Shop -> College Academic Building,2,0.05916030534351145,31,0.05916030534351145
Food & Drink Shop -> Office,2,0.058823529411764705,86,0.058823529411764705
Train Station -> Hotel,2,0.05846153846153846,19,0.05846153846153846
Gym / Fitness Center -> Train Station,2,0.05822784810126582,46,0.05822784810126582
Food & Drink Shop -> Drugstore / Pharmacy,2,0.05750798722044728,18,0.05750798722044728
Gym / Fitness Center -> Drugstore / Pharmacy,2,0.05750798722044728,18,0.05750798722044728
Gym / Fitness Center -> Building,2,0.05707762557077625,25,0.05707762557077625
Coffee Shop -> Office -> Building,3,0.05707762557077625,25,0.05707762557077625
Train Station -> Coffee Shop,2,0.056818181818181816,50,0.056818181818181816
Park -> Office,2,0.05677154582763338,83,0.05677154582763338
Food & Drink Shop -> Park,2,0.056572379367720464,34,0.056572379367720464
Office -> Neighborhood,2,0.05631067961165048,29,0.05631067961165048
Deli / Bodega -> Coffee Shop,2,0.05568181818181818,49,0.05568181818181818
Office -> Building -> Office,3,0.05540355677154583,81,0.05540355677154583
Bar -> Park,2,0.05490848585690516,33,0.05490848585690516
Office -> Drugstore / Pharmacy,2,0.054313099041533544,17,0.054313099041533544
Building -> Bank,2,0.05339805825242718,11,0.05339805825242718
Bar -> Gym / Fitness Center,2,0.05321507760532151,48,0.05321507760532151
Coffee Shop -> Office -> Hotel,3,0.052307692307692305,17,0.052307692307692305
Park -> Coffee Shop,2,0.05227272727272727,46,0.05227272727272727
Subway -> Park,2,0.051580698835274545,31,0.051580698835274545
Coffee Shop -> Office -> Coffee Shop,3,0.05113636363636364,45,0.05113636363636364
Coffee Shop -> Drugstore / Pharmacy,2,0.051118210862619806,16,0.051118210862619806
Hotel -> Clothing Store,2,0.050955414012738856,16,0.050955414012738856
Gym / Fitness Center -> American Restaurant,2,0.05048076923076923,21,0.05048076923076923
Train Station -> Office -> Building,3,0.0502283105022831,22,0.0502283105022831
Bar -> Bus Station,2,0.049910873440285206,28,0.049910873440285206
Subway -> Hotel,2,0.04923076923076923,16,0.04923076923076923
American Restaurant -> Bar,2,0.048666666666666664,73,0.048666666666666664
Coffee Shop -> Bank,2,0.04854368932038835,10,0.04854368932038835
Bar -> Food & Drink Shop,2,0.0485207100591716,41,0.0485207100591716
Train Station -> Building,2,0.04794520547945205,21,0.04794520547945205
Deli / Bodega -> Clothing Store,2,0.04777070063694268,15,0.04777070063694268
Subway -> Clothing Store,2,0.04777070063694268,15,0.04777070063694268
Train Station -> Clothing Store,2,0.04777070063694268,15,0.04777070063694268
Park -> Gym / Fitness Center,2,0.04767184035476718,43,0.04767184035476718
Coffee Shop -> Office -> Deli / Bodega,3,0.047516198704103674,22,0.047516198704103674
Food & Drink Shop -> Pizza Place,2,0.04743083003952569,12,0.04743083003952569
Coffee Shop -> Office -> Coffee Shop -> Office,4,0.04582763337893297,67,0.04582763337893297
Gym / Fitness Center -> College Academic Building,2,0.04580152671755725,24,0.04580152671755725
Coffee Shop -> Office -> Train Station,3,0.04556962025316456,36,0.04556962025316456
Train Station -> Coffee Shop -> Train Station,3,0.04556962025316456,36,0.04556962025316456
Coffee Shop -> Medical Center,2,0.045454545454545456,15,0.045454545454545456
Park -> Deli / Bodega,2,0.04535637149028078,21,0.04535637149028078
Gym / Fitness Center -> Bar,2,0.04466666666666667,67,0.04466666666666667
Deli / Bodega -> Office -> Clothing Store,3,0.044585987261146494,14,0.044585987261146494
Hotel -> Office -> Clothing Store,3,0.044585987261146494,14,0.044585987261146494
Office -> Building -> Clothing Store,3,0.044585987261146494,14,0.044585987261146494
Bar -> Office,2,0.04445964432284542,65,0.04445964432284542
Subway -> Coffee Shop,2,0.04431818181818182,39,0.04431818181818182
Train Station -> Office -> Coffee Shop,3,0.04431818181818182,39,0.04431818181818182
Coffee Shop -> Deli / Bodega -> Office,3,0.04377564979480164,64,0.04377564979480164
Gym / Fitness Center -> Bank,2,0.043689320388349516,9,0.043689320388349516
Train Station -> Office -> Train Station -> Office,4,0.043091655266757865,63,0.043091655266757865
Gym / Fitness Center -> Office -> Hotel,3,0.043076923076923075,14,0.043076923076923075
Office -> Train Station -> Office -> Train Station,4,0.043037974683544304,34,0.043037974683544304
Other Great Outdoors -> Bus Station,2,0.0427807486631016,24,0.0427807486631016
Bar -> Neighborhood,2,0.04271844660194175,22,0.04271844660194175
Coffee Shop -> Bar,2,0.042666666666666665,64,0.042666666666666665
Coffee Shop -> Food & Drink Shop,2,0.04260355029585799,36,0.04260355029585799
Bar -> Coffee Shop,2,0.042045454545454546,37,0.042045454545454546
Hotel -> Bar,2,0.042,63,0.042
Office -> Bar,2,0.042,63,0.042
American Restaurant -> Clothing Store,2,0.041401273885350316,13,0.041401273885350316
Office -> Coffee Shop -> Office -> Clothing Store,4,0.041401273885350316,13,0.041401273885350316
Office -> Deli / Bodega -> Office -> Clothing Store,4,0.041401273885350316,13,0.041401273885350316
Park -> Building,2,0.0410958904109589,18,0.0410958904109589
Office -> Coffee Shop -> Building,3,0.0410958904109589,18,0.0410958904109589
Clothing Store -> Office,2,0.04103967168262654,60,0.04103967168262654
Building -> Office -> Deli / Bodega,3,0.04103671706263499,19,0.04103671706263499
Food & Drink Shop -> Coffee Shop,2,0.04090909090909091,36,0.04090909090909091
Building -> Office -> Coffee Shop,3,0.04090909090909091,36,0.04090909090909091
Coffee Shop -> American Restaurant,2,0.040865384615384616,17,0.040865384615384616
Subway -> Train Station,2,0.04050632911392405,32,0.04050632911392405
Coffee Shop -> Train Station -> Office,3,0.04035567715458276,59,0.04035567715458276
Office -> Subway -> Office,3,0.04035567715458276,59,0.04035567715458276
Bus Station -> Hotel,2,0.04,13,0.04
Office -> Deli / Bodega -> Coffee Shop,3,0.03977272727272727,35,0.03977272727272727
Coffee Shop -> Pizza Place,2,0.039525691699604744,10,0.039525691699604744
Park -> Food & Drink Shop,2,0.03905325443786982,33,0.03905325443786982
Deli / Bodega -> Office -> Deli / Bodega,3,0.038876889848812095,18,0.038876889848812095
Gym / Fitness Center -> Office -> Deli / Bodega,3,0.038876889848812095,18,0.038876889848812095
Clothing Store -> Bank,2,0.038834951456310676,8,0.038834951456310676
Drugstore / Pharmacy -> Bank,2,0.038834951456310676,8,0.038834951456310676
Food & Drink Shop -> Gym / Fitness Center,2,0.038802660753880266,35,0.038802660753880266
Home (private) -> Other Great Outdoors,2,0.038461538461538464,22,0.038461538461538464
Building -> Park,2,0.03826955074875208,23,0.03826955074875208
Subway -> Office -> Clothing Store,3,0.03821656050955414,12,0.03821656050955414
Bar -> College Academic Building,2,0.03816793893129771,20,0.03816793893129771
Deli / Bodega -> College Academic Building,2,0.03816793893129771,20,0.03816793893129771
Bar -> Subway,2,0.0379746835443038,39,0.0379746835443038
Building -> Train Station,2,0.0379746835443038,30,0.0379746835443038
Gym / Fitness Center -> Food & Drink Shop,2,0.0378698224852071,32,0.0378698224852071
Subway -> Food & Drink Shop,2,0.0378698224852071,32,0.0378698224852071
Deli / Bodega -> Coffee Shop -> Office,3,0.03761969904240766,55,0.03761969904240766
Gym / Fitness Center -> Subway,2,0.03700097370983447,38,0.03700097370983447
Coffee Shop -> Neighborhood,2,0.036893203883495145,19,0.036893203883495145
Train Station -> Deli / Bodega,2,0.0367170626349892,17,0.0367170626349892
Office -> Coffee Shop -> Deli / Bodega,3,0.0367170626349892,17,0.0367170626349892
Clothing Store -> Building,2,0.0365296803652968,16,0.0365296803652968
Deli / Bodega -> Building,2,0.0365296803652968,16,0.0365296803652968
Food & Drink Shop -> Building,2,0.0365296803652968,16,0.0365296803652968
Office -> Coffee Shop -> Office -> Building,4,0.0365296803652968,16,0.0365296803652968
Office -> Train Station -> Office -> Building,4,0.0365296803652968,16,0.0365296803652968
Clothing Store -> Coffee Shop,2,0.03636363636363636,32,0.03636363636363636
Building -> College Academic Building,2,0.03625954198473282,19,0.03625954198473282
Gym / Fitness Center -> Coffee Shop -> Office,3,0.03625170998632011,53,0.03625170998632011
Office -> Hotel -> Office,3,0.03625170998632011,53,0.03625170998632011
Subway -> Coffee Shop -> Office,3,0.03625170998632011,53,0.03625170998632011
Train Station -> Office -> Coffee Shop -> Office,4,0.03625170998632011,53,0.03625170998632011
Food & Drink Shop -> American Restaurant,2,0.036057692307692304,15,0.036057692307692304
Hotel -> American Restaurant,2,0.036057692307692304,15,0.036057692307692304
Drugstore / Pharmacy -> Bus Station,2,0.035650623885918005,20,0.035650623885918005
Subway -> Pizza Place,2,0.03557312252964427,9,0.03557312252964427
Train Station -> Coffee Shop -> Office,3,0.03556771545827633,52,0.03556771545827633
Office -> Building -> Office -> Coffee Shop,4,0.035227272727272725,31,0.035227272727272725
Train Station -> Drugstore / Pharmacy,2,0.03514376996805112,11,0.03514376996805112
Office -> Deli / Bodega -> Clothing Store,3,0.03503184713375796,11,0.03503184713375796
Park -> Office -> Clothing Store,3,0.03503184713375796,11,0.03503184713375796
Subway -> Neighborhood,2,0.03495145631067961,18,0.03495145631067961
Deli / Bodega -> Park,2,0.03494176372712146,21,0.03494176372712146
Bar -> Deli / Bodega,2,0.03455723542116631,16,0.03455723542116631
Neighborhood -> Building,2,0.03424657534246575,15,0.03424657534246575
Subway -> Building,2,0.03424657534246575,15,0.03424657534246575
Deli / Bodega -> Office -> Building,3,0.03424657534246575,15,0.03424657534246575
Deli / Bodega -> Office -> Train Station,3,0.03417721518987342,27,0.03417721518987342
College Academic Building -> Coffee Shop,2,0.03409090909090909,30,0.03409090909090909
Office -> Train Station -> Office -> Coffee Shop,4,0.03409090909090909,30,0.03409090909090909
Bar -> Bank,2,0.03398058252427184,7,0.03398058252427184
Hotel -> Bank,2,0.03398058252427184,7,0.03398058252427184
Office -> Coffee Shop -> Hotel,3,0.033846153846153845,11,0.033846153846153845
Office -> Coffee Shop -> Office -> Hotel,4,0.033846153846153845,11,0.033846153846153845
Neighborhood -> Office,2,0.033515731874145006,49,0.033515731874145006
Office -> Medical Center,2,0.03333333333333333,11,0.03333333333333333
Clothing Store -> Gym / Fitness Center,2,0.03325942350332594,30,0.03325942350332594
Food & Drink Shop -> Train Station,2,0.03291139240506329,26,0.03291139240506329
Hotel -> Train Station,2,0.03291139240506329,26,0.03291139240506329
Office -> Gym / Fitness Center -> Office,3,0.03283173734610123,48,0.03283173734610123
Office -> Deli / Bodega -> Coffee Shop -> Office,4,0.03283173734610123,48,0.03283173734610123
Office -> Food & Drink Shop -> Office,3,0.032147742818057455,47,0.032147742818057455
Coffee Shop -> Office -> Train Station -> Office,4,0.032147742818057455,47,0.032147742818057455
Coffee Shop -> Subway,2,0.03213242453748783,33,0.03213242453748783
Building -> Office -> Building,3,0.0319634703196347,14,0.0319634703196347
Bus Station -> Drugstore / Pharmacy,2,0.03194888178913738,10,0.03194888178913738
Park -> Drugstore / Pharmacy,2,0.03194888178913738,10,0.03194888178913738
Food & Drink Shop -> Residential Building (Apartment / Condo),2,0.03194103194103194,13,0.03194103194103194
Drugstore / Pharmacy -> Clothing Store,2,0.03184713375796178,10,0.03184713375796178
Building -> Coffee Shop -> Clothing Store,3,0.03184713375796178,10,0.03184713375796178
Clothing Store -> Building -> Clothing Store,3,0.03184713375796178,10,0.03184713375796178
Clothing Store -> Office -> Clothing Store,3,0.03184713375796178,10,0.03184713375796178
Office -> Coffee Shop -> Clothing Store,3,0.03184713375796178,10,0.03184713375796178
Train Station -> Office -> Coffee Shop -> Office -> Clothing Store,5,0.03184713375796178,10,0.03184713375796178
American Restaurant -> Coffee Shop,2,0.031818181818181815,28,0.031818181818181815
Deli / Bodega -> Office -> Coffee Shop,3,0.031818181818181815,28,0.031818181818181815
Office -> Building -> Coffee Shop,3,0.031818181818181815,28,0.031818181818181815
Deli / Bodega -> Office -> Coffee Shop -> Office,4,0.031818181818181815,54,0.036935704514363885
Clothing Store -> Park,2,0.03161397670549085,19,0.03161397670549085
Building -> Coffee Shop -> Office,3,0.03146374829001368,46,0.03146374829001368
Food & Drink Shop -> Bar,2,0.03133333333333333,47,0.03133333333333333
Gym / Fitness Center -> Neighborhood,2,0.031067961165048542,16,0.031067961165048542
Drugstore / Pharmacy -> Office,2,0.030779753761969904,45,0.030779753761969904
Clothing Store -> Food & Drink Shop,2,0.03076923076923077,26,0.03076923076923077
Clothing Store -> Hotel,2,0.03076923076923077,10,0.03076923076923077
Deli / Bodega -> Hotel,2,0.03076923076923077,10,0.03076923076923077
Food & Drink Shop -> Hotel,2,0.03076923076923077,10,0.03076923076923077
Office -> Deli / Bodega -> Office -> Train Station,4,0.030379746835443037,24,0.030379746835443037
College Academic Building -> Medical Center,2,0.030303030303030304,10,0.030303030303030304
Home (private) -> Bus Station,2,0.030303030303030304,17,0.030303030303030304
Subway -> Medical Center,2,0.030303030303030304,10,0.030303030303030304
Office -> Building -> Office -> Deli / Bodega,4,0.03023758099352052,14,0.03023758099352052
Food & Drink Shop -> Subway,2,0.03018500486854917,31,0.03018500486854917
Home (private) -> Bar,2,0.03,45,0.03
Hotel -> Gym / Fitness Center,2,0.02993348115299335,27,0.02993348115299335
Bar -> Building,2,0.02968036529680365,13,0.02968036529680365
Hotel -> Building,2,0.02968036529680365,13,0.02968036529680365
Subway -> Office -> Coffee Shop,3,0.029545454545454545,26,0.029545454545454545
Subway -> Office -> Coffee Shop -> Office,4,0.029545454545454545,47,0.032147742818057455
Bar -> Residential Building (Apartment / Condo),2,0.029484029484029485,12,0.029484029484029485
American Restaurant -> Office,2,0.029411764705882353,43,0.029411764705882353
Deli / Bodega -> Neighborhood,2,0.02912621359223301,15,0.02912621359223301
Clothing Store -> American Restaurant,2,0.028846153846153848,12,0.028846153846153848
Bar -> Drugstore / Pharmacy,2,0.02875399361022364,9,0.02875399361022364
Subway -> Drugstore / Pharmacy,2,0.02875399361022364,9,0.02875399361022364
Bank -> Clothing Store,2,0.028662420382165606,9,0.028662420382165606
Coffee Shop -> Building -> Clothing Store,3,0.028662420382165606,9,0.028662420382165606
Subway -> College Academic Building,2,0.02862595419847328,15,0.02862595419847328
Coffee Shop -> Bus Station,2,0.0285204991087344,16,0.0285204991087344
Food & Drink Shop -> Bus Station,2,0.0285204991087344,16,0.0285204991087344
Drugstore / Pharmacy -> Food & Drink Shop,2,0.028402366863905324,24,0.028402366863905324
College Academic Building -> Deli / Bodega,2,0.028077753779697623,13,0.028077753779697623
Subway -> Office -> Deli / Bodega,3,0.028077753779697623,13,0.028077753779697623
Office -> Park -> Office,3,0.0280437756497948,41,0.0280437756497948
Park -> Coffee Shop -> Office,3,0.0280437756497948,41,0.0280437756497948
Train Station -> Bar,2,0.028,42,0.028
Train Station -> Bar -> Train Station,3,0.028,30,0.0379746835443038
Office -> Coffee Shop -> Train Station,3,0.027848101265822784,22,0.027848101265822784
Train Station -> Coffee Shop -> Office -> Train Station,4,0.027848101265822784,22,0.027848101265822784
Train Station -> Gym / Fitness Center,2,0.02771618625277162,25,0.02771618625277162
Train Station -> Gym / Fitness Center -> Train Station,3,0.02771618625277162,22,0.027848101265822784
Park -> Hotel,2,0.027692307692307693,9,0.027692307692307693
Subway -> Office -> Hotel,3,0.027692307692307693,9,0.027692307692307693
American Restaurant -> Pizza Place,2,0.02766798418972332,7,0.02766798418972332
Gym / Fitness Center -> Pizza Place,2,0.02766798418972332,7,0.02766798418972332
Subway -> Bar,2,0.027333333333333334,41,0.027333333333333334
Drugstore / Pharmacy -> Coffee Shop,2,0.02727272727272727,24,0.02727272727272727
Drugstore / Pharmacy -> Medical Center,2,0.02727272727272727,9,0.02727272727272727
Gym / Fitness Center -> Medical Center,2,0.02727272727272727,9,0.02727272727272727
Gym / Fitness Center -> Office -> Coffee Shop,3,0.02727272727272727,24,0.02727272727272727
Office -> Coffee Shop -> Office -> Coffee Shop,4,0.02727272727272727,24,0.02727272727272727
Train Station -> Office -> Train Station -> Office -> Coffee Shop,5,0.02727272727272727,24,0.02727272727272727
Deli / Bodega -> Subway,2,0.027263875365141188,28,0.027263875365141188
Neighborhood -> Bus Station,2,0.026737967914438502,15,0.026737967914438502
Coffee Shop -> Building -> Office,3,0.02667578659370725,39,0.02667578659370725
Coffee Shop -> Subway -> Office,3,0.02667578659370725,39,0.02667578659370725
Coffee Shop -> Office -> Deli / Bodega -> Office,4,0.02667578659370725,39,0.02667578659370725
Other Great Outdoors -> Park,2,0.026622296173044926,16,0.026622296173044926
Home (private) -> Train Station,2,0.026582278481012658,21,0.026582278481012658
Gym / Fitness Center -> Office -> Train Station,3,0.026582278481012658,21,0.026582278481012658
Office -> Train Station -> Coffee Shop,3,0.026136363636363635,23,0.026136363636363635
Gym / Fitness Center -> Deli / Bodega -> Office,3,0.025991792065663474,38,0.025991792065663474
Office -> Clothing Store -> Office,3,0.025991792065663474,38,0.025991792065663474
Gym / Fitness Center -> Office -> Coffee Shop -> Office,4,0.025991792065663474,38,0.025991792065663474
Office -> Building -> Coffee Shop -> Office,4,0.025991792065663474,38,0.025991792065663474
Building -> Office -> Clothing Store,3,0.025477707006369428,8,0.025477707006369428
Clothing Store -> Coffee Shop -> Clothing Store,3,0.025477707006369428,8,0.025477707006369428
Office -> Food & Drink Shop -> Clothing Store,3,0.025477707006369428,8,0.025477707006369428
Train Station -> Office -> Clothing Store,3,0.025477707006369428,8,0.025477707006369428
Coffee Shop -> Office -> Coffee Shop -> Clothing Store,4,0.025477707006369428,8,0.025477707006369428
Deli / Bodega -> Coffee Shop -> Office -> Clothing Store,4,0.025477707006369428,8,0.025477707006369428
Office -> Subway -> Office -> Clothing Store,4,0.025477707006369428,8,0.025477707006369428
Subway -> Coffee Shop -> Office -> Clothing Store,4,0.025477707006369428,8,0.025477707006369428
Train Station -> Office -> Building -> Clothing Store,4,0.025477707006369428,8,0.025477707006369428
Coffee Shop -> Office -> Coffee Shop -> Office -> Clothing Store,5,0.025477707006369428,8,0.025477707006369428
Deli / Bodega -> Office -> Coffee Shop -> Office -> Clothing Store,5,0.025477707006369428,8,0.025477707006369428
Office -> Deli / Bodega -> Coffee Shop -> Office -> Clothing Store,5,0.025477707006369428,8,0.025477707006369428
Park -> Subway,2,0.02531645569620253,26,0.02531645569620253
Office -> Building -> Train Station,3,0.02531645569620253,20,0.02531645569620253
Office -> Coffee Shop -> Train Station -> Office,4,0.0253077975376197,37,0.0253077975376197
Office -> Train Station -> Office -> Train Station -> Office,5,0.0253077975376197,37,0.0253077975376197
Gym / Fitness Center -> Office -> Building,3,0.02511415525114155,11,0.02511415525114155
Office -> Building -> Office -> Building,4,0.02511415525114155,11,0.02511415525114155
Train Station -> Office -> Train Station -> Office -> Building,5,0.02511415525114155,11,0.02511415525114155
Bank -> Coffee Shop,2,0.025,22,0.025
Hotel -> Coffee Shop,2,0.025,22,0.025
American Restaurant -> Park,2,0.024958402662229616,15,0.024958402662229616
Park -> College Academic Building,2,0.02480916030534351,13,0.02480916030534351
College Academic Building -> Office,2,0.024623803009575923,36,0.024623803009575923
Coffee Shop -> Hotel -> Office,3,0.024623803009575923,36,0.024623803009575923
Train Station -> Coffee Shop -> Train Station -> Office,4,0.024623803009575923,36,0.024623803009575923
American Restaurant -> Hotel,2,0.024615384615384615,8,0.024615384615384615
Building -> Hotel,2,0.024615384615384615,8,0.024615384615384615
Office -> Gym / Fitness Center -> Office -> Hotel,4,0.024615384615384615,8,0.024615384615384615
Park -> Other Great Outdoors,2,0.024475524475524476,14,0.024475524475524476
Subway -> Gym / Fitness Center,2,0.024390243902439025,22,0.024390243902439025
Bus Station -> Subway,2,0.024342745861733205,25,0.024342745861733205
Subway -> Bank,2,0.024271844660194174,5,0.024271844660194174
Train Station -> Bank,2,0.024271844660194174,5,0.024271844660194174
Deli / Bodega -> Medical Center,2,0.024242424242424242,8,0.024242424242424242
Clothing Store -> Train Station,2,0.024050632911392405,19,0.024050632911392405
Building -> Office -> Train Station,3,0.024050632911392405,19,0.024050632911392405
Office -> Coffee Shop -> Office -> Train Station,4,0.024050632911392405,19,0.024050632911392405
Building -> American Restaurant,2,0.02403846153846154,10,0.02403846153846154
Bus Station -> American Restaurant,2,0.02403846153846154,10,0.02403846153846154
Drugstore / Pharmacy -> American Restaurant,2,0.02403846153846154,10,0.02403846153846154
Park -> American Restaurant,2,0.02403846153846154,10,0.02403846153846154
Subway -> American Restaurant,2,0.02403846153846154,10,0.02403846153846154
Office -> Coffee Shop -> Office -> Coffee Shop -> Office,5,0.023939808481532147,35,0.023939808481532147
Office -> Train Station -> Office -> Coffee Shop -> Office,5,0.023939808481532147,35,0.023939808481532147
Clothing Store -> Deli / Bodega,2,0.023758099352051837,11,0.023758099352051837
Food & Drink Shop -> Deli / Bodega,2,0.023758099352051837,11,0.023758099352051837
Gym / Fitness Center -> Coffee Shop -> Deli / Bodega,3,0.023758099352051837,11,0.023758099352051837
Office -> Building -> Deli / Bodega,3,0.023758099352051837,11,0.023758099352051837
Office -> Gym / Fitness Center -> Deli / Bodega,3,0.023758099352051837,11,0.023758099352051837
College Academic Building -> Pizza Place,2,0.023715415019762844,6,0.023715415019762844
Deli / Bodega -> Pizza Place,2,0.023715415019762844,6,0.023715415019762844
Hotel -> Pizza Place,2,0.023715415019762844,6,0.023715415019762844
Train Station -> Pizza Place,2,0.023715415019762844,6,0.023715415019762844
Deli / Bodega -> Food & Drink Shop,2,0.023668639053254437,20,0.023668639053254437
Park -> Bar,2,0.023333333333333334,35,0.023333333333333334
Pizza Place -> Bar,2,0.023333333333333334,35,0.023333333333333334
Park -> Neighborhood,2,0.02330097087378641,12,0.02330097087378641
Deli / Bodega -> Office -> Neighborhood,3,0.02330097087378641,12,0.02330097087378641
Park -> Coffee Shop -> Park,3,0.02329450915141431,14,0.02329450915141431
Office -> Neighborhood -> Office,3,0.023255813953488372,34,0.023255813953488372
American Restaurant -> Office -> Building,3,0.0228310502283105,10,0.0228310502283105
Hotel -> Office -> Building,3,0.0228310502283105,10,0.0228310502283105
Bus Station -> Train Station,2,0.02278481012658228,18,0.02278481012658228
Food & Drink Shop -> Office -> Train Station,3,0.02278481012658228,18,0.02278481012658228
Office -> Gym / Fitness Center -> Train Station,3,0.02278481012658228,18,0.02278481012658228
Subway -> Office -> Train Station,3,0.02278481012658228,18,0.02278481012658228
Coffee Shop -> Train Station -> Office -> Train Station,4,0.02278481012658228,18,0.02278481012658228
Office -> Deli / Bodega -> Office -> Coffee Shop,4,0.022727272727272728,20,0.022727272727272728
Office -> Deli / Bodega -> Office -> Coffee Shop -> Office,5,0.022727272727272728,42,0.028727770177838577
Drugstore / Pharmacy -> Coffee Shop -> Office,3,0.022571819425444596,33,0.022571819425444596
Building -> Office -> Deli / Bodega -> Office,4,0.022571819425444596,33,0.022571819425444596
Building -> Office -> Train Station -> Office,4,0.022571819425444596,33,0.022571819425444596
Bank -> Drugstore / Pharmacy,2,0.022364217252396165,7,0.022364217252396165
Building -> Drugstore / Pharmacy,2,0.022364217252396165,7,0.022364217252396165
Clothing Store -> Drugstore / Pharmacy,2,0.022364217252396165,7,0.022364217252396165
College Academic Building -> Clothing Store,2,0.022292993630573247,7,0.022292993630573247
Neighborhood -> Clothing Store,2,0.022292993630573247,7,0.022292993630573247
Clothing Store -> Food & Drink Shop -> Clothing Store,3,0.022292993630573247,7,0.022292993630573247
Coffee Shop -> Park -> Clothing Store,3,0.022292993630573247,7,0.022292993630573247
Deli / Bodega -> Coffee Shop -> Clothing Store,3,0.022292993630573247,7,0.022292993630573247
Office -> Park -> Clothing Store,3,0.022292993630573247,7,0.022292993630573247
Building -> Coffee Shop -> Office -> Clothing Store,4,0.022292993630573247,7,0.022292993630573247
Office -> Building -> Office -> Clothing Store,4,0.022292993630573247,7,0.022292993630573247
Office -> Deli / Bodega -> Coffee Shop -> Clothing Store,4,0.022292993630573247,7,0.022292993630573247
Train Station -> Office -> Coffee Shop -> Clothing Store,4,0.022292993630573247,7,0.022292993630573247
Building -> Office -> Deli / Bodega -> Office -> Clothing Store,5,0.022292993630573247,7,0.022292993630573247
Office -> Building -> Coffee Shop -> Office -> Clothing Store,5,0.022292993630573247,7,0.022292993630573247
American Restaurant -> Gym / Fitness Center,2,0.022172949002217297,20,0.022172949002217297
Neighborhood -> Gym / Fitness Center,2,0.022172949002217297,20,0.022172949002217297
Coffee Shop -> Office -> Gym / Fitness Center,3,0.022172949002217297,20,0.022172949002217297
Subway -> Residential Building (Apartment / Condo),2,0.022113022113022112,9,0.022113022113022112
Train Station -> American Restaurant,2,0.021634615384615384,9,0.021634615384615384
Coffee Shop -> Office -> American Restaurant,3,0.021634615384615384,9,0.021634615384615384
Office -> Food & Drink Shop -> Park,3,0.021630615640599003,13,0.021630615640599003
Medical Center -> Deli / Bodega,2,0.02159827213822894,10,0.02159827213822894
Building -> Coffee Shop -> Deli / Bodega,3,0.02159827213822894,10,0.02159827213822894
Office -> Gym / Fitness Center -> Coffee Shop,3,0.02159090909090909,19,0.02159090909090909
College Academic Building -> Hotel,2,0.021538461538461538,7,0.021538461538461538
Neighborhood -> Hotel,2,0.021538461538461538,7,0.021538461538461538
Office -> Train Station -> Hotel,3,0.021538461538461538,7,0.021538461538461538
Train Station -> Office -> Hotel,3,0.021538461538461538,7,0.021538461538461538
American Restaurant -> Train Station,2,0.021518987341772152,17,0.021518987341772152
Deli / Bodega -> Train Station,2,0.021518987341772152,17,0.021518987341772152
Train Station -> Hotel -> Train Station,3,0.021518987341772152,17,0.021518987341772152
Office -> Building -> Office -> Train Station,4,0.021518987341772152,17,0.021518987341772152
Office -> Food & Drink Shop -> Office -> Train Station,4,0.021518987341772152,17,0.021518987341772152
Train Station -> Office -> Building -> Train Station,4,0.021518987341772152,17,0.021518987341772152
Train Station -> Office -> Train Station -> Office -> Train Station,5,0.021518987341772152,17,0.021518987341772152
American Restaurant -> Bus Station,2,0.0213903743315508,12,0.0213903743315508
Coffee Shop -> Office -> Neighborhood,3,0.021359223300970873,11,0.021359223300970873
Office -> Deli / Bodega -> Office -> Neighborhood,4,0.021359223300970873,11,0.021359223300970873
Bus Station -> Medical Center,2,0.021212121212121213,7,0.021212121212121213
Building -> Train Station -> Office,3,0.021203830369357045,31,0.021203830369357045
Building -> Office -> Coffee Shop -> Office,4,0.021203830369357045,31,0.021203830369357045
Office -> Coffee Shop -> Building -> Office,4,0.021203830369357045,31,0.021203830369357045
Office -> Train Station -> Coffee Shop -> Office,4,0.021203830369357045,31,0.021203830369357045
Building -> Office -> Coffee Shop -> Office -> Clothing Store,5,0.021203830369357045,7,0.022292993630573247
Gym / Fitness Center -> Office -> Gym / Fitness Center,3,0.02106430155210643,19,0.02106430155210643
Office -> Deli / Bodega -> College Academic Building,3,0.02099236641221374,11,0.02099236641221374
Subway -> Other Great Outdoors,2,0.02097902097902098,12,0.02097902097902098
American Restaurant -> Building,2,0.02054794520547945,9,0.02054794520547945
Pizza Place -> Building,2,0.02054794520547945,9,0.02054794520547945
Clothing Store -> Office -> Building,3,0.02054794520547945,9,0.02054794520547945
Park -> Office -> Building,3,0.02054794520547945,9,0.02054794520547945
Subway -> Office -> Building,3,0.02054794520547945,9,0.02054794520547945
Coffee Shop -> Office -> Coffee Shop -> Office -> Building,5,0.02054794520547945,9,0.02054794520547945
Train Station -> Coffee Shop -> Office -> Train Station -> Office,5,0.02051983584131327,30,0.02051983584131327
Coffee Shop -> Deli / Bodega -> Coffee Shop,3,0.020454545454545454,18,0.020454545454545454
Coffee Shop -> Deli / Bodega -> Coffee Shop -> Office,4,0.020454545454545454,36,0.024623803009575923
Train Station -> Office -> Train Station -> Coffee Shop,4,0.020454545454545454,18,0.020454545454545454
American Restaurant -> Office -> Train Station,3,0.020253164556962026,16,0.020253164556962026
Bar -> Office -> Train Station,3,0.020253164556962026,16,0.020253164556962026
Building -> Coffee Shop -> Train Station,3,0.020253164556962026,16,0.020253164556962026
Train Station -> Office -> Coffee Shop -> Train Station,4,0.020253164556962026,16,0.020253164556962026
American Restaurant -> Food & Drink Shop,2,0.020118343195266272,17,0.020118343195266272
Clothing Store -> Bar,2,0.02,30,0.02
College Academic Building -> Gym / Fitness Center,2,0.019955654101995565,18,0.019955654101995565
Bank -> Office,2,0.019835841313269494,29,0.019835841313269494
Office -> Building -> Office -> Train Station -> Office,5,0.019835841313269494,29,0.019835841313269494
Building -> Pizza Place,2,0.019762845849802372,5,0.019762845849802372
Clothing Store -> Pizza Place,2,0.019762845849802372,5,0.019762845849802372
Drugstore / Pharmacy -> Pizza Place,2,0.019762845849802372,5,0.019762845849802372
Hotel -> Bar -> Pizza Place,3,0.019762845849802372,5,0.019762845849802372
Hotel -> Bus Station,2,0.0196078431372549,11,0.0196078431372549
Office -> Bus Station,2,0.0196078431372549,11,0.0196078431372549
Home (private) -> Subway,2,0.019474196689386564,20,0.019474196689386564
Bus Station -> Deli / Bodega,2,0.019438444924406047,9,0.019438444924406047
Drugstore / Pharmacy -> Deli / Bodega,2,0.019438444924406047,9,0.019438444924406047
Neighborhood -> Deli / Bodega,2,0.019438444924406047,9,0.019438444924406047
Park -> Office -> Deli / Bodega,3,0.019438444924406047,9,0.019438444924406047
Office -> Deli / Bodega -> Office -> Deli / Bodega,4,0.019438444924406047,9,0.019438444924406047
Bus Station -> Bank,2,0.019417475728155338,4,0.019417475728155338
Bus Station -> Neighborhood,2,0.019417475728155338,10,0.019417475728155338
Neighborhood -> Bank,2,0.019417475728155338,4,0.019417475728155338
Bar -> Gym / Fitness Center -> Bank,3,0.019417475728155338,4,0.019417475728155338
Drugstore / Pharmacy -> Office -> Bank,3,0.019417475728155338,4,0.019417475728155338
Office -> Deli / Bodega -> Bank,3,0.019417475728155338,4,0.019417475728155338
Coffee Shop -> Train Station -> Office -> Coffee Shop,4,0.019318181818181818,17,0.019318181818181818
Neighborhood -> American Restaurant,2,0.019230769230769232,8,0.019230769230769232
Hotel -> Bar -> American Restaurant,3,0.019230769230769232,8,0.019230769230769232
Deli / Bodega -> Drugstore / Pharmacy,2,0.019169329073482427,6,0.019169329073482427
Neighborhood -> Drugstore / Pharmacy,2,0.019169329073482427,6,0.019169329073482427
Pizza Place -> Drugstore / Pharmacy,2,0.019169329073482427,6,0.019169329073482427
Subway -> Deli / Bodega -> Office,3,0.019151846785225718,28,0.019151846785225718
Subway -> Park -> Office,3,0.019151846785225718,28,0.019151846785225718
Office -> Coffee Shop -> Deli / Bodega -> Office,4,0.019151846785225718,28,0.019151846785225718
Subway -> Deli / Bodega -> Office -> Clothing Store,4,0.019151846785225718,7,0.022292993630573247
Coffee Shop -> Train Station -> Office -> Train Station -> Office,5,0.019151846785225718,28,0.019151846785225718
Train Station -> Office -> Coffee Shop -> Train Station -> Office,5,0.019151846785225718,28,0.019151846785225718
Clothing Store -> Gym / Fitness Center -> Clothing Store,3,0.01910828025477707,6,0.01910828025477707
Coffee Shop -> Hotel -> Clothing Store,3,0.01910828025477707,6,0.01910828025477707
Food & Drink Shop -> American Restaurant -> Clothing Store,3,0.01910828025477707,6,0.01910828025477707
Hotel -> Coffee Shop -> Clothing Store,3,0.01910828025477707,6,0.01910828025477707
Park -> Coffee Shop -> Clothing Store,3,0.01910828025477707,6,0.01910828025477707
Park -> Food & Drink Shop -> Clothing Store,3,0.01910828025477707,6,0.01910828025477707
Subway -> Coffee Shop -> Clothing Store,3,0.01910828025477707,6,0.01910828025477707
Train Station -> Coffee Shop -> Clothing Store,3,0.01910828025477707,6,0.01910828025477707
Building -> Office -> Deli / Bodega -> Clothing Store,4,0.01910828025477707,6,0.01910828025477707
Coffee Shop -> Deli / Bodega -> Office -> Clothing Store,4,0.01910828025477707,6,0.01910828025477707
Coffee Shop -> Subway -> Office -> Clothing Store,4,0.01910828025477707,6,0.01910828025477707
Office -> Park -> Office -> Clothing Store,4,0.01910828025477707,6,0.01910828025477707
Office -> Train Station -> Office -> Clothing Store,4,0.01910828025477707,6,0.01910828025477707
Train Station -> Coffee Shop -> Office -> Clothing Store,4,0.01910828025477707,6,0.01910828025477707
Coffee Shop -> Office -> Deli / Bodega -> Office -> Clothing Store,5,0.01910828025477707,6,0.01910828025477707
Office -> Coffee Shop -> Office -> Coffee Shop -> Clothing Store,5,0.01910828025477707,6,0.01910828025477707
Office -> Train Station -> Office -> Building -> Clothing Store,5,0.01910828025477707,6,0.01910828025477707
Subway -> Office -> Coffee Shop -> Office -> Clothing Store,5,0.01910828025477707,6,0.01910828025477707
Drugstore / Pharmacy -> College Academic Building,2,0.019083969465648856,10,0.019083969465648856
Medical Center -> College Academic Building,2,0.019083969465648856,10,0.019083969465648856
Office -> Bar -> Train Station,3,0.0189873417721519,15,0.0189873417721519
Bank -> Food & Drink Shop,2,0.01893491124260355,16,0.01893491124260355
Office -> Coffee Shop -> Gym / Fitness Center,3,0.018847006651884702,17,0.018847006651884702
Building -> Bar,2,0.018666666666666668,28,0.018666666666666668
Neighborhood -> Bar,2,0.018666666666666668,28,0.018666666666666668
Train Station -> Subway,2,0.018500486854917234,19,0.018500486854917234
Other Great Outdoors -> Home (private),2,0.018497757847533634,33,0.018497757847533634
Gym / Fitness Center -> Subway -> Office,3,0.018467852257181942,27,0.018467852257181942
Coffee Shop -> Office -> Building -> Office,4,0.018467852257181942,27,0.018467852257181942
Office -> Building -> Office -> Coffee Shop -> Office,5,0.018467852257181942,27,0.018467852257181942
Drugstore / Pharmacy -> Hotel,2,0.018461538461538463,6,0.018461538461538463
Building -> Office -> Hotel,3,0.018461538461538463,6,0.018461538461538463
Hotel -> Office -> Hotel,3,0.018461538461538463,6,0.018461538461538463
Building -> Coffee Shop -> Office -> Hotel,4,0.018461538461538463,6,0.018461538461538463
Coffee Shop -> Subway -> Office -> Hotel,4,0.018461538461538463,6,0.018461538461538463
Coffee Shop -> Office -> Coffee Shop -> Office -> Hotel,5,0.018461538461538463,6,0.018461538461538463
Deli / Bodega -> Office -> Coffee Shop -> Office -> Hotel,5,0.018461538461538463,6,0.018461538461538463
College Academic Building -> Park,2,0.018302828618968387,11,0.018302828618968387
Gym / Fitness Center -> Office -> Park,3,0.018302828618968387,11,0.018302828618968387
Office -> Deli / Bodega -> Park,3,0.018302828618968387,11,0.018302828618968387
Office -> Gym / Fitness Center -> Building,3,0.0182648401826484,8,0.0182648401826484
Coffee Shop -> Deli / Bodega -> Office -> Building,4,0.0182648401826484,8,0.0182648401826484
Coffee Shop -> Train Station -> Office -> Building,4,0.0182648401826484,8,0.0182648401826484
Office -> Deli / Bodega -> Office -> Building,4,0.0182648401826484,8,0.0182648401826484
Coffee Shop -> Office -> Train Station -> Office -> Building,5,0.0182648401826484,8,0.0182648401826484
Building -> Medical Center,2,0.01818181818181818,6,0.01818181818181818
Coffee Shop -> Building -> Coffee Shop,3,0.01818181818181818,16,0.01818181818181818
Coffee Shop -> Train Station -> Coffee Shop,3,0.01818181818181818,16,0.01818181818181818
Gym / Fitness Center -> Coffee Shop -> Medical Center,3,0.01818181818181818,6,0.01818181818181818
Coffee Shop -> Office -> Deli / Bodega -> Coffee Shop,4,0.01818181818181818,16,0.01818181818181818
Coffee Shop -> Subway -> Office -> Coffee Shop,4,0.01818181818181818,16,0.01818181818181818
Coffee Shop -> Subway -> Office -> Coffee Shop -> Office,5,0.01818181818181818,32,0.02188782489740082
Bus Station -> Bar,2,0.018,27,0.018
Bus Station -> Drugstore / Pharmacy -> Bus Station,3,0.017825311942959002,10,0.017825311942959002
Office -> Subway -> Bus Station,3,0.017825311942959002,10,0.017825311942959002
Deli / Bodega -> Park -> Office,3,0.017783857729138167,26,0.017783857729138167
Gym / Fitness Center -> Building -> Office,3,0.017783857729138167,26,0.017783857729138167
Office -> Drugstore / Pharmacy -> Office,3,0.017783857729138167,26,0.017783857729138167
Deli / Bodega -> Park -> Office -> Clothing Store,4,0.017783857729138167,6,0.01910828025477707
Gym / Fitness Center -> Building -> Office -> Building,4,0.017783857729138167,8,0.0182648401826484
Office -> Building -> Train Station -> Office,4,0.017783857729138167,26,0.017783857729138167
Neighborhood -> Food & Drink Shop,2,0.01775147928994083,15,0.01775147928994083
Food & Drink Shop -> Office -> Food & Drink Shop,3,0.01775147928994083,15,0.01775147928994083
Deli / Bodega -> Gym / Fitness Center,2,0.017738359201773836,16,0.017738359201773836
Food & Drink Shop -> Office -> Gym / Fitness Center,3,0.017738359201773836,16,0.017738359201773836
Drugstore / Pharmacy -> Office -> Train Station,3,0.017721518987341773,14,0.017721518987341773
Gym / Fitness Center -> Bar -> Train Station,3,0.017721518987341773,14,0.017721518987341773
Other Great Outdoors -> Subway,2,0.017526777020447908,18,0.017526777020447908
Clothing Store -> Neighborhood,2,0.017475728155339806,9,0.017475728155339806
Hotel -> Neighborhood,2,0.017475728155339806,9,0.017475728155339806
Office -> Deli / Bodega -> Neighborhood,3,0.017475728155339806,9,0.017475728155339806
Office -> Coffee Shop -> Office -> Neighborhood,4,0.017475728155339806,9,0.017475728155339806
Train Station -> Home (private),2,0.017376681614349777,31,0.017376681614349777
College Academic Building -> Bar,2,0.017333333333333333,26,0.017333333333333333
Bank -> Deli / Bodega,2,0.017278617710583154,8,0.017278617710583154
Hotel -> Deli / Bodega,2,0.017278617710583154,8,0.017278617710583154
College Academic Building -> Office -> Deli / Bodega,3,0.017278617710583154,8,0.017278617710583154
Deli / Bodega -> Coffee Shop -> Deli / Bodega,3,0.017278617710583154,8,0.017278617710583154
Gym / Fitness Center -> Building -> Deli / Bodega,3,0.017278617710583154,8,0.017278617710583154
Gym / Fitness Center -> Park -> Deli / Bodega,3,0.017278617710583154,8,0.017278617710583154
Office -> Park -> Deli / Bodega,3,0.017278617710583154,8,0.017278617710583154
Gym / Fitness Center -> Residential Building (Apartment / Condo),2,0.0171990171990172,7,0.0171990171990172
Office -> Residential Building (Apartment / Condo),2,0.0171990171990172,7,0.0171990171990172
Food & Drink Shop -> College Academic Building,2,0.01717557251908397,9,0.01717557251908397
Hotel -> College Academic Building,2,0.01717557251908397,9,0.01717557251908397
Coffee Shop -> Office -> College Academic Building,3,0.01717557251908397,9,0.01717557251908397
Deli / Bodega -> Office -> College Academic Building,3,0.01717557251908397,9,0.01717557251908397
Gym / Fitness Center -> Deli / Bodega -> College Academic Building,3,0.01717557251908397,9,0.01717557251908397
Office -> Coffee Shop -> College Academic Building,3,0.01717557251908397,9,0.01717557251908397
Coffee Shop -> Gym / Fitness Center -> Office,3,0.01709986320109439,25,0.01709986320109439
Coffee Shop -> Park -> Office,3,0.01709986320109439,25,0.01709986320109439
Deli / Bodega -> Neighborhood -> Office,3,0.01709986320109439,25,0.01709986320109439
Subway -> Neighborhood -> Office,3,0.01709986320109439,25,0.01709986320109439
Coffee Shop -> Park -> Office -> Clothing Store,4,0.01709986320109439,6,0.01910828025477707
Deli / Bodega -> Office -> Train Station -> Office,4,0.01709986320109439,25,0.01709986320109439
Office -> Deli / Bodega -> Office -> Train Station -> Office,5,0.01709986320109439,25,0.01709986320109439
Train Station -> Office -> Train Station -> Coffee Shop -> Office,5,0.01709986320109439,25,0.01709986320109439
Drugstore / Pharmacy -> Road,2,0.017094017094017096,6,0.017094017094017096
Coffee Shop -> Building -> Office -> Coffee Shop,4,0.017045454545454544,15,0.017045454545454544
Office -> Subway -> Office -> Coffee Shop,4,0.017045454545454544,15,0.017045454545454544
Train Station -> Coffee Shop -> Office -> Coffee Shop,4,0.017045454545454544,15,0.017045454545454544
Coffee Shop -> Office -> Train Station -> Office -> Coffee Shop,5,0.017045454545454544,15,0.017045454545454544
Office -> Subway -> Office -> Coffee Shop -> Office,5,0.017045454545454544,27,0.018467852257181942
Train Station -> Coffee Shop -> Train Station -> Office -> Coffee Shop,5,0.017045454545454544,15,0.017045454545454544
College Academic Building -> American Restaurant,2,0.016826923076923076,7,0.016826923076923076
Pizza Place -> American Restaurant,2,0.016826923076923076,7,0.016826923076923076
Coffee Shop -> Office -> Park,3,0.016638935108153077,10,0.016638935108153077
Office -> Bar -> Park,3,0.016638935108153077,10,0.016638935108153077
Park -> Bar -> Park,3,0.016638935108153077,10,0.016638935108153077
Park -> Building -> Park,3,0.016638935108153077,10,0.016638935108153077
Building -> Gym / Fitness Center,2,0.01662971175166297,15,0.01662971175166297
Hotel -> Office -> Gym / Fitness Center,3,0.01662971175166297,15,0.01662971175166297
Building -> Food & Drink Shop,2,0.016568047337278107,14,0.016568047337278107
Coffee Shop -> Office -> Food & Drink Shop,3,0.016568047337278107,14,0.016568047337278107
Subway -> Office -> Food & Drink Shop,3,0.016568047337278107,14,0.016568047337278107
American Restaurant -> Subway,2,0.016553067185978577,17,0.016553067185978577
Building -> Subway,2,0.016553067185978577,17,0.016553067185978577
Coffee Shop -> Office -> Subway,3,0.016553067185978577,17,0.016553067185978577
Hotel -> Office -> Train Station,3,0.016455696202531647,13,0.016455696202531647
Coffee Shop -> Deli / Bodega -> Office -> Train Station,4,0.016455696202531647,13,0.016455696202531647
Coffee Shop -> Office -> Train Station -> Office -> Train Station,5,0.016455696202531647,13,0.016455696202531647
Train Station -> Coffee Shop -> Train Station -> Office -> Train Station,5,0.016455696202531647,13,0.016455696202531647
Pizza Place -> Office,2,0.016415868673050615,24,0.016415868673050615
Office -> Bar -> Office,3,0.016415868673050615,24,0.016415868673050615
Coffee Shop -> Office -> Subway -> Office,4,0.016415868673050615,24,0.016415868673050615
Bar -> Home (private),2,0.016255605381165918,29,0.016255605381165918
Subway -> Home (private),2,0.016255605381165918,29,0.016255605381165918
Bus Station -> Subway -> Bus Station,3,0.016042780748663103,9,0.016042780748663103
Coffee Shop -> Park -> Building,3,0.01598173515981735,7,0.01598173515981735
Office -> Clothing Store -> Building,3,0.01598173515981735,7,0.01598173515981735
Office -> Food & Drink Shop -> Building,3,0.01598173515981735,7,0.01598173515981735
Office -> Train Station -> Building,3,0.01598173515981735,7,0.01598173515981735
Office -> Clothing Store -> Building -> Clothing Store,4,0.01598173515981735,6,0.01910828025477707
Office -> Gym / Fitness Center -> Office -> Building,4,0.01598173515981735,7,0.01598173515981735
Train Station -> Coffee Shop -> Train Station -> Office -> Building,5,0.01598173515981735,7,0.01598173515981735
Home (private) -> Drugstore / Pharmacy,2,0.01597444089456869,5,0.01597444089456869
Hotel -> Drugstore / Pharmacy,2,0.01597444089456869,5,0.01597444089456869
Medical Center -> Drugstore / Pharmacy,2,0.01597444089456869,5,0.01597444089456869
Coffee Shop -> Gym / Fitness Center -> Drugstore / Pharmacy,3,0.01597444089456869,5,0.01597444089456869
Coffee Shop -> Office -> Drugstore / Pharmacy,3,0.01597444089456869,5,0.01597444089456869
Train Station -> Gym / Fitness Center -> Drugstore / Pharmacy,3,0.01597444089456869,5,0.01597444089456869
Home (private) -> Clothing Store,2,0.01592356687898089,5,0.01592356687898089
American Restaurant -> Food & Drink Shop -> Clothing Store,3,0.01592356687898089,5,0.01592356687898089
American Restaurant -> Park -> Clothing Store,3,0.01592356687898089,5,0.01592356687898089
Bar -> Coffee Shop -> Clothing Store,3,0.01592356687898089,5,0.01592356687898089
Building -> Food & Drink Shop -> Clothing Store,3,0.01592356687898089,5,0.01592356687898089
Building -> Train Station -> Clothing Store,3,0.01592356687898089,5,0.01592356687898089
Coffee Shop -> Deli / Bodega -> Clothing Store,3,0.01592356687898089,5,0.01592356687898089
Coffee Shop -> Train Station -> Clothing Store,3,0.01592356687898089,5,0.01592356687898089
Food & Drink Shop -> Park -> Clothing Store,3,0.01592356687898089,5,0.01592356687898089
Office -> Gym / Fitness Center -> Clothing Store,3,0.01592356687898089,5,0.01592356687898089
Office -> Hotel -> Clothing Store,3,0.01592356687898089,5,0.01592356687898089
Office -> Train Station -> Clothing Store,3,0.01592356687898089,5,0.01592356687898089
Park -> Bar -> Clothing Store,3,0.01592356687898089,5,0.01592356687898089
Subway -> Building -> Clothing Store,3,0.01592356687898089,5,0.01592356687898089
Subway -> Park -> Clothing Store,3,0.01592356687898089,5,0.01592356687898089
Building -> Office -> Coffee Shop -> Clothing Store,4,0.01592356687898089,5,0.01592356687898089
Coffee Shop -> Deli / Bodega -> Coffee Shop -> Clothing Store,4,0.01592356687898089,5,0.01592356687898089
Coffee Shop -> Office -> Building -> Clothing Store,4,0.01592356687898089,5,0.01592356687898089
Coffee Shop -> Train Station -> Office -> Clothing Store,4,0.01592356687898089,5,0.01592356687898089
Deli / Bodega -> Office -> Building -> Clothing Store,4,0.01592356687898089,5,0.01592356687898089
Deli / Bodega -> Office -> Coffee Shop -> Clothing Store,4,0.01592356687898089,5,0.01592356687898089
Deli / Bodega -> Office -> Deli / Bodega -> Clothing Store,4,0.01592356687898089,5,0.01592356687898089
Office -> Coffee Shop -> Deli / Bodega -> Clothing Store,4,0.01592356687898089,5,0.01592356687898089
Office -> Hotel -> Office -> Clothing Store,4,0.01592356687898089,5,0.01592356687898089
Subway -> Office -> Building -> Clothing Store,4,0.01592356687898089,5,0.01592356687898089
Subway -> Office -> Coffee Shop -> Clothing Store,4,0.01592356687898089,5,0.01592356687898089
Coffee Shop -> Deli / Bodega -> Coffee Shop -> Office -> Clothing Store,5,0.01592356687898089,5,0.01592356687898089
Coffee Shop -> Office -> Train Station -> Office -> Clothing Store,5,0.01592356687898089,5,0.01592356687898089
Coffee Shop -> Subway -> Office -> Coffee Shop -> Clothing Store,5,0.01592356687898089,5,0.01592356687898089
Office -> Building -> Office -> Coffee Shop -> Clothing Store,5,0.01592356687898089,5,0.01592356687898089
Office -> Coffee Shop -> Office -> Building -> Clothing Store,5,0.01592356687898089,5,0.01592356687898089
Office -> Deli / Bodega -> Office -> Building -> Clothing Store,5,0.01592356687898089,5,0.01592356687898089
Office -> Deli / Bodega -> Office -> Coffee Shop -> Clothing Store,5,0.01592356687898089,5,0.01592356687898089
Train Station -> Coffee Shop -> Train Station -> Office -> Clothing Store,5,0.01592356687898089,5,0.01592356687898089
Train Station -> Office -> Train Station -> Office -> Clothing Store,5,0.01592356687898089,5,0.01592356687898089
Medical Center -> Coffee Shop,2,0.015909090909090907,14,0.015909090909090907
Medical Center -> Coffee Shop -> Medical Center,3,0.015909090909090907,7,0.021212121212121213
Office -> Park -> Coffee Shop,3,0.015909090909090907,14,0.015909090909090907
Building -> Coffee Shop -> Office -> Coffee Shop,4,0.015909090909090907,14,0.015909090909090907
Coffee Shop -> Deli / Bodega -> Office -> Coffee Shop,4,0.015909090909090907,14,0.015909090909090907
Coffee Shop -> Office -> Train Station -> Coffee Shop,4,0.015909090909090907,14,0.015909090909090907
Office -> Park -> Coffee Shop -> Office,4,0.015909090909090907,24,0.016415868673050615
Coffee Shop -> Deli / Bodega -> Office -> Coffee Shop -> Office,5,0.015909090909090907,37,0.0253077975376197
Office -> Building -> Coffee Shop -> Office -> Coffee Shop,5,0.015909090909090907,14,0.015909090909090907
Train Station -> Office -> Coffee Shop -> Office -> Coffee Shop,5,0.015909090909090907,14,0.015909090909090907
Bank -> Pizza Place,2,0.015810276679841896,4,0.015810276679841896
Medical Center -> Pizza Place,2,0.015810276679841896,4,0.015810276679841896
Neighborhood -> Bar -> Pizza Place,3,0.015810276679841896,4,0.015810276679841896
Bar -> Other Great Outdoors,2,0.015734265734265736,9,0.015734265734265736
Building -> Deli / Bodega -> Office,3,0.01573187414500684,23,0.01573187414500684
Coffee Shop -> Clothing Store -> Office,3,0.01573187414500684,23,0.01573187414500684
Drugstore / Pharmacy -> Deli / Bodega -> Office,3,0.01573187414500684,23,0.01573187414500684
Deli / Bodega -> Office -> Deli / Bodega -> Office,4,0.01573187414500684,23,0.01573187414500684
Drugstore / Pharmacy -> Deli / Bodega -> Office -> Clothing Store,4,0.01573187414500684,5,0.01592356687898089
Gym / Fitness Center -> Office -> Train Station -> Office,4,0.01573187414500684,23,0.01573187414500684
Office -> Gym / Fitness Center -> Coffee Shop -> Office,4,0.01573187414500684,23,0.01573187414500684
Coffee Shop -> Office -> Deli / Bodega -> Coffee Shop -> Office,5,0.01573187414500684,23,0.01573187414500684
Coffee Shop -> Office -> Train Station -> Coffee Shop -> Office,5,0.01573187414500684,23,0.01573187414500684
Deli / Bodega -> Office -> Deli / Bodega -> Office -> Clothing Store,5,0.01573187414500684,5,0.01592356687898089
Office -> Coffee Shop -> Office -> Train Station -> Office,5,0.01573187414500684,23,0.01573187414500684
Deli / Bodega -> Office -> Subway,3,0.01557935735150925,16,0.01557935735150925
Deli / Bodega -> Office -> Subway -> Office,4,0.01557935735150925,27,0.018467852257181942
Office -> Coffee Shop -> Neighborhood,3,0.015533980582524271,8,0.015533980582524271
Coffee Shop -> Deli / Bodega -> Office -> Neighborhood,4,0.015533980582524271,8,0.015533980582524271
Deli / Bodega -> Office -> Gym / Fitness Center,3,0.015521064301552107,14,0.015521064301552107
Home (private) -> Food & Drink Shop,2,0.015384615384615385,13,0.015384615384615385
Home (private) -> Hotel,2,0.015384615384615385,5,0.015384615384615385
Building -> Coffee Shop -> Hotel,3,0.015384615384615385,5,0.015384615384615385
Building -> Subway -> Hotel,3,0.015384615384615385,5,0.015384615384615385
Coffee Shop -> Gym / Fitness Center -> Hotel,3,0.015384615384615385,5,0.015384615384615385
Deli / Bodega -> Office -> Hotel,3,0.015384615384615385,5,0.015384615384615385
Food & Drink Shop -> Office -> Hotel,3,0.015384615384615385,5,0.015384615384615385
Hotel -> Bar -> Hotel,3,0.015384615384615385,5,0.015384615384615385
Neighborhood -> Office -> Hotel,3,0.015384615384615385,5,0.015384615384615385
Office -> Gym / Fitness Center -> Hotel,3,0.015384615384615385,5,0.015384615384615385
Subway -> Park -> Hotel,3,0.015384615384615385,5,0.015384615384615385
Coffee Shop -> Office -> Coffee Shop -> Hotel,4,0.015384615384615385,5,0.015384615384615385
Subway -> Coffee Shop -> Office -> Hotel,4,0.015384615384615385,5,0.015384615384615385
Bar -> Hotel -> Bar,3,0.015333333333333332,23,0.015333333333333332
Bar -> Pizza Place -> Bar,3,0.015333333333333332,23,0.015333333333333332
Bus Station -> College Academic Building,2,0.015267175572519083,8,0.015267175572519083
Clothing Store -> College Academic Building,2,0.015267175572519083,8,0.015267175572519083
Hotel -> Office -> College Academic Building,3,0.015267175572519083,8,0.015267175572519083
Drugstore / Pharmacy -> Train Station,2,0.015189873417721518,12,0.015189873417721518
Coffee Shop -> Building -> Train Station,3,0.015189873417721518,12,0.015189873417721518
Coffee Shop -> Building -> Office -> Train Station,4,0.015189873417721518,12,0.015189873417721518
Office -> Train Station -> Coffee Shop -> Train Station,4,0.015189873417721518,12,0.015189873417721518
Neighborhood -> Medical Center,2,0.015151515151515152,5,0.015151515151515152
Medical Center -> College Academic Building -> Medical Center,3,0.015151515151515152,5,0.015151515151515152
Road -> Home (private),2,0.015134529147982063,27,0.015134529147982063
Pizza Place -> Deli / Bodega,2,0.01511879049676026,7,0.01511879049676026
Coffee Shop -> Gym / Fitness Center -> Deli / Bodega,3,0.01511879049676026,7,0.01511879049676026
Train Station -> Coffee Shop -> Deli / Bodega,3,0.01511879049676026,7,0.01511879049676026
Building -> Office -> Coffee Shop -> Deli / Bodega,4,0.01511879049676026,7,0.01511879049676026
Coffee Shop -> Building -> Office -> Deli / Bodega,4,0.01511879049676026,7,0.01511879049676026
Deli / Bodega -> Office -> Gym / Fitness Center -> Deli / Bodega,4,0.01511879049676026,7,0.01511879049676026
Office -> Deli / Bodega -> Coffee Shop -> Deli / Bodega,4,0.01511879049676026,7,0.01511879049676026
Office -> Building -> Office -> Coffee Shop -> Deli / Bodega,5,0.01511879049676026,7,0.01511879049676026
Bus Station -> Deli / Bodega -> Office,3,0.015047879616963064,22,0.015047879616963064
Bus Station -> Subway -> Office,3,0.015047879616963064,22,0.015047879616963064
Gym / Fitness Center -> Train Station -> Office,3,0.015047879616963064,22,0.015047879616963064
Bus Station -> Deli / Bodega -> Office -> Clothing Store,4,0.015047879616963064,5,0.01592356687898089
Bus Station -> Subway -> Office -> Clothing Store,4,0.015047879616963064,6,0.01910828025477707
Coffee Shop -> Office -> Hotel -> Office,4,0.015047879616963064,22,0.015047879616963064
Gym / Fitness Center -> Office -> Deli / Bodega -> Office,4,0.015047879616963064,22,0.015047879616963064
Hotel -> Office -> Train Station -> Office,4,0.015047879616963064,22,0.015047879616963064
Drugstore / Pharmacy -> Park,2,0.014975041597337771,9,0.014975041597337771
Neighborhood -> Park,2,0.014975041597337771,9,0.014975041597337771
Bar -> Office -> Park,3,0.014975041597337771,9,0.014975041597337771
Building -> Coffee Shop -> Park,3,0.014975041597337771,9,0.014975041597337771
Clothing Store -> Bar -> Park,3,0.014975041597337771,9,0.014975041597337771
Deli / Bodega -> Office -> Park,3,0.014975041597337771,9,0.014975041597337771
Park -> Office -> Park,3,0.014975041597337771,9,0.014975041597337771
Bus Station -> Coffee Shop,2,0.014772727272727272,13,0.014772727272727272
Bus Station -> Coffee Shop -> Bus Station,3,0.014772727272727272,10,0.017825311942959002
Drugstore / Pharmacy -> Office -> Coffee Shop,3,0.014772727272727272,13,0.014772727272727272
Gym / Fitness Center -> Deli / Bodega -> Coffee Shop,3,0.014772727272727272,13,0.014772727272727272
Gym / Fitness Center -> Train Station -> Coffee Shop,3,0.014772727272727272,13,0.014772727272727272
Hotel -> Office -> Coffee Shop,3,0.014772727272727272,13,0.014772727272727272
Drugstore / Pharmacy -> Office -> Coffee Shop -> Office,4,0.014772727272727272,27,0.018467852257181942
Gym / Fitness Center -> Deli / Bodega -> Coffee Shop -> Office,4,0.014772727272727272,23,0.01573187414500684
Drugstore / Pharmacy -> Office -> Coffee Shop -> Office -> Clothing Store,5,0.014772727272727272,5,0.01592356687898089
Drugstore / Pharmacy -> Residential Building (Apartment / Condo),2,0.014742014742014743,6,0.014742014742014743
Bar -> American Restaurant -> Bar,3,0.014666666666666666,22,0.014666666666666666
Drugstore / Pharmacy -> Subway,2,0.014605647517039922,15,0.014605647517039922
Gym / Fitness Center -> Office -> Subway,3,0.014605647517039922,15,0.014605647517039922
Coffee Shop -> Building -> Bank,3,0.014563106796116505,3,0.014563106796116505
Coffee Shop -> Deli / Bodega -> Bank,3,0.014563106796116505,3,0.014563106796116505
Coffee Shop -> Office -> Bank,3,0.014563106796116505,3,0.014563106796116505
Coffee Shop -> Train Station -> Bank,3,0.014563106796116505,3,0.014563106796116505
Food & Drink Shop -> Clothing Store -> Bank,3,0.014563106796116505,3,0.014563106796116505
Gym / Fitness Center -> Deli / Bodega -> Bank,3,0.014563106796116505,3,0.014563106796116505
Office -> Building -> Bank,3,0.014563106796116505,3,0.014563106796116505
Deli / Bodega -> American Restaurant,2,0.014423076923076924,6,0.014423076923076924
Food & Drink Shop -> Bar -> American Restaurant,3,0.014423076923076924,6,0.014423076923076924
Gym / Fitness Center -> Office -> American Restaurant,3,0.014423076923076924,6,0.014423076923076924
Office -> Gym / Fitness Center -> American Restaurant,3,0.014423076923076924,6,0.014423076923076924
Train Station -> Office -> American Restaurant,3,0.014423076923076924,6,0.014423076923076924
Bank -> Office -> Gym / Fitness Center,3,0.014412416851441241,13,0.014412416851441241
Bus Station -> Office,2,0.014363885088919288,21,0.014363885088919288
Bus Station -> Office -> Train Station,3,0.014363885088919288,12,0.015189873417721518
Coffee Shop -> Neighborhood -> Office,3,0.014363885088919288,21,0.014363885088919288
Hotel -> Coffee Shop -> Office,3,0.014363885088919288,21,0.014363885088919288
Office -> College Academic Building -> Office,3,0.014363885088919288,21,0.014363885088919288
Deli / Bodega -> Office -> Neighborhood -> Office,4,0.014363885088919288,21,0.014363885088919288
Office -> Coffee Shop -> Hotel -> Office,4,0.014363885088919288,21,0.014363885088919288
Office -> College Academic Building -> Office -> Deli / Bodega,4,0.014363885088919288,7,0.01511879049676026
Office -> Deli / Bodega -> Park -> Office,4,0.014363885088919288,21,0.014363885088919288
Coffee Shop -> Train Station -> Office -> Coffee Shop -> Office,5,0.014363885088919288,21,0.014363885088919288
Office -> Building -> Office -> Deli / Bodega -> Office,5,0.014363885088919288,21,0.014363885088919288
Office -> Coffee Shop -> Office -> Building -> Office,5,0.014363885088919288,21,0.014363885088919288
Office -> Deli / Bodega -> Park -> Office -> Clothing Store,5,0.014363885088919288,5,0.01592356687898089
Hotel -> American Restaurant -> Bus Station,3,0.0142602495543672,8,0.0142602495543672
Hotel -> Bar -> Bus Station,3,0.0142602495543672,8,0.0142602495543672
Bar -> Road,2,0.014245014245014245,5,0.014245014245014245
Deli / Bodega -> Office -> Food & Drink Shop,3,0.014201183431952662,12,0.014201183431952662
Food & Drink Shop -> Clothing Store -> Food & Drink Shop,3,0.014201183431952662,12,0.014201183431952662
Train Station -> Office -> Food & Drink Shop,3,0.014201183431952662,12,0.014201183431952662
Deli / Bodega -> Other Great Outdoors,2,0.013986013986013986,8,0.013986013986013986
Train Station -> Other Great Outdoors,2,0.013986013986013986,8,0.013986013986013986
Office -> Food & Drink Shop -> Train Station,3,0.013924050632911392,11,0.013924050632911392
Train Station -> Clothing Store -> Train Station,3,0.013924050632911392,11,0.013924050632911392
Building -> Train Station -> Office -> Train Station,4,0.013924050632911392,11,0.013924050632911392
Coffee Shop -> Office -> Coffee Shop -> Train Station,4,0.013924050632911392,11,0.013924050632911392
Office -> Drugstore / Pharmacy -> Office -> Train Station,4,0.013924050632911392,11,0.013924050632911392
Office -> Gym / Fitness Center -> Office -> Train Station,4,0.013924050632911392,11,0.013924050632911392
Subway -> Deli / Bodega -> Office -> Train Station,4,0.013924050632911392,11,0.013924050632911392
Building -> Office -> Deli / Bodega -> Office -> Train Station,5,0.013924050632911392,11,0.013924050632911392
Office -> Coffee Shop -> Office -> Coffee Shop -> Train Station,5,0.013924050632911392,11,0.013924050632911392
Train Station -> Office -> Coffee Shop -> Office -> Train Station,5,0.013924050632911392,11,0.013924050632911392
Bank -> Building,2,0.0136986301369863,6,0.0136986301369863
College Academic Building -> Building,2,0.0136986301369863,6,0.0136986301369863
Drugstore / Pharmacy -> Building,2,0.0136986301369863,6,0.0136986301369863
Food & Drink Shop -> Office -> Building,3,0.0136986301369863,6,0.0136986301369863
Gym / Fitness Center -> Coffee Shop -> Building,3,0.0136986301369863,6,0.0136986301369863
Gym / Fitness Center -> Deli / Bodega -> Building,3,0.0136986301369863,6,0.0136986301369863
Office -> Deli / Bodega -> Building,3,0.0136986301369863,6,0.0136986301369863
Office -> Hotel -> Building,3,0.0136986301369863,6,0.0136986301369863
Train Station -> Coffee Shop -> Building,3,0.0136986301369863,6,0.0136986301369863
Train Station -> Gym / Fitness Center -> Building,3,0.0136986301369863,6,0.0136986301369863
Gym / Fitness Center -> Coffee Shop -> Office -> Building,4,0.0136986301369863,6,0.0136986301369863
Gym / Fitness Center -> Deli / Bodega -> Office -> Building,4,0.0136986301369863,6,0.0136986301369863
Office -> Clothing Store -> Office -> Building,4,0.0136986301369863,6,0.0136986301369863
Subway -> Office -> Clothing Store -> Building,4,0.0136986301369863,6,0.0136986301369863
Subway -> Park -> Office -> Building,4,0.0136986301369863,6,0.0136986301369863
Train Station -> Coffee Shop -> Office -> Building,4,0.0136986301369863,6,0.0136986301369863
Deli / Bodega -> Office -> Train Station -> Office -> Building,5,0.0136986301369863,6,0.0136986301369863
Office -> Coffee Shop -> Train Station -> Office -> Building,5,0.0136986301369863,6,0.0136986301369863
Subway -> Office -> Clothing Store -> Building -> Clothing Store,5,0.0136986301369863,6,0.01910828025477707
Gym / Fitness Center -> Park -> Office,3,0.013679890560875513,20,0.013679890560875513
Park -> Deli / Bodega -> Office,3,0.013679890560875513,20,0.013679890560875513
Coffee Shop -> Office -> Gym / Fitness Center -> Office,4,0.013679890560875513,20,0.013679890560875513
Coffee Shop -> Train Station -> Coffee Shop -> Office,4,0.013679890560875513,20,0.013679890560875513
Deli / Bodega -> Office -> Gym / Fitness Center -> Office,4,0.013679890560875513,20,0.013679890560875513
Train Station -> Coffee Shop -> Deli / Bodega -> Office,4,0.013679890560875513,20,0.013679890560875513
Train Station -> Office -> Building -> Office,4,0.013679890560875513,20,0.013679890560875513
Coffee Shop -> Building -> Office -> Train Station -> Office,5,0.013679890560875513,20,0.013679890560875513
Deli / Bodega -> Office -> Gym / Fitness Center -> Office -> Hotel,5,0.013679890560875513,5,0.015384615384615385
Train Station -> Coffee Shop -> Deli / Bodega -> Office -> Clothing Store,5,0.013679890560875513,5,0.01592356687898089
Train Station -> Coffee Shop -> Office -> Coffee Shop -> Office,5,0.013679890560875513,20,0.013679890560875513
Train Station -> Office -> Building -> Office -> Train Station,5,0.013679890560875513,11,0.013924050632911392
Neighborhood -> Coffee Shop,2,0.013636363636363636,12,0.013636363636363636
American Restaurant -> Office -> Coffee Shop,3,0.013636363636363636,12,0.013636363636363636
Coffee Shop -> Gym / Fitness Center -> Coffee Shop,3,0.013636363636363636,12,0.013636363636363636
Coffee Shop -> Park -> Coffee Shop,3,0.013636363636363636,12,0.013636363636363636
Food & Drink Shop -> Office -> Coffee Shop,3,0.013636363636363636,12,0.013636363636363636
Gym / Fitness Center -> Building -> Coffee Shop,3,0.013636363636363636,12,0.013636363636363636
Office -> Subway -> Coffee Shop,3,0.013636363636363636,12,0.013636363636363636
Coffee Shop -> Park -> Coffee Shop -> Office,4,0.013636363636363636,20,0.013679890560875513
Deli / Bodega -> Coffee Shop -> Office -> Coffee Shop,4,0.013636363636363636,12,0.013636363636363636
Office -> Subway -> Coffee Shop -> Clothing Store,4,0.013636363636363636,5,0.01592356687898089
Office -> Subway -> Coffee Shop -> Office,4,0.013636363636363636,29,0.019835841313269494
Train Station -> Coffee Shop -> Train Station -> Coffee Shop,4,0.013636363636363636,12,0.013636363636363636
Coffee Shop -> Office -> Building -> Office -> Coffee Shop,5,0.013636363636363636,12,0.013636363636363636
Deli / Bodega -> Coffee Shop -> Office -> Coffee Shop -> Office,5,0.013636363636363636,22,0.015047879616963064
Office -> Coffee Shop -> Building -> Office -> Coffee Shop,5,0.013636363636363636,12,0.013636363636363636
Office -> Subway -> Coffee Shop -> Office -> Clothing Store,5,0.013636363636363636,6,0.01910828025477707
Food & Drink Shop -> Neighborhood,2,0.013592233009708738,7,0.013592233009708738
Medical Center -> Neighborhood,2,0.013592233009708738,7,0.013592233009708738
Train Station -> Neighborhood,2,0.013592233009708738,7,0.013592233009708738
Gym / Fitness Center -> Office -> Neighborhood,3,0.013592233009708738,7,0.013592233009708738
Office -> Subway -> Neighborhood,3,0.013592233009708738,7,0.013592233009708738
Subway -> Office -> Neighborhood,3,0.013592233009708738,7,0.013592233009708738
Coffee Shop -> Office -> Coffee Shop -> Office -> Neighborhood,5,0.013592233009708738,7,0.013592233009708738
American Restaurant -> College Academic Building,2,0.013358778625954198,7,0.013358778625954198
Neighborhood -> College Academic Building,2,0.013358778625954198,7,0.013358778625954198
American Restaurant -> Office -> College Academic Building,3,0.013358778625954198,7,0.013358778625954198
Coffee Shop -> Deli / Bodega -> College Academic Building,3,0.013358778625954198,7,0.013358778625954198
Office -> Building -> College Academic Building,3,0.013358778625954198,7,0.013358778625954198
Gym / Fitness Center -> Office -> Deli / Bodega -> College Academic Building,4,0.013358778625954198,7,0.013358778625954198
Bar -> Coffee Shop -> Bar,3,0.013333333333333334,20,0.013333333333333334
Medical Center -> Park,2,0.013311148086522463,8,0.013311148086522463
Office -> Subway -> Park,3,0.013311148086522463,8,0.013311148086522463
Park -> Gym / Fitness Center -> Park,3,0.013311148086522463,8,0.013311148086522463
Gym / Fitness Center -> Deli / Bodega -> Office -> Park,4,0.013311148086522463,8,0.013311148086522463
College Academic Building -> Food & Drink Shop,2,0.01301775147928994,11,0.01301775147928994
Office -> Deli / Bodega -> Office -> Food & Drink Shop,4,0.01301775147928994,11,0.01301775147928994
Bank -> Coffee Shop -> Office,3,0.012995896032831737,19,0.012995896032831737
Park -> Subway -> Office,3,0.012995896032831737,19,0.012995896032831737
Building -> Coffee Shop -> Train Station -> Office,4,0.012995896032831737,19,0.012995896032831737
Gym / Fitness Center -> Office -> Building -> Office,4,0.012995896032831737,19,0.012995896032831737
Subway -> Office -> Clothing Store -> Office,4,0.012995896032831737,19,0.012995896032831737
Train Station -> Office -> Food & Drink Shop -> Office,4,0.012995896032831737,19,0.012995896032831737
Train Station -> Office -> Building -> Train Station -> Office,5,0.012995896032831737,19,0.012995896032831737
Train Station -> Office -> Food & Drink Shop -> Office -> Train Station,5,0.012995896032831737,11,0.013924050632911392
American Restaurant -> Deli / Bodega,2,0.012958963282937365,6,0.012958963282937365
American Restaurant -> Coffee Shop -> Deli / Bodega,3,0.012958963282937365,6,0.012958963282937365
College Academic Building -> Gym / Fitness Center -> Deli / Bodega,3,0.012958963282937365,6,0.012958963282937365
Deli / Bodega -> Building -> Deli / Bodega,3,0.012958963282937365,6,0.012958963282937365
Hotel -> Office -> Deli / Bodega,3,0.012958963282937365,6,0.012958963282937365
Neighborhood -> Office -> Deli / Bodega,3,0.012958963282937365,6,0.012958963282937365
Subway -> Building -> Deli / Bodega,3,0.012958963282937365,6,0.012958963282937365
Gym / Fitness Center -> Building -> Office -> Deli / Bodega,4,0.012958963282937365,6,0.012958963282937365
Office -> Coffee Shop -> Office -> Deli / Bodega,4,0.012958963282937365,6,0.012958963282937365
Coffee Shop -> Office -> Building -> Office -> Deli / Bodega,5,0.012958963282937365,6,0.012958963282937365
Office -> Park -> Drugstore / Pharmacy,3,0.012779552715654952,4,0.012779552715654952
Pizza Place -> Clothing Store,2,0.012738853503184714,4,0.012738853503184714
Bar -> Food & Drink Shop -> Clothing Store,3,0.012738853503184714,4,0.012738853503184714
Bar -> Park -> Clothing Store,3,0.012738853503184714,4,0.012738853503184714
Bar -> Train Station -> Clothing Store,3,0.012738853503184714,4,0.012738853503184714
Bus Station -> Office -> Clothing Store,3,0.012738853503184714,4,0.012738853503184714
Clothing Store -> American Restaurant -> Clothing Store,3,0.012738853503184714,4,0.012738853503184714
Clothing Store -> Bar -> Clothing Store,3,0.012738853503184714,4,0.012738853503184714
Clothing Store -> Deli / Bodega -> Clothing Store,3,0.012738853503184714,4,0.012738853503184714
Clothing Store -> Park -> Clothing Store,3,0.012738853503184714,4,0.012738853503184714
Deli / Bodega -> Park -> Clothing Store,3,0.012738853503184714,4,0.012738853503184714
Drugstore / Pharmacy -> Coffee Shop -> Clothing Store,3,0.012738853503184714,4,0.012738853503184714
Drugstore / Pharmacy -> Office -> Clothing Store,3,0.012738853503184714,4,0.012738853503184714
Food & Drink Shop -> Office -> Clothing Store,3,0.012738853503184714,4,0.012738853503184714
Gym / Fitness Center -> Coffee Shop -> Clothing Store,3,0.012738853503184714,4,0.012738853503184714
Gym / Fitness Center -> Train Station -> Clothing Store,3,0.012738853503184714,4,0.012738853503184714
Park -> Building -> Clothing Store,3,0.012738853503184714,4,0.012738853503184714
Park -> Gym / Fitness Center -> Clothing Store,3,0.012738853503184714,4,0.012738853503184714
Pizza Place -> Building -> Clothing Store,3,0.012738853503184714,4,0.012738853503184714
Pizza Place -> Office -> Clothing Store,3,0.012738853503184714,4,0.012738853503184714
Subway -> Bar -> Clothing Store,3,0.012738853503184714,4,0.012738853503184714
Building -> Coffee Shop -> Train Station -> Clothing Store,4,0.012738853503184714,4,0.012738853503184714
Building -> Office -> Building -> Clothing Store,4,0.012738853503184714,4,0.012738853503184714
Coffee Shop -> Building -> Coffee Shop -> Clothing Store,4,0.012738853503184714,4,0.012738853503184714
Coffee Shop -> Building -> Office -> Clothing Store,4,0.012738853503184714,4,0.012738853503184714
Coffee Shop -> Office -> Deli / Bodega -> Clothing Store,4,0.012738853503184714,4,0.012738853503184714
Drugstore / Pharmacy -> Coffee Shop -> Office -> Clothing Store,4,0.012738853503184714,4,0.012738853503184714
Drugstore / Pharmacy -> Office -> Coffee Shop -> Clothing Store,4,0.012738853503184714,4,0.012738853503184714
Gym / Fitness Center -> Building -> Office -> Clothing Store,4,0.012738853503184714,4,0.012738853503184714
Gym / Fitness Center -> Coffee Shop -> Office -> Clothing Store,4,0.012738853503184714,4,0.012738853503184714
Gym / Fitness Center -> Office -> Building -> Clothing Store,4,0.012738853503184714,4,0.012738853503184714
Hotel -> Coffee Shop -> Office -> Clothing Store,4,0.012738853503184714,4,0.012738853503184714
Office -> Clothing Store -> Office -> Clothing Store,4,0.012738853503184714,4,0.012738853503184714
Office -> Train Station -> Coffee Shop -> Clothing Store,4,0.012738853503184714,4,0.012738853503184714
Subway -> Park -> Office -> Clothing Store,4,0.012738853503184714,4,0.012738853503184714
Building -> Office -> Coffee Shop -> Deli / Bodega -> Clothing Store,5,0.012738853503184714,4,0.012738853503184714
Coffee Shop -> Deli / Bodega -> Office -> Coffee Shop -> Clothing Store,5,0.012738853503184714,4,0.012738853503184714
Coffee Shop -> Office -> Deli / Bodega -> Coffee Shop -> Clothing Store,5,0.012738853503184714,4,0.012738853503184714
Coffee Shop -> Office -> Subway -> Office -> Clothing Store,5,0.012738853503184714,4,0.012738853503184714
Coffee Shop -> Train Station -> Office -> Building -> Clothing Store,5,0.012738853503184714,4,0.012738853503184714
Deli / Bodega -> Office -> Subway -> Office -> Clothing Store,5,0.012738853503184714,4,0.012738853503184714
Gym / Fitness Center -> Office -> Building -> Office -> Clothing Store,5,0.012738853503184714,4,0.012738853503184714
Gym / Fitness Center -> Office -> Deli / Bodega -> Office -> Clothing Store,5,0.012738853503184714,4,0.012738853503184714
Office -> Building -> Office -> Building -> Clothing Store,5,0.012738853503184714,4,0.012738853503184714
Office -> Coffee Shop -> Building -> Office -> Clothing Store,5,0.012738853503184714,4,0.012738853503184714
Office -> Coffee Shop -> Office -> Deli / Bodega -> Clothing Store,5,0.012738853503184714,4,0.012738853503184714
Office -> Deli / Bodega -> Office -> Deli / Bodega -> Clothing Store,5,0.012738853503184714,4,0.012738853503184714
Office -> Gym / Fitness Center -> Coffee Shop -> Office -> Clothing Store,5,0.012738853503184714,4,0.012738853503184714
Office -> Gym / Fitness Center -> Office -> Building -> Clothing Store,5,0.012738853503184714,4,0.012738853503184714
Office -> Subway -> Office -> Coffee Shop -> Clothing Store,5,0.012738853503184714,4,0.012738853503184714
Office -> Train Station -> Coffee Shop -> Office -> Clothing Store,5,0.012738853503184714,4,0.012738853503184714
Office -> Train Station -> Office -> Coffee Shop -> Clothing Store,5,0.012738853503184714,4,0.012738853503184714
College Academic Building -> Subway,2,0.012658227848101266,13,0.012658227848101266
Clothing Store -> Office -> Train Station,3,0.012658227848101266,10,0.012658227848101266
Office -> Hotel -> Office -> Train Station,4,0.012658227848101266,10,0.012658227848101266
Office -> Subway -> Office -> Train Station,4,0.012658227848101266,10,0.012658227848101266
Coffee Shop -> Office -> Deli / Bodega -> Office -> Train Station,5,0.012658227848101266,10,0.012658227848101266
Office -> Building -> Train Station -> Office -> Train Station,5,0.012658227848101266,10,0.012658227848101266
Office -> Coffee Shop -> Building -> Office -> Train Station,5,0.012658227848101266,10,0.012658227848101266
Office -> Coffee Shop -> Train Station -> Office -> Train Station,5,0.012658227848101266,10,0.012658227848101266
Office -> Train Station -> Office -> Coffee Shop -> Train Station,5,0.012658227848101266,10,0.012658227848101266
Office -> Train Station -> Coffee Shop -> Office -> Coffee Shop,5,0.0125,11,0.0125
Office -> Train Station -> Office -> Train Station -> Coffee Shop,5,0.0125,11,0.0125
Train Station -> Office -> Building -> Office -> Coffee Shop,5,0.0125,11,0.0125
Bank -> Bus Station,2,0.012477718360071301,7,0.012477718360071301
Coffee Shop -> Subway -> Bus Station,3,0.012477718360071301,7,0.012477718360071301
Building -> Clothing Store -> Office,3,0.012311901504787962,18,0.012311901504787962
Food & Drink Shop -> Train Station -> Office,3,0.012311901504787962,18,0.012311901504787962
Building -> Office -> Building -> Office,4,0.012311901504787962,18,0.012311901504787962
Coffee Shop -> Building -> Coffee Shop -> Office,4,0.012311901504787962,18,0.012311901504787962
Coffee Shop -> Office -> Clothing Store -> Office,4,0.012311901504787962,18,0.012311901504787962
Food & Drink Shop -> Office -> Train Station -> Office,4,0.012311901504787962,18,0.012311901504787962
Gym / Fitness Center -> Coffee Shop -> Deli / Bodega -> Office,4,0.012311901504787962,18,0.012311901504787962
Office -> Deli / Bodega -> Neighborhood -> Office,4,0.012311901504787962,18,0.012311901504787962
Bus Station -> Subway -> Office -> Clothing Store -> Office,5,0.012311901504787962,18,0.012311901504787962
Coffee Shop -> Building -> Coffee Shop -> Office -> Clothing Store,5,0.012311901504787962,5,0.01592356687898089
Coffee Shop -> Office -> Coffee Shop -> Train Station -> Office,5,0.012311901504787962,18,0.012311901504787962
Office -> Food & Drink Shop -> Office -> Train Station -> Office,5,0.012311901504787962,18,0.012311901504787962
Bank -> Hotel,2,0.012307692307692308,4,0.012307692307692308
Bar -> Subway -> Hotel,3,0.012307692307692308,4,0.012307692307692308
Bus Station -> Drugstore / Pharmacy -> Hotel,3,0.012307692307692308,4,0.012307692307692308
Bus Station -> Office -> Hotel,3,0.012307692307692308,4,0.012307692307692308
Coffee Shop -> Bar -> Hotel,3,0.012307692307692308,4,0.012307692307692308
Coffee Shop -> Train Station -> Hotel,3,0.012307692307692308,4,0.012307692307692308
Drugstore / Pharmacy -> Bus Station -> Hotel,3,0.012307692307692308,4,0.012307692307692308
Gym / Fitness Center -> Train Station -> Hotel,3,0.012307692307692308,4,0.012307692307692308
Park -> Gym / Fitness Center -> Hotel,3,0.012307692307692308,4,0.012307692307692308
Train Station -> Clothing Store -> Hotel,3,0.012307692307692308,4,0.012307692307692308
Coffee Shop -> Gym / Fitness Center -> Office -> Hotel,4,0.012307692307692308,4,0.012307692307692308
Coffee Shop -> Office -> Train Station -> Hotel,4,0.012307692307692308,4,0.012307692307692308
Coffee Shop -> Train Station -> Office -> Hotel,4,0.012307692307692308,4,0.012307692307692308
Deli / Bodega -> Neighborhood -> Office -> Hotel,4,0.012307692307692308,4,0.012307692307692308
Office -> Building -> Office -> Hotel,4,0.012307692307692308,4,0.012307692307692308
Office -> Deli / Bodega -> Office -> Hotel,4,0.012307692307692308,4,0.012307692307692308
Office -> Hotel -> Office -> Hotel,4,0.012307692307692308,4,0.012307692307692308
Office -> Subway -> Office -> Hotel,4,0.012307692307692308,4,0.012307692307692308
Office -> Train Station -> Office -> Hotel,4,0.012307692307692308,4,0.012307692307692308
Park -> Coffee Shop -> Office -> Hotel,4,0.012307692307692308,4,0.012307692307692308
Subway -> Neighborhood -> Office -> Hotel,4,0.012307692307692308,4,0.012307692307692308
Train Station -> Office -> Train Station -> Hotel,4,0.012307692307692308,4,0.012307692307692308
Coffee Shop -> Office -> Gym / Fitness Center -> Office -> Hotel,5,0.012307692307692308,4,0.012307692307692308
Coffee Shop -> Office -> Train Station -> Office -> Hotel,5,0.012307692307692308,4,0.012307692307692308
Drugstore / Pharmacy -> Office -> Coffee Shop -> Office -> Hotel,5,0.012307692307692308,4,0.012307692307692308
Office -> Building -> Coffee Shop -> Office -> Hotel,5,0.012307692307692308,4,0.012307692307692308
Office -> Park -> Coffee Shop -> Office -> Hotel,5,0.012307692307692308,4,0.012307692307692308
Subway -> Office -> Coffee Shop -> Office -> Hotel,5,0.012307692307692308,4,0.012307692307692308
Train Station -> Office -> Coffee Shop -> Office -> Hotel,5,0.012307692307692308,4,0.012307692307692308
Train Station -> Office -> Train Station -> Office -> Hotel,5,0.012307692307692308,4,0.012307692307692308
American Restaurant -> Residential Building (Apartment / Condo),2,0.012285012285012284,5,0.012285012285012284
Home (private) -> Residential Building (Apartment / Condo),2,0.012285012285012284,5,0.012285012285012284
American Restaurant -> Other Great Outdoors,2,0.012237762237762238,7,0.012237762237762238
Bus Station -> Other Great Outdoors,2,0.012237762237762238,7,0.012237762237762238
Office -> Other Great Outdoors,2,0.012237762237762238,7,0.012237762237762238
Bank -> Gym / Fitness Center,2,0.012195121951219513,11,0.012195121951219513
Drugstore / Pharmacy -> Gym / Fitness Center,2,0.012195121951219513,11,0.012195121951219513
Park -> Office -> Gym / Fitness Center,3,0.012195121951219513,11,0.012195121951219513
Park -> Medical Center,2,0.012121212121212121,4,0.012121212121212121
Coffee Shop -> Bus Station -> Medical Center,3,0.012121212121212121,4,0.012121212121212121
Coffee Shop -> Drugstore / Pharmacy -> Medical Center,3,0.012121212121212121,4,0.012121212121212121
Deli / Bodega -> Coffee Shop -> Medical Center,3,0.012121212121212121,4,0.012121212121212121
Gym / Fitness Center -> Drugstore / Pharmacy -> Medical Center,3,0.012121212121212121,4,0.012121212121212121
Medical Center -> Deli / Bodega -> Medical Center,3,0.012121212121212121,4,0.012121212121212121
Medical Center -> Drugstore / Pharmacy -> Medical Center,3,0.012121212121212121,4,0.012121212121212121
Bar -> Bus Station -> American Restaurant,3,0.01201923076923077,5,0.01201923076923077
Bar -> Food & Drink Shop -> American Restaurant,3,0.01201923076923077,5,0.01201923076923077
Bar -> Park -> American Restaurant,3,0.01201923076923077,5,0.01201923076923077
Park -> Bar -> American Restaurant,3,0.01201923076923077,5,0.01201923076923077
Other Great Outdoors -> Bar,2,0.012,18,0.012
Home (private) -> Pizza Place,2,0.011857707509881422,3,0.011857707509881422
Neighborhood -> Pizza Place,2,0.011857707509881422,3,0.011857707509881422
Other Great Outdoors -> Pizza Place,2,0.011857707509881422,3,0.011857707509881422
Park -> Pizza Place,2,0.011857707509881422,3,0.011857707509881422
Bar -> American Restaurant -> Pizza Place,3,0.011857707509881422,3,0.011857707509881422
Bar -> Train Station -> Pizza Place,3,0.011857707509881422,3,0.011857707509881422
Building -> Clothing Store -> Pizza Place,3,0.011857707509881422,3,0.011857707509881422
Coffee Shop -> Drugstore / Pharmacy -> Pizza Place,3,0.011857707509881422,3,0.011857707509881422
Coffee Shop -> Office -> Pizza Place,3,0.011857707509881422,3,0.011857707509881422
Gym / Fitness Center -> Train Station -> Pizza Place,3,0.011857707509881422,3,0.011857707509881422
Medical Center -> Drugstore / Pharmacy -> Pizza Place,3,0.011857707509881422,3,0.011857707509881422
Office -> Food & Drink Shop -> Pizza Place,3,0.011857707509881422,3,0.011857707509881422
Office -> Gym / Fitness Center -> Pizza Place,3,0.011857707509881422,3,0.011857707509881422
Pizza Place -> Bar -> Pizza Place,3,0.011857707509881422,3,0.011857707509881422
Bar -> Pizza Place -> Bar -> Pizza Place,4,0.011857707509881422,3,0.011857707509881422
Food & Drink Shop -> American Restaurant -> Food & Drink Shop,3,0.011834319526627219,10,0.011834319526627219
Food & Drink Shop -> Park -> Food & Drink Shop,3,0.011834319526627219,10,0.011834319526627219
Clothing Store -> Food & Drink Shop -> Clothing Store -> Food & Drink Shop,4,0.011834319526627219,10,0.011834319526627219
Office -> Food & Drink Shop -> Office -> Food & Drink Shop,4,0.011834319526627219,10,0.011834319526627219
Clothing Store -> Subway,2,0.011684518013631937,12,0.011684518013631937
Neighborhood -> Subway,2,0.011684518013631937,12,0.011684518013631937
Office -> Deli / Bodega -> Office -> Subway,4,0.011684518013631937,12,0.011684518013631937
Office -> Deli / Bodega -> Office -> Subway -> Office,5,0.011684518013631937,26,0.017783857729138167
Building -> Neighborhood,2,0.011650485436893204,6,0.011650485436893204
Drugstore / Pharmacy -> Neighborhood,2,0.011650485436893204,6,0.011650485436893204
Pizza Place -> Neighborhood,2,0.011650485436893204,6,0.011650485436893204
Deli / Bodega -> Coffee Shop -> Neighborhood,3,0.011650485436893204,6,0.011650485436893204
Gym / Fitness Center -> Coffee Shop -> Neighborhood,3,0.011650485436893204,6,0.011650485436893204
Hotel -> Office -> Neighborhood,3,0.011650485436893204,6,0.011650485436893204
Office -> Gym / Fitness Center -> Neighborhood,3,0.011650485436893204,6,0.011650485436893204
Building -> Coffee Shop -> Office -> Neighborhood,4,0.011650485436893204,6,0.011650485436893204
Coffee Shop -> Hotel -> Office -> Neighborhood,4,0.011650485436893204,6,0.011650485436893204
Office -> Deli / Bodega -> Coffee Shop -> Neighborhood,4,0.011650485436893204,6,0.011650485436893204
Coffee Shop -> Office -> Deli / Bodega -> Office -> Neighborhood,5,0.011650485436893204,6,0.011650485436893204
Hotel -> Park,2,0.011647254575707155,7,0.011647254575707155
Pizza Place -> Park,2,0.011647254575707155,7,0.011647254575707155
Building -> Office -> Park,3,0.011647254575707155,7,0.011647254575707155
Coffee Shop -> Food & Drink Shop -> Park,3,0.011647254575707155,7,0.011647254575707155
Food & Drink Shop -> Clothing Store -> Park,3,0.011647254575707155,7,0.011647254575707155
Gym / Fitness Center -> Subway -> Park,3,0.011647254575707155,7,0.011647254575707155
Office -> Coffee Shop -> Park,3,0.011647254575707155,7,0.011647254575707155
Park -> Food & Drink Shop -> Park,3,0.011647254575707155,7,0.011647254575707155
Drugstore / Pharmacy -> Subway -> Office,3,0.011627906976744186,17,0.011627906976744186
Food & Drink Shop -> Coffee Shop -> Office,3,0.011627906976744186,17,0.011627906976744186
Coffee Shop -> Building -> Train Station -> Office,4,0.011627906976744186,17,0.011627906976744186
Drugstore / Pharmacy -> Subway -> Office -> Clothing Store,4,0.011627906976744186,4,0.012738853503184714
Gym / Fitness Center -> Coffee Shop -> Neighborhood -> Office,4,0.011627906976744186,17,0.011627906976744186
Office -> Coffee Shop -> Gym / Fitness Center -> Office,4,0.011627906976744186,17,0.011627906976744186
Subway -> Office -> Hotel -> Office,4,0.011627906976744186,17,0.011627906976744186
Gym / Fitness Center -> Building -> Office -> Deli / Bodega -> Office,5,0.011627906976744186,17,0.011627906976744186
Office -> Coffee Shop -> Office -> Hotel -> Office,5,0.011627906976744186,17,0.011627906976744186
Building -> Office -> College Academic Building,3,0.011450381679389313,6,0.011450381679389313
College Academic Building -> Office -> College Academic Building,3,0.011450381679389313,6,0.011450381679389313
Deli / Bodega -> Coffee Shop -> College Academic Building,3,0.011450381679389313,6,0.011450381679389313
Gym / Fitness Center -> Building -> College Academic Building,3,0.011450381679389313,6,0.011450381679389313
Gym / Fitness Center -> Coffee Shop -> College Academic Building,3,0.011450381679389313,6,0.011450381679389313
Gym / Fitness Center -> Office -> College Academic Building,3,0.011450381679389313,6,0.011450381679389313
Coffee Shop -> Office -> Deli / Bodega -> College Academic Building,4,0.011450381679389313,6,0.011450381679389313
Other Great Outdoors -> Building,2,0.01141552511415525,5,0.01141552511415525
Residential Building (Apartment / Condo) -> Building,2,0.01141552511415525,5,0.01141552511415525
Deli / Bodega -> Coffee Shop -> Building,3,0.01141552511415525,5,0.01141552511415525
Neighborhood -> Office -> Building,3,0.01141552511415525,5,0.01141552511415525
Office -> Subway -> Building,3,0.01141552511415525,5,0.01141552511415525
Coffee Shop -> Clothing Store -> Office -> Building,4,0.01141552511415525,5,0.01141552511415525
Deli / Bodega -> Coffee Shop -> Building -> Clothing Store,4,0.01141552511415525,4,0.012738853503184714
Office -> Food & Drink Shop -> Office -> Building,4,0.01141552511415525,5,0.01141552511415525
Office -> Hotel -> Office -> Building,4,0.01141552511415525,5,0.01141552511415525
Office -> Subway -> Building -> Clothing Store,4,0.01141552511415525,4,0.012738853503184714
Coffee Shop -> Office -> Building -> Office -> Building,5,0.01141552511415525,5,0.01141552511415525
Deli / Bodega -> Office -> Coffee Shop -> Office -> Building,5,0.01141552511415525,5,0.01141552511415525
Drugstore / Pharmacy -> Office -> Coffee Shop -> Office -> Building,5,0.01141552511415525,5,0.01141552511415525
Gym / Fitness Center -> Office -> Train Station -> Office -> Building,5,0.01141552511415525,5,0.01141552511415525
Hotel -> Road,2,0.011396011396011397,4,0.011396011396011397
Park -> Road,2,0.011396011396011397,4,0.011396011396011397
Other Great Outdoors -> Train Station,2,0.01139240506329114,9,0.01139240506329114
Gym / Fitness Center -> Coffee Shop -> Train Station,3,0.01139240506329114,9,0.01139240506329114
Office -> Deli / Bodega -> Train Station,3,0.01139240506329114,9,0.01139240506329114
Park -> Office -> Train Station,3,0.01139240506329114,9,0.01139240506329114
Train Station -> American Restaurant -> Train Station,3,0.01139240506329114,9,0.01139240506329114
Bus Station -> Deli / Bodega -> Office -> Train Station,4,0.01139240506329114,9,0.01139240506329114
Drugstore / Pharmacy -> Deli / Bodega -> Office -> Train Station,4,0.01139240506329114,9,0.01139240506329114
Food & Drink Shop -> Train Station -> Office -> Train Station,4,0.01139240506329114,9,0.01139240506329114
Gym / Fitness Center -> Coffee Shop -> Office -> Train Station,4,0.01139240506329114,9,0.01139240506329114
Office -> Train Station -> Hotel -> Train Station,4,0.01139240506329114,9,0.01139240506329114
Coffee Shop -> Office -> Coffee Shop -> Office -> Train Station,5,0.01139240506329114,9,0.01139240506329114
Deli / Bodega -> Office -> Deli / Bodega -> Office -> Train Station,5,0.01139240506329114,9,0.01139240506329114
Deli / Bodega -> Office -> Train Station -> Office -> Train Station,5,0.01139240506329114,9,0.01139240506329114
Gym / Fitness Center -> Office -> Train Station -> Office -> Train Station,5,0.01139240506329114,9,0.01139240506329114
Office -> Train Station -> Coffee Shop -> Office -> Train Station,5,0.01139240506329114,9,0.01139240506329114
Office -> Train Station -> Office -> Building -> Train Station,5,0.01139240506329114,9,0.01139240506329114
Train Station -> Office -> Train Station -> Coffee Shop -> Train Station,5,0.01139240506329114,9,0.01139240506329114
Building -> Deli / Bodega -> Coffee Shop,3,0.011363636363636364,10,0.011363636363636364
Building -> Train Station -> Coffee Shop,3,0.011363636363636364,10,0.011363636363636364
Office -> College Academic Building -> Coffee Shop,3,0.011363636363636364,10,0.011363636363636364
Building -> Office -> Deli / Bodega -> Coffee Shop,4,0.011363636363636364,10,0.011363636363636364
Gym / Fitness Center -> Building -> Office -> Coffee Shop,4,0.011363636363636364,10,0.011363636363636364
Gym / Fitness Center -> Coffee Shop -> Office -> Coffee Shop,4,0.011363636363636364,10,0.011363636363636364
Office -> Coffee Shop -> Building -> Coffee Shop,4,0.011363636363636364,10,0.011363636363636364
Office -> Coffee Shop -> Train Station -> Coffee Shop,4,0.011363636363636364,10,0.011363636363636364
Coffee Shop -> Office -> Coffee Shop -> Office -> Coffee Shop,5,0.011363636363636364,10,0.011363636363636364
Gym / Fitness Center -> Coffee Shop -> Office -> Coffee Shop -> Office,5,0.011363636363636364,20,0.013679890560875513
Office -> Coffee Shop -> Train Station -> Office -> Coffee Shop,5,0.011363636363636364,10,0.011363636363636364
Office -> Deli / Bodega -> Coffee Shop -> Office -> Coffee Shop,5,0.011363636363636364,10,0.011363636363636364
Deli / Bodega -> Bar,2,0.011333333333333334,17,0.011333333333333334
Residential Building (Apartment / Condo) -> Gym / Fitness Center,2,0.011086474501108648,10,0.011086474501108648
Gym / Fitness Center -> Park -> Gym / Fitness Center,3,0.011086474501108648,10,0.011086474501108648
Subway -> Office -> Gym / Fitness Center,3,0.011086474501108648,10,0.011086474501108648
Office -> Coffee Shop -> Office -> Gym / Fitness Center,4,0.011086474501108648,10,0.011086474501108648
Office -> Deli / Bodega -> Office -> Gym / Fitness Center,4,0.011086474501108648,10,0.011086474501108648
Medical Center -> Office,2,0.01094391244870041,16,0.01094391244870041
Coffee Shop -> Food & Drink Shop -> Office,3,0.01094391244870041,16,0.01094391244870041
Office -> American Restaurant -> Office,3,0.01094391244870041,16,0.01094391244870041
Coffee Shop -> Office -> Neighborhood -> Office,4,0.01094391244870041,16,0.01094391244870041
Deli / Bodega -> Office -> Clothing Store -> Office,4,0.01094391244870041,16,0.01094391244870041
Office -> Food & Drink Shop -> Train Station -> Office,4,0.01094391244870041,16,0.01094391244870041
Park -> Office -> Gym / Fitness Center -> Office,4,0.01094391244870041,16,0.01094391244870041
Building -> Coffee Shop -> Office -> Coffee Shop -> Office,5,0.01094391244870041,16,0.01094391244870041
Coffee Shop -> Building -> Office -> Coffee Shop -> Office,5,0.01094391244870041,16,0.01094391244870041
Gym / Fitness Center -> Coffee Shop -> Office -> Train Station -> Office,5,0.01094391244870041,16,0.01094391244870041
Office -> Coffee Shop -> Office -> Deli / Bodega -> Office,5,0.01094391244870041,16,0.01094391244870041
Office -> Deli / Bodega -> Office -> Clothing Store -> Office,5,0.01094391244870041,16,0.01094391244870041
Office -> Food & Drink Shop -> Train Station -> Office -> Train Station,5,0.01094391244870041,9,0.01139240506329114
Train Station -> Coffee Shop -> Train Station -> Coffee Shop -> Office,5,0.01094391244870041,16,0.01094391244870041
Home (private) -> Deli / Bodega,2,0.01079913606911447,5,0.01079913606911447
Residential Building (Apartment / Condo) -> Deli / Bodega,2,0.01079913606911447,5,0.01079913606911447
American Restaurant -> Office -> Deli / Bodega,3,0.01079913606911447,5,0.01079913606911447
Bar -> Office -> Deli / Bodega,3,0.01079913606911447,5,0.01079913606911447
Coffee Shop -> Building -> Deli / Bodega,3,0.01079913606911447,5,0.01079913606911447
Coffee Shop -> Park -> Deli / Bodega,3,0.01079913606911447,5,0.01079913606911447
Deli / Bodega -> Park -> Deli / Bodega,3,0.01079913606911447,5,0.01079913606911447
Drugstore / Pharmacy -> Office -> Deli / Bodega,3,0.01079913606911447,5,0.01079913606911447
Office -> College Academic Building -> Deli / Bodega,3,0.01079913606911447,5,0.01079913606911447
Park -> Gym / Fitness Center -> Deli / Bodega,3,0.01079913606911447,5,0.01079913606911447
Train Station -> Office -> Deli / Bodega,3,0.01079913606911447,5,0.01079913606911447
Building -> Deli / Bodega -> Office -> Deli / Bodega,4,0.01079913606911447,5,0.01079913606911447
Coffee Shop -> Deli / Bodega -> Coffee Shop -> Deli / Bodega,4,0.01079913606911447,5,0.01079913606911447
Coffee Shop -> Deli / Bodega -> Office -> Deli / Bodega,4,0.01079913606911447,5,0.01079913606911447
Coffee Shop -> Office -> Coffee Shop -> Deli / Bodega,4,0.01079913606911447,5,0.01079913606911447
Coffee Shop -> Office -> Gym / Fitness Center -> Deli / Bodega,4,0.01079913606911447,5,0.01079913606911447
Gym / Fitness Center -> Building -> Coffee Shop -> Deli / Bodega,4,0.01079913606911447,5,0.01079913606911447
Gym / Fitness Center -> Coffee Shop -> Office -> Deli / Bodega,4,0.01079913606911447,5,0.01079913606911447
Gym / Fitness Center -> Deli / Bodega -> Office -> Deli / Bodega,4,0.01079913606911447,5,0.01079913606911447
Gym / Fitness Center -> Office -> Coffee Shop -> Deli / Bodega,4,0.01079913606911447,5,0.01079913606911447
Hotel -> Office -> Coffee Shop -> Deli / Bodega,4,0.01079913606911447,5,0.01079913606911447
Hotel -> Office -> Gym / Fitness Center -> Deli / Bodega,4,0.01079913606911447,5,0.01079913606911447
Office -> Bar -> Office -> Deli / Bodega,4,0.01079913606911447,5,0.01079913606911447
Office -> Coffee Shop -> Gym / Fitness Center -> Deli / Bodega,4,0.01079913606911447,5,0.01079913606911447
Office -> Gym / Fitness Center -> Coffee Shop -> Deli / Bodega,4,0.01079913606911447,5,0.01079913606911447
Office -> Gym / Fitness Center -> Office -> Deli / Bodega,4,0.01079913606911447,5,0.01079913606911447
Office -> Neighborhood -> Office -> Deli / Bodega,4,0.01079913606911447,5,0.01079913606911447
Coffee Shop -> Office -> Coffee Shop -> Deli / Bodega -> Clothing Store,5,0.01079913606911447,4,0.012738853503184714
Office -> Coffee Shop -> Building -> Office -> Deli / Bodega,5,0.01079913606911447,5,0.01079913606911447
Train Station -> Office -> Building -> Office -> Deli / Bodega,5,0.01079913606911447,5,0.01079913606911447
Bank -> Subway,2,0.010710808179162609,11,0.010710808179162609
Office -> Gym / Fitness Center -> Subway,3,0.010710808179162609,11,0.010710808179162609
Deli / Bodega -> Bus Station,2,0.0106951871657754,6,0.0106951871657754
Gym / Fitness Center -> Subway -> Bus Station,3,0.0106951871657754,6,0.0106951871657754
Drugstore / Pharmacy -> Bar,2,0.010666666666666666,16,0.010666666666666666
Bus Station -> Food & Drink Shop,2,0.010650887573964497,9,0.010650887573964497
Train Station -> Food & Drink Shop,2,0.010650887573964497,9,0.010650887573964497
Building -> Office -> Food & Drink Shop,3,0.010650887573964497,9,0.010650887573964497
Food & Drink Shop -> Bar -> Food & Drink Shop,3,0.010650887573964497,9,0.010650887573964497
Gym / Fitness Center -> Office -> Food & Drink Shop,3,0.010650887573964497,9,0.010650887573964497
Office -> Coffee Shop -> Food & Drink Shop,3,0.010650887573964497,9,0.010650887573964497
Office -> Deli / Bodega -> Food & Drink Shop,3,0.010650887573964497,9,0.010650887573964497
Office -> Park -> Food & Drink Shop,3,0.010650887573964497,9,0.010650887573964497
Office -> Food & Drink Shop -> Clothing Store -> Food & Drink Shop,4,0.010650887573964497,9,0.010650887573964497
Food & Drink Shop -> Home (private),2,0.010650224215246636,19,0.010650224215246636
Coffee Shop -> Other Great Outdoors,2,0.01048951048951049,6,0.01048951048951049
Deli / Bodega -> Drugstore / Pharmacy -> Office,3,0.010259917920656635,15,0.010259917920656635
Gym / Fitness Center -> Neighborhood -> Office,3,0.010259917920656635,15,0.010259917920656635
Coffee Shop -> Office -> Food & Drink Shop -> Office,4,0.010259917920656635,15,0.010259917920656635
Deli / Bodega -> Drugstore / Pharmacy -> Office -> Train Station,4,0.010259917920656635,9,0.01139240506329114
Deli / Bodega -> Office -> Building -> Office,4,0.010259917920656635,15,0.010259917920656635
Gym / Fitness Center -> Coffee Shop -> Train Station -> Office,4,0.010259917920656635,15,0.010259917920656635
Gym / Fitness Center -> Office -> Subway -> Office,4,0.010259917920656635,15,0.010259917920656635
Hotel -> Office -> Coffee Shop -> Office,4,0.010259917920656635,15,0.010259917920656635
Office -> Building -> Clothing Store -> Office,4,0.010259917920656635,15,0.010259917920656635
Office -> Gym / Fitness Center -> Neighborhood -> Office,4,0.010259917920656635,15,0.010259917920656635
Coffee Shop -> Deli / Bodega -> Office -> Train Station -> Office,5,0.010259917920656635,15,0.010259917920656635
Deli / Bodega -> Office -> Building -> Office -> Deli / Bodega,5,0.010259917920656635,7,0.01511879049676026
Gym / Fitness Center -> Building -> Office -> Coffee Shop -> Office,5,0.010259917920656635,15,0.010259917920656635
Office -> Deli / Bodega -> Office -> Neighborhood -> Office,5,0.010259917920656635,15,0.010259917920656635
Office -> Train Station -> Coffee Shop -> Train Station -> Office,5,0.010259917920656635,15,0.010259917920656635
Office -> Train Station -> Office -> Building -> Office,5,0.010259917920656635,15,0.010259917920656635
American Restaurant -> Building -> Coffee Shop,3,0.010227272727272727,9,0.010227272727272727
Bank -> Office -> Coffee Shop,3,0.010227272727272727,9,0.010227272727272727
Office -> American Restaurant -> Coffee Shop,3,0.010227272727272727,9,0.010227272727272727
Office -> Bank -> Coffee Shop,3,0.010227272727272727,9,0.010227272727272727
Office -> Clothing Store -> Coffee Shop,3,0.010227272727272727,9,0.010227272727272727
Train Station -> Building -> Coffee Shop,3,0.010227272727272727,9,0.010227272727272727
Coffee Shop -> Office -> Building -> Coffee Shop,4,0.010227272727272727,9,0.010227272727272727
Deli / Bodega -> Office -> Deli / Bodega -> Coffee Shop,4,0.010227272727272727,9,0.010227272727272727
Gym / Fitness Center -> Office -> Deli / Bodega -> Coffee Shop,4,0.010227272727272727,9,0.010227272727272727
Gym / Fitness Center -> Subway -> Office -> Coffee Shop,4,0.010227272727272727,9,0.010227272727272727
Office -> Bank -> Coffee Shop -> Office,4,0.010227272727272727,15,0.010259917920656635
Office -> Gym / Fitness Center -> Office -> Coffee Shop,4,0.010227272727272727,9,0.010227272727272727
Subway -> Coffee Shop -> Office -> Coffee Shop,4,0.010227272727272727,9,0.010227272727272727
Train Station -> Office -> Building -> Coffee Shop,4,0.010227272727272727,9,0.010227272727272727
Building -> Office -> Building -> Office -> Coffee Shop,5,0.010227272727272727,9,0.010227272727272727
Coffee Shop -> Deli / Bodega -> Coffee Shop -> Office -> Coffee Shop,5,0.010227272727272727,9,0.010227272727272727
Coffee Shop -> Office -> Building -> Coffee Shop -> Office,5,0.010227272727272727,15,0.010259917920656635
Coffee Shop -> Office -> Deli / Bodega -> Office -> Coffee Shop,5,0.010227272727272727,9,0.010227272727272727
Deli / Bodega -> Office -> Deli / Bodega -> Coffee Shop -> Office,5,0.010227272727272727,15,0.010259917920656635
Gym / Fitness Center -> Office -> Deli / Bodega -> Coffee Shop -> Office,5,0.010227272727272727,23,0.01573187414500684
Office -> Building -> Office -> Deli / Bodega -> Coffee Shop,5,0.010227272727272727,9,0.010227272727272727
Subway -> Coffee Shop -> Office -> Coffee Shop -> Office,5,0.010227272727272727,20,0.013679890560875513
Subway -> Office -> Coffee Shop -> Office -> Coffee Shop,5,0.010227272727272727,9,0.010227272727272727
American Restaurant -> Bar -> Train Station,3,0.010126582278481013,8,0.010126582278481013
Bar -> Gym / Fitness Center -> Train Station,3,0.010126582278481013,8,0.010126582278481013
Gym / Fitness Center -> Hotel -> Train Station,3,0.010126582278481013,8,0.010126582278481013
Hotel -> Bar -> Train Station,3,0.010126582278481013,8,0.010126582278481013
Office -> Hotel -> Train Station,3,0.010126582278481013,8,0.010126582278481013
Park -> Clothing Store -> Train Station,3,0.010126582278481013,8,0.010126582278481013
Park -> Gym / Fitness Center -> Train Station,3,0.010126582278481013,8,0.010126582278481013
Train Station -> Food & Drink Shop -> Train Station,3,0.010126582278481013,8,0.010126582278481013
Building -> Office -> Coffee Shop -> Train Station,4,0.010126582278481013,8,0.010126582278481013
Coffee Shop -> Subway -> Office -> Train Station,4,0.010126582278481013,8,0.010126582278481013
Deli / Bodega -> Coffee Shop -> Office -> Train Station,4,0.010126582278481013,8,0.010126582278481013
Gym / Fitness Center -> Train Station -> Coffee Shop -> Train Station,4,0.010126582278481013,8,0.010126582278481013
Gym / Fitness Center -> Train Station -> Office -> Train Station,4,0.010126582278481013,8,0.010126582278481013
Office -> Building -> Coffee Shop -> Train Station,4,0.010126582278481013,8,0.010126582278481013
Train Station -> Building -> Coffee Shop -> Train Station,4,0.010126582278481013,8,0.010126582278481013
Train Station -> Office -> Food & Drink Shop -> Train Station,4,0.010126582278481013,8,0.010126582278481013
Building -> Office -> Train Station -> Office -> Train Station,5,0.010126582278481013,8,0.010126582278481013
Coffee Shop -> Office -> Train Station -> Coffee Shop -> Train Station,5,0.010126582278481013,8,0.010126582278481013
Office -> Building -> Coffee Shop -> Train Station -> Office,5,0.010126582278481013,19,0.012995896032831737
Office -> Building -> Office -> Coffee Shop -> Train Station,5,0.010126582278481013,8,0.010126582278481013
Office -> Deli / Bodega -> Coffee Shop -> Office -> Train Station,5,0.010126582278481013,8,0.010126582278481013
Train Station -> Office -> Food & Drink Shop -> Train Station -> Office,5,0.010126582278481013,15,0.010259917920656635
Residential Building (Apartment / Condo) -> Home (private),2,0.010089686098654708,18,0.010089686098654708
Bank -> Bar,2,0.01,15,0.01
Bus Station -> Park,2,0.009983361064891847,6,0.009983361064891847
Food & Drink Shop -> Office -> Park,3,0.009983361064891847,6,0.009983361064891847
Gym / Fitness Center -> Coffee Shop -> Park,3,0.009983361064891847,6,0.009983361064891847
Gym / Fitness Center -> Deli / Bodega -> Park,3,0.009983361064891847,6,0.009983361064891847
Park -> Clothing Store -> Park,3,0.009983361064891847,6,0.009983361064891847
Subway -> Gym / Fitness Center -> Park,3,0.009983361064891847,6,0.009983361064891847
Subway -> Office -> Park,3,0.009983361064891847,6,0.009983361064891847
Gym / Fitness Center -> Coffee Shop -> Park -> Office,4,0.009983361064891847,16,0.01094391244870041
Office -> Park -> Office -> Park,4,0.009983361064891847,6,0.009983361064891847
Gym / Fitness Center -> Coffee Shop -> Park -> Office -> Clothing Store,5,0.009983361064891847,5,0.01592356687898089
Bar -> Office -> Gym / Fitness Center,3,0.009977827050997782,9,0.009977827050997782
Clothing Store -> Bar -> Gym / Fitness Center,3,0.009977827050997782,9,0.009977827050997782
Gym / Fitness Center -> American Restaurant -> Gym / Fitness Center,3,0.009977827050997782,9,0.009977827050997782
Gym / Fitness Center -> Bar -> Gym / Fitness Center,3,0.009977827050997782,9,0.009977827050997782
Office -> Food & Drink Shop -> Gym / Fitness Center,3,0.009977827050997782,9,0.009977827050997782
Office -> Park -> Gym / Fitness Center,3,0.009977827050997782,9,0.009977827050997782
Train Station -> Office -> Gym / Fitness Center,3,0.009977827050997782,9,0.009977827050997782
Gym / Fitness Center -> Coffee Shop -> Office -> Gym / Fitness Center,4,0.009977827050997782,9,0.009977827050997782
Office -> Train Station -> Office -> Gym / Fitness Center,4,0.009977827050997782,9,0.009977827050997782
Gym / Fitness Center -> Coffee Shop -> Office -> Gym / Fitness Center -> Deli / Bodega,5,0.009977827050997782,5,0.01079913606911447
Gym / Fitness Center -> Coffee Shop -> Office -> Gym / Fitness Center -> Office,5,0.009977827050997782,17,0.011627906976744186
Deli / Bodega -> Residential Building (Apartment / Condo),2,0.009828009828009828,4,0.009828009828009828
Park -> Residential Building (Apartment / Condo),2,0.009828009828009828,4,0.009828009828009828
American Restaurant -> Bank,2,0.009708737864077669,2,0.009708737864077669
American Restaurant -> Neighborhood,2,0.009708737864077669,5,0.009708737864077669
College Academic Building -> Bank,2,0.009708737864077669,2,0.009708737864077669
Home (private) -> Bank,2,0.009708737864077669,2,0.009708737864077669
Home (private) -> Neighborhood,2,0.009708737864077669,5,0.009708737864077669
Medical Center -> Bank,2,0.009708737864077669,2,0.009708737864077669
Park -> Bank,2,0.009708737864077669,2,0.009708737864077669
Bar -> Clothing Store -> Bank,3,0.009708737864077669,2,0.009708737864077669
Bar -> Office -> Bank,3,0.009708737864077669,2,0.009708737864077669
Building -> Deli / Bodega -> Bank,3,0.009708737864077669,2,0.009708737864077669
Building -> Office -> Neighborhood,3,0.009708737864077669,5,0.009708737864077669
Coffee Shop -> Hotel -> Bank,3,0.009708737864077669,2,0.009708737864077669
Deli / Bodega -> Gym / Fitness Center -> Bank,3,0.009708737864077669,2,0.009708737864077669
Deli / Bodega -> Hotel -> Bank,3,0.009708737864077669,2,0.009708737864077669
Food & Drink Shop -> Building -> Bank,3,0.009708737864077669,2,0.009708737864077669
Food & Drink Shop -> Office -> Bank,3,0.009708737864077669,2,0.009708737864077669
Gym / Fitness Center -> Building -> Bank,3,0.009708737864077669,2,0.009708737864077669
Gym / Fitness Center -> Food & Drink Shop -> Bank,3,0.009708737864077669,2,0.009708737864077669
Office -> Coffee Shop -> Bank,3,0.009708737864077669,2,0.009708737864077669
Office -> Food & Drink Shop -> Bank,3,0.009708737864077669,2,0.009708737864077669
Office -> Hotel -> Bank,3,0.009708737864077669,2,0.009708737864077669
Office -> Train Station -> Bank,3,0.009708737864077669,2,0.009708737864077669
Park -> Clothing Store -> Bank,3,0.009708737864077669,2,0.009708737864077669
Park -> Deli / Bodega -> Neighborhood,3,0.009708737864077669,5,0.009708737864077669
Park -> Drugstore / Pharmacy -> Bank,3,0.009708737864077669,2,0.009708737864077669
Park -> Office -> Neighborhood,3,0.009708737864077669,5,0.009708737864077669
Coffee Shop -> Deli / Bodega -> Coffee Shop -> Neighborhood,4,0.009708737864077669,5,0.009708737864077669
Coffee Shop -> Office -> Building -> Bank,4,0.009708737864077669,2,0.009708737864077669
Coffee Shop -> Office -> Coffee Shop -> Neighborhood,4,0.009708737864077669,5,0.009708737864077669
Coffee Shop -> Office -> Deli / Bodega -> Bank,4,0.009708737864077669,2,0.009708737864077669
Deli / Bodega -> Coffee Shop -> Office -> Neighborhood,4,0.009708737864077669,5,0.009708737864077669
Deli / Bodega -> Office -> Subway -> Neighborhood,4,0.009708737864077669,5,0.009708737864077669
Deli / Bodega -> Office -> Train Station -> Bank,4,0.009708737864077669,2,0.009708737864077669
Gym / Fitness Center -> Coffee Shop -> Office -> Neighborhood,4,0.009708737864077669,5,0.009708737864077669
Gym / Fitness Center -> Office -> Deli / Bodega -> Bank,4,0.009708737864077669,2,0.009708737864077669
Office -> Building -> Office -> Neighborhood,4,0.009708737864077669,5,0.009708737864077669
Office -> Hotel -> Office -> Neighborhood,4,0.009708737864077669,5,0.009708737864077669
Park -> Office -> Deli / Bodega -> Bank,4,0.009708737864077669,2,0.009708737864077669
Building -> Office -> Coffee Shop -> Office -> Neighborhood,5,0.009708737864077669,5,0.009708737864077669
Coffee Shop -> Office -> Deli / Bodega -> Coffee Shop -> Neighborhood,5,0.009708737864077669,5,0.009708737864077669
Deli / Bodega -> Office -> Coffee Shop -> Office -> Neighborhood,5,0.009708737864077669,5,0.009708737864077669
Office -> Building -> Coffee Shop -> Office -> Neighborhood,5,0.009708737864077669,5,0.009708737864077669
Office -> Coffee Shop -> Deli / Bodega -> Office -> Neighborhood,5,0.009708737864077669,5,0.009708737864077669
Office -> Deli / Bodega -> Coffee Shop -> Office -> Neighborhood,5,0.009708737864077669,5,0.009708737864077669
Office -> Deli / Bodega -> Office -> Subway -> Neighborhood,5,0.009708737864077669,5,0.009708737864077669
Bank -> American Restaurant,2,0.009615384615384616,4,0.009615384615384616
Other Great Outdoors -> American Restaurant,2,0.009615384615384616,4,0.009615384615384616
Road -> American Restaurant,2,0.009615384615384616,4,0.009615384615384616
American Restaurant -> Bar -> American Restaurant,3,0.009615384615384616,4,0.009615384615384616
Bar -> Neighborhood -> American Restaurant,3,0.009615384615384616,4,0.009615384615384616
Building -> Office -> American Restaurant,3,0.009615384615384616,4,0.009615384615384616
Clothing Store -> Food & Drink Shop -> American Restaurant,3,0.009615384615384616,4,0.009615384615384616
Deli / Bodega -> Building -> American Restaurant,3,0.009615384615384616,4,0.009615384615384616
Gym / Fitness Center -> Bar -> American Restaurant,3,0.009615384615384616,4,0.009615384615384616
Gym / Fitness Center -> Hotel -> American Restaurant,3,0.009615384615384616,4,0.009615384615384616
Gym / Fitness Center -> Train Station -> American Restaurant,3,0.009615384615384616,4,0.009615384615384616
Office -> Bar -> American Restaurant,3,0.009615384615384616,4,0.009615384615384616
Office -> Building -> American Restaurant,3,0.009615384615384616,4,0.009615384615384616
Office -> Clothing Store -> American Restaurant,3,0.009615384615384616,4,0.009615384615384616
Office -> College Academic Building -> American Restaurant,3,0.009615384615384616,4,0.009615384615384616
Office -> Food & Drink Shop -> American Restaurant,3,0.009615384615384616,4,0.009615384615384616
Office -> Subway -> American Restaurant,3,0.009615384615384616,4,0.009615384615384616
Park -> Food & Drink Shop -> American Restaurant,3,0.009615384615384616,4,0.009615384615384616
Park -> Gym / Fitness Center -> American Restaurant,3,0.009615384615384616,4,0.009615384615384616
Building -> Office -> Building -> American Restaurant,4,0.009615384615384616,4,0.009615384615384616
Hotel -> Bar -> Bus Station -> American Restaurant,4,0.009615384615384616,4,0.009615384615384616
Office -> Building -> Office -> American Restaurant,4,0.009615384615384616,4,0.009615384615384616
Office -> Coffee Shop -> Office -> American Restaurant,4,0.009615384615384616,4,0.009615384615384616
Office -> Train Station -> Office -> American Restaurant,4,0.009615384615384616,4,0.009615384615384616
American Restaurant -> Drugstore / Pharmacy,2,0.009584664536741214,3,0.009584664536741214
College Academic Building -> Drugstore / Pharmacy,2,0.009584664536741214,3,0.009584664536741214
Bank -> Pizza Place -> Drugstore / Pharmacy,3,0.009584664536741214,3,0.009584664536741214
Building -> Coffee Shop -> Drugstore / Pharmacy,3,0.009584664536741214,3,0.009584664536741214
Clothing Store -> Office -> Drugstore / Pharmacy,3,0.009584664536741214,3,0.009584664536741214
Coffee Shop -> Bus Station -> Drugstore / Pharmacy,3,0.009584664536741214,3,0.009584664536741214
Food & Drink Shop -> Office -> Drugstore / Pharmacy,3,0.009584664536741214,3,0.009584664536741214
Gym / Fitness Center -> Bar -> Drugstore / Pharmacy,3,0.009584664536741214,3,0.009584664536741214
Gym / Fitness Center -> Office -> Drugstore / Pharmacy,3,0.009584664536741214,3,0.009584664536741214
Medical Center -> Coffee Shop -> Drugstore / Pharmacy,3,0.009584664536741214,3,0.009584664536741214
Office -> Deli / Bodega -> Drugstore / Pharmacy,3,0.009584664536741214,3,0.009584664536741214
Office -> Gym / Fitness Center -> Drugstore / Pharmacy,3,0.009584664536741214,3,0.009584664536741214
Park -> Coffee Shop -> Drugstore / Pharmacy,3,0.009584664536741214,3,0.009584664536741214
Medical Center -> Coffee Shop -> Drugstore / Pharmacy -> Medical Center,4,0.009584664536741214,4,0.012121212121212121
Bar -> Gym / Fitness Center -> Office,3,0.009575923392612859,14,0.009575923392612859
Deli / Bodega -> Train Station -> Office,3,0.009575923392612859,14,0.009575923392612859
Gym / Fitness Center -> Hotel -> Office,3,0.009575923392612859,14,0.009575923392612859
Park -> Gym / Fitness Center -> Office,3,0.009575923392612859,14,0.009575923392612859
American Restaurant -> Office -> Building -> Office,4,0.009575923392612859,14,0.009575923392612859
Coffee Shop -> Office -> College Academic Building -> Office,4,0.009575923392612859,14,0.009575923392612859
Deli / Bodega -> Coffee Shop -> Clothing Store -> Office,4,0.009575923392612859,14,0.009575923392612859
Drugstore / Pharmacy -> Office -> Train Station -> Office,4,0.009575923392612859,14,0.009575923392612859
Office -> Coffee Shop -> Clothing Store -> Office,4,0.009575923392612859,14,0.009575923392612859
Office -> Deli / Bodega -> Drugstore / Pharmacy -> Office,4,0.009575923392612859,14,0.009575923392612859
Office -> Subway -> Neighborhood -> Office,4,0.009575923392612859,14,0.009575923392612859
Park -> Gym / Fitness Center -> Office -> Deli / Bodega,4,0.009575923392612859,5,0.01079913606911447
Subway -> Office -> Deli / Bodega -> Office,4,0.009575923392612859,14,0.009575923392612859
Subway -> Office -> Gym / Fitness Center -> Office,4,0.009575923392612859,14,0.009575923392612859
American Restaurant -> Office -> Building -> Office -> Coffee Shop,5,0.009575923392612859,10,0.011363636363636364
American Restaurant -> Office -> Building -> Office -> Deli / Bodega,5,0.009575923392612859,6,0.012958963282937365
Coffee Shop -> Office -> Coffee Shop -> Clothing Store -> Office,5,0.009575923392612859,14,0.009575923392612859
Coffee Shop -> Office -> Coffee Shop -> Deli / Bodega -> Office,5,0.009575923392612859,14,0.009575923392612859
Coffee Shop -> Office -> College Academic Building -> Office -> Deli / Bodega,5,0.009575923392612859,5,0.01079913606911447
Deli / Bodega -> Coffee Shop -> Office -> Clothing Store -> Office,5,0.009575923392612859,14,0.009575923392612859
Deli / Bodega -> Coffee Shop -> Office -> Train Station -> Office,5,0.009575923392612859,14,0.009575923392612859
Office -> Building -> Office -> Building -> Office,5,0.009575923392612859,14,0.009575923392612859
Office -> Coffee Shop -> Train Station -> Coffee Shop -> Office,5,0.009575923392612859,14,0.009575923392612859
Office -> Deli / Bodega -> Coffee Shop -> Clothing Store -> Office,5,0.009575923392612859,14,0.009575923392612859
Office -> Deli / Bodega -> Drugstore / Pharmacy -> Office -> Train Station,5,0.009575923392612859,9,0.01139240506329114
Office -> Deli / Bodega -> Office -> Deli / Bodega -> Office,5,0.009575923392612859,14,0.009575923392612859
Office -> Subway -> Office -> Clothing Store -> Office,5,0.009575923392612859,14,0.009575923392612859
Bus Station -> Clothing Store,2,0.009554140127388535,3,0.009554140127388535
American Restaurant -> Bar -> Clothing Store,3,0.009554140127388535,3,0.009554140127388535
American Restaurant -> Hotel -> Clothing Store,3,0.009554140127388535,3,0.009554140127388535
Bank -> Bar -> Clothing Store,3,0.009554140127388535,3,0.009554140127388535
Bank -> Coffee Shop -> Clothing Store,3,0.009554140127388535,3,0.009554140127388535
Bar -> American Restaurant -> Clothing Store,3,0.009554140127388535,3,0.009554140127388535
Bar -> Gym / Fitness Center -> Clothing Store,3,0.009554140127388535,3,0.009554140127388535
Bar -> Office -> Clothing Store,3,0.009554140127388535,3,0.009554140127388535
Clothing Store -> Hotel -> Clothing Store,3,0.009554140127388535,3,0.009554140127388535
Clothing Store -> Neighborhood -> Clothing Store,3,0.009554140127388535,3,0.009554140127388535
Clothing Store -> Train Station -> Clothing Store,3,0.009554140127388535,3,0.009554140127388535
Coffee Shop -> Bar -> Clothing Store,3,0.009554140127388535,3,0.009554140127388535
Coffee Shop -> Drugstore / Pharmacy -> Clothing Store,3,0.009554140127388535,3,0.009554140127388535
Coffee Shop -> Neighborhood -> Clothing Store,3,0.009554140127388535,3,0.009554140127388535
Deli / Bodega -> Building -> Clothing Store,3,0.009554140127388535,3,0.009554140127388535
Food & Drink Shop -> Bar -> Clothing Store,3,0.009554140127388535,3,0.009554140127388535
Food & Drink Shop -> Building -> Clothing Store,3,0.009554140127388535,3,0.009554140127388535
Food & Drink Shop -> Coffee Shop -> Clothing Store,3,0.009554140127388535,3,0.009554140127388535
Food & Drink Shop -> Gym / Fitness Center -> Clothing Store,3,0.009554140127388535,3,0.009554140127388535
Food & Drink Shop -> Hotel -> Clothing Store,3,0.009554140127388535,3,0.009554140127388535
Food & Drink Shop -> Subway -> Clothing Store,3,0.009554140127388535,3,0.009554140127388535
Gym / Fitness Center -> Building -> Clothing Store,3,0.009554140127388535,3,0.009554140127388535
Gym / Fitness Center -> Park -> Clothing Store,3,0.009554140127388535,3,0.009554140127388535
Hotel -> Building -> Clothing Store,3,0.009554140127388535,3,0.009554140127388535
Medical Center -> Office -> Clothing Store,3,0.009554140127388535,3,0.009554140127388535
Office -> Bar -> Clothing Store,3,0.009554140127388535,3,0.009554140127388535
Park -> Deli / Bodega -> Clothing Store,3,0.009554140127388535,3,0.009554140127388535
Park -> Hotel -> Clothing Store,3,0.009554140127388535,3,0.009554140127388535
Subway -> Food & Drink Shop -> Clothing Store,3,0.009554140127388535,3,0.009554140127388535
Subway -> Hotel -> Clothing Store,3,0.009554140127388535,3,0.009554140127388535
Train Station -> Building -> Clothing Store,3,0.009554140127388535,3,0.009554140127388535
Train Station -> Deli / Bodega -> Clothing Store,3,0.009554140127388535,3,0.009554140127388535
American Restaurant -> Bar -> Train Station -> Clothing Store,4,0.009554140127388535,3,0.009554140127388535
Bank -> Coffee Shop -> Office -> Clothing Store,4,0.009554140127388535,3,0.009554140127388535
Building -> Coffee Shop -> Deli / Bodega -> Clothing Store,4,0.009554140127388535,3,0.009554140127388535
Building -> Coffee Shop -> Hotel -> Clothing Store,4,0.009554140127388535,3,0.009554140127388535
Building -> Deli / Bodega -> Office -> Clothing Store,4,0.009554140127388535,3,0.009554140127388535
Building -> Office -> Train Station -> Clothing Store,4,0.009554140127388535,3,0.009554140127388535
Building -> Train Station -> Coffee Shop -> Clothing Store,4,0.009554140127388535,3,0.009554140127388535
Clothing Store -> Food & Drink Shop -> American Restaurant -> Clothing Store,4,0.009554140127388535,3,0.009554140127388535
Coffee Shop -> Building -> Train Station -> Clothing Store,4,0.009554140127388535,3,0.009554140127388535
Coffee Shop -> Clothing Store -> Office -> Clothing Store,4,0.009554140127388535,3,0.009554140127388535
Coffee Shop -> Hotel -> Office -> Clothing Store,4,0.009554140127388535,3,0.009554140127388535
Coffee Shop -> Office -> Food & Drink Shop -> Clothing Store,4,0.009554140127388535,3,0.009554140127388535
Coffee Shop -> Office -> Hotel -> Clothing Store,4,0.009554140127388535,3,0.009554140127388535
Coffee Shop -> Park -> Coffee Shop -> Clothing Store,4,0.009554140127388535,3,0.009554140127388535
Coffee Shop -> Park -> Deli / Bodega -> Clothing Store,4,0.009554140127388535,3,0.009554140127388535
Deli / Bodega -> Office -> Train Station -> Clothing Store,4,0.009554140127388535,3,0.009554140127388535
Deli / Bodega -> Park -> Deli / Bodega -> Clothing Store,4,0.009554140127388535,3,0.009554140127388535
Food & Drink Shop -> Office -> Food & Drink Shop -> Clothing Store,4,0.009554140127388535,3,0.009554140127388535
Gym / Fitness Center -> Coffee Shop -> Deli / Bodega -> Clothing Store,4,0.009554140127388535,3,0.009554140127388535
Gym / Fitness Center -> Train Station -> Office -> Clothing Store,4,0.009554140127388535,3,0.009554140127388535
Hotel -> Office -> Gym / Fitness Center -> Clothing Store,4,0.009554140127388535,3,0.009554140127388535
Office -> Bar -> Park -> Clothing Store,4,0.009554140127388535,3,0.009554140127388535
Office -> Building -> Coffee Shop -> Clothing Store,4,0.009554140127388535,3,0.009554140127388535
Office -> Coffee Shop -> Building -> Clothing Store,4,0.009554140127388535,3,0.009554140127388535
Office -> Deli / Bodega -> Park -> Clothing Store,4,0.009554140127388535,3,0.009554140127388535
Office -> Food & Drink Shop -> Office -> Clothing Store,4,0.009554140127388535,3,0.009554140127388535
Office -> Gym / Fitness Center -> Coffee Shop -> Clothing Store,4,0.009554140127388535,3,0.009554140127388535
Office -> Gym / Fitness Center -> Train Station -> Clothing Store,4,0.009554140127388535,3,0.009554140127388535
Office -> Park -> Coffee Shop -> Clothing Store,4,0.009554140127388535,3,0.009554140127388535
Office -> Park -> Deli / Bodega -> Clothing Store,4,0.009554140127388535,3,0.009554140127388535
Park -> Deli / Bodega -> Office -> Clothing Store,4,0.009554140127388535,3,0.009554140127388535
Train Station -> Coffee Shop -> Deli / Bodega -> Clothing Store,4,0.009554140127388535,3,0.009554140127388535
Train Station -> Coffee Shop -> Train Station -> Clothing Store,4,0.009554140127388535,3,0.009554140127388535
Train Station -> Office -> Train Station -> Clothing Store,4,0.009554140127388535,3,0.009554140127388535
Building -> Coffee Shop -> Office -> Coffee Shop -> Clothing Store,5,0.009554140127388535,3,0.009554140127388535
Building -> Office -> Train Station -> Office -> Clothing Store,5,0.009554140127388535,3,0.009554140127388535
Coffee Shop -> Building -> Office -> Coffee Shop -> Clothing Store,5,0.009554140127388535,3,0.009554140127388535
Coffee Shop -> Deli / Bodega -> Office -> Building -> Clothing Store,5,0.009554140127388535,3,0.009554140127388535
Coffee Shop -> Office -> Building -> Office -> Clothing Store,5,0.009554140127388535,3,0.009554140127388535
Coffee Shop -> Office -> Clothing Store -> Office -> Clothing Store,5,0.009554140127388535,3,0.009554140127388535
Coffee Shop -> Office -> Hotel -> Office -> Clothing Store,5,0.009554140127388535,3,0.009554140127388535
Coffee Shop -> Office -> Train Station -> Coffee Shop -> Clothing Store,5,0.009554140127388535,3,0.009554140127388535
Coffee Shop -> Train Station -> Coffee Shop -> Office -> Clothing Store,5,0.009554140127388535,3,0.009554140127388535
Coffee Shop -> Train Station -> Office -> Coffee Shop -> Clothing Store,5,0.009554140127388535,3,0.009554140127388535
Deli / Bodega -> Office -> Building -> Office -> Clothing Store,5,0.009554140127388535,3,0.009554140127388535
Deli / Bodega -> Office -> Train Station -> Office -> Clothing Store,5,0.009554140127388535,3,0.009554140127388535
Gym / Fitness Center -> Building -> Office -> Coffee Shop -> Clothing Store,5,0.009554140127388535,3,0.009554140127388535
Gym / Fitness Center -> Coffee Shop -> Deli / Bodega -> Office -> Clothing Store,5,0.009554140127388535,3,0.009554140127388535
Gym / Fitness Center -> Coffee Shop -> Train Station -> Office -> Clothing Store,5,0.009554140127388535,3,0.009554140127388535
Gym / Fitness Center -> Office -> Coffee Shop -> Deli / Bodega -> Clothing Store,5,0.009554140127388535,3,0.009554140127388535
Gym / Fitness Center -> Office -> Coffee Shop -> Office -> Clothing Store,5,0.009554140127388535,3,0.009554140127388535
Gym / Fitness Center -> Office -> Train Station -> Office -> Clothing Store,5,0.009554140127388535,3,0.009554140127388535
Hotel -> Office -> Coffee Shop -> Deli / Bodega -> Clothing Store,5,0.009554140127388535,3,0.009554140127388535
Hotel -> Office -> Train Station -> Office -> Clothing Store,5,0.009554140127388535,3,0.009554140127388535
Office -> Bank -> Coffee Shop -> Office -> Clothing Store,5,0.009554140127388535,3,0.009554140127388535
Office -> Building -> Coffee Shop -> Train Station -> Clothing Store,5,0.009554140127388535,3,0.009554140127388535
Office -> Building -> Office -> Deli / Bodega -> Clothing Store,5,0.009554140127388535,3,0.009554140127388535
Office -> Building -> Office -> Train Station -> Clothing Store,5,0.009554140127388535,3,0.009554140127388535
Office -> Coffee Shop -> Building -> Coffee Shop -> Clothing Store,5,0.009554140127388535,3,0.009554140127388535
Office -> Coffee Shop -> Deli / Bodega -> Office -> Clothing Store,5,0.009554140127388535,3,0.009554140127388535
Office -> Coffee Shop -> Train Station -> Office -> Clothing Store,5,0.009554140127388535,3,0.009554140127388535
Office -> Gym / Fitness Center -> Coffee Shop -> Deli / Bodega -> Clothing Store,5,0.009554140127388535,3,0.009554140127388535
Subway -> Office -> Clothing Store -> Office -> Clothing Store,5,0.009554140127388535,3,0.009554140127388535
Subway -> Office -> Deli / Bodega -> Office -> Clothing Store,5,0.009554140127388535,3,0.009554140127388535
Subway -> Office -> Hotel -> Office -> Clothing Store,5,0.009554140127388535,3,0.009554140127388535
Train Station -> Building -> Coffee Shop -> Train Station -> Clothing Store,5,0.009554140127388535,3,0.009554140127388535
Train Station -> Coffee Shop -> Office -> Coffee Shop -> Clothing Store,5,0.009554140127388535,3,0.009554140127388535
Train Station -> Office -> Train Station -> Coffee Shop -> Clothing Store,5,0.009554140127388535,3,0.009554140127388535
Other Great Outdoors -> College Academic Building,2,0.009541984732824428,5,0.009541984732824428
Pizza Place -> College Academic Building,2,0.009541984732824428,5,0.009541984732824428
Deli / Bodega -> Building -> College Academic Building,3,0.009541984732824428,5,0.009541984732824428
Gym / Fitness Center -> Drugstore / Pharmacy -> College Academic Building,3,0.009541984732824428,5,0.009541984732824428
Office -> Gym / Fitness Center -> College Academic Building,3,0.009541984732824428,5,0.009541984732824428
Subway -> Office -> College Academic Building,3,0.009541984732824428,5,0.009541984732824428
Building -> Office -> Coffee Shop -> College Academic Building,4,0.009541984732824428,5,0.009541984732824428
Coffee Shop -> Deli / Bodega -> Coffee Shop -> College Academic Building,4,0.009541984732824428,5,0.009541984732824428
Coffee Shop -> Deli / Bodega -> Office -> College Academic Building,4,0.009541984732824428,5,0.009541984732824428
Coffee Shop -> Office -> Coffee Shop -> College Academic Building,4,0.009541984732824428,5,0.009541984732824428
Deli / Bodega -> Office -> Coffee Shop -> College Academic Building,4,0.009541984732824428,5,0.009541984732824428
Gym / Fitness Center -> Coffee Shop -> Deli / Bodega -> College Academic Building,4,0.009541984732824428,5,0.009541984732824428
Gym / Fitness Center -> Coffee Shop -> Office -> College Academic Building,4,0.009541984732824428,5,0.009541984732824428
Gym / Fitness Center -> Deli / Bodega -> Coffee Shop -> College Academic Building,4,0.009541984732824428,5,0.009541984732824428
Gym / Fitness Center -> Deli / Bodega -> Office -> College Academic Building,4,0.009541984732824428,5,0.009541984732824428
Coffee Shop -> Building -> Office -> Coffee Shop -> College Academic Building,5,0.009541984732824428,5,0.009541984732824428
Coffee Shop -> Deli / Bodega -> Office -> Coffee Shop -> College Academic Building,5,0.009541984732824428,5,0.009541984732824428
Gym / Fitness Center -> Coffee Shop -> Deli / Bodega -> Office -> College Academic Building,5,0.009541984732824428,5,0.009541984732824428
Gym / Fitness Center -> Coffee Shop -> Office -> Deli / Bodega -> College Academic Building,5,0.009541984732824428,5,0.009541984732824428
Office -> Building -> Office -> Coffee Shop -> College Academic Building,5,0.009541984732824428,5,0.009541984732824428
Hotel -> Food & Drink Shop,2,0.009467455621301775,8,0.009467455621301775
Other Great Outdoors -> Food & Drink Shop,2,0.009467455621301775,8,0.009467455621301775
Bar -> American Restaurant -> Food & Drink Shop,3,0.009467455621301775,8,0.009467455621301775
Clothing Store -> Food & Drink Shop -> American Restaurant -> Food & Drink Shop,4,0.009467455621301775,8,0.009467455621301775
Office -> Building -> Office -> Food & Drink Shop,4,0.009467455621301775,8,0.009467455621301775
Office -> Subway -> Office -> Food & Drink Shop,4,0.009467455621301775,8,0.009467455621301775
Bar -> Subway -> Bar,3,0.009333333333333334,14,0.009333333333333334
Medical Center -> Hotel,2,0.009230769230769232,3,0.009230769230769232
Residential Building (Apartment / Condo) -> Hotel,2,0.009230769230769232,3,0.009230769230769232
American Restaurant -> Bar -> Hotel,3,0.009230769230769232,3,0.009230769230769232
Bar -> Bus Station -> Hotel,3,0.009230769230769232,3,0.009230769230769232
Bar -> Train Station -> Hotel,3,0.009230769230769232,3,0.009230769230769232
Clothing Store -> Office -> Hotel,3,0.009230769230769232,3,0.009230769230769232
Clothing Store -> Train Station -> Hotel,3,0.009230769230769232,3,0.009230769230769232
Coffee Shop -> Deli / Bodega -> Hotel,3,0.009230769230769232,3,0.009230769230769232
Coffee Shop -> Subway -> Hotel,3,0.009230769230769232,3,0.009230769230769232
Food & Drink Shop -> Train Station -> Hotel,3,0.009230769230769232,3,0.009230769230769232
Gym / Fitness Center -> Building -> Hotel,3,0.009230769230769232,3,0.009230769230769232
Gym / Fitness Center -> Deli / Bodega -> Hotel,3,0.009230769230769232,3,0.009230769230769232
Hotel -> Coffee Shop -> Hotel,3,0.009230769230769232,3,0.009230769230769232
Hotel -> Deli / Bodega -> Hotel,3,0.009230769230769232,3,0.009230769230769232
Office -> Bar -> Hotel,3,0.009230769230769232,3,0.009230769230769232
Office -> Building -> Hotel,3,0.009230769230769232,3,0.009230769230769232
Office -> Clothing Store -> Hotel,3,0.009230769230769232,3,0.009230769230769232
Office -> Deli / Bodega -> Hotel,3,0.009230769230769232,3,0.009230769230769232
Office -> Food & Drink Shop -> Hotel,3,0.009230769230769232,3,0.009230769230769232
Office -> Neighborhood -> Hotel,3,0.009230769230769232,3,0.009230769230769232
Office -> Park -> Hotel,3,0.009230769230769232,3,0.009230769230769232
Office -> Subway -> Hotel,3,0.009230769230769232,3,0.009230769230769232
Train Station -> Gym / Fitness Center -> Hotel,3,0.009230769230769232,3,0.009230769230769232
Building -> Coffee Shop -> Train Station -> Hotel,4,0.009230769230769232,3,0.009230769230769232
Building -> Office -> Coffee Shop -> Hotel,4,0.009230769230769232,3,0.009230769230769232
Bus Station -> Deli / Bodega -> Office -> Hotel,4,0.009230769230769232,3,0.009230769230769232
Bus Station -> Drugstore / Pharmacy -> Bus Station -> Hotel,4,0.009230769230769232,3,0.009230769230769232
Coffee Shop -> Building -> Office -> Hotel,4,0.009230769230769232,3,0.009230769230769232
Coffee Shop -> Clothing Store -> Office -> Hotel,4,0.009230769230769232,3,0.009230769230769232
Coffee Shop -> Deli / Bodega -> Hotel -> Bank,4,0.009230769230769232,2,0.009708737864077669
Coffee Shop -> Deli / Bodega -> Office -> Hotel,4,0.009230769230769232,3,0.009230769230769232
Coffee Shop -> Neighborhood -> Office -> Hotel,4,0.009230769230769232,3,0.009230769230769232
Coffee Shop -> Office -> Deli / Bodega -> Hotel,4,0.009230769230769232,3,0.009230769230769232
Coffee Shop -> Subway -> Hotel -> Clothing Store,4,0.009230769230769232,3,0.009554140127388535
Deli / Bodega -> Coffee Shop -> Office -> Hotel,4,0.009230769230769232,3,0.009230769230769232
Deli / Bodega -> Office -> Train Station -> Hotel,4,0.009230769230769232,3,0.009230769230769232
Food & Drink Shop -> Office -> Train Station -> Hotel,4,0.009230769230769232,3,0.009230769230769232
Gym / Fitness Center -> Coffee Shop -> Office -> Hotel,4,0.009230769230769232,3,0.009230769230769232
Gym / Fitness Center -> Subway -> Office -> Hotel,4,0.009230769230769232,3,0.009230769230769232
Gym / Fitness Center -> Train Station -> Clothing Store -> Hotel,4,0.009230769230769232,3,0.009230769230769232
Gym / Fitness Center -> Train Station -> Office -> Hotel,4,0.009230769230769232,3,0.009230769230769232
Hotel -> Coffee Shop -> Hotel -> Clothing Store,4,0.009230769230769232,3,0.009554140127388535
Office -> Neighborhood -> Office -> Hotel,4,0.009230769230769232,3,0.009230769230769232
Park -> Gym / Fitness Center -> Office -> Hotel,4,0.009230769230769232,3,0.009230769230769232
Subway -> Deli / Bodega -> Office -> Hotel,4,0.009230769230769232,3,0.009230769230769232
Train Station -> Coffee Shop -> Office -> Hotel,4,0.009230769230769232,3,0.009230769230769232
Train Station -> Coffee Shop -> Train Station -> Hotel,4,0.009230769230769232,3,0.009230769230769232
Train Station -> Gym / Fitness Center -> Train Station -> Hotel,4,0.009230769230769232,3,0.009230769230769232
Coffee Shop -> Deli / Bodega -> Coffee Shop -> Office -> Hotel,5,0.009230769230769232,3,0.009230769230769232
Coffee Shop -> Deli / Bodega -> Office -> Train Station -> Hotel,5,0.009230769230769232,3,0.009230769230769232
Coffee Shop -> Park -> Coffee Shop -> Office -> Hotel,5,0.009230769230769232,3,0.009230769230769232
Deli / Bodega -> Office -> Neighborhood -> Office -> Hotel,5,0.009230769230769232,3,0.009230769230769232
Deli / Bodega -> Office -> Subway -> Office -> Hotel,5,0.009230769230769232,3,0.009230769230769232
Gym / Fitness Center -> Coffee Shop -> Neighborhood -> Office -> Hotel,5,0.009230769230769232,3,0.009230769230769232
Gym / Fitness Center -> Office -> Coffee Shop -> Office -> Hotel,5,0.009230769230769232,3,0.009230769230769232
Office -> Coffee Shop -> Building -> Office -> Hotel,5,0.009230769230769232,3,0.009230769230769232
Office -> Coffee Shop -> Gym / Fitness Center -> Office -> Hotel,5,0.009230769230769232,3,0.009230769230769232
Office -> Coffee Shop -> Office -> Coffee Shop -> Hotel,5,0.009230769230769232,3,0.009230769230769232
Office -> Deli / Bodega -> Coffee Shop -> Office -> Hotel,5,0.009230769230769232,3,0.009230769230769232
Office -> Subway -> Coffee Shop -> Office -> Hotel,5,0.009230769230769232,3,0.009230769230769232
Park -> Office -> Gym / Fitness Center -> Office -> Hotel,5,0.009230769230769232,3,0.009230769230769232
Subway -> Office -> Gym / Fitness Center -> Office -> Hotel,5,0.009230769230769232,3,0.009230769230769232
Train Station -> Coffee Shop -> Office -> Train Station -> Hotel,5,0.009230769230769232,3,0.009230769230769232
Train Station -> Coffee Shop -> Train Station -> Office -> Hotel,5,0.009230769230769232,3,0.009230769230769232
Building -> Clothing Store -> Building,3,0.0091324200913242,4,0.0091324200913242
Building -> Coffee Shop -> Building,3,0.0091324200913242,4,0.0091324200913242
Clothing Store -> Coffee Shop -> Building,3,0.0091324200913242,4,0.0091324200913242
Clothing Store -> College Academic Building -> Building,3,0.0091324200913242,4,0.0091324200913242
Coffee Shop -> Clothing Store -> Building,3,0.0091324200913242,4,0.0091324200913242
Coffee Shop -> College Academic Building -> Building,3,0.0091324200913242,4,0.0091324200913242
Coffee Shop -> Food & Drink Shop -> Building,3,0.0091324200913242,4,0.0091324200913242
College Academic Building -> Office -> Building,3,0.0091324200913242,4,0.0091324200913242
Deli / Bodega -> Gym / Fitness Center -> Building,3,0.0091324200913242,4,0.0091324200913242
Food & Drink Shop -> Clothing Store -> Building,3,0.0091324200913242,4,0.0091324200913242
Food & Drink Shop -> Coffee Shop -> Building,3,0.0091324200913242,4,0.0091324200913242
Gym / Fitness Center -> Park -> Building,3,0.0091324200913242,4,0.0091324200913242
Office -> American Restaurant -> Building,3,0.0091324200913242,4,0.0091324200913242
Office -> College Academic Building -> Building,3,0.0091324200913242,4,0.0091324200913242
Office -> Park -> Building,3,0.0091324200913242,4,0.0091324200913242
Park -> Coffee Shop -> Building,3,0.0091324200913242,4,0.0091324200913242
Train Station -> Subway -> Building,3,0.0091324200913242,4,0.0091324200913242
Building -> Clothing Store -> Building -> Clothing Store,4,0.0091324200913242,4,0.012738853503184714
Building -> Deli / Bodega -> Office -> Building,4,0.0091324200913242,4,0.0091324200913242
Clothing Store -> Coffee Shop -> Building -> Clothing Store,4,0.0091324200913242,5,0.01592356687898089
Coffee Shop -> Building -> Office -> Building,4,0.0091324200913242,4,0.0091324200913242
Coffee Shop -> Clothing Store -> Building -> Clothing Store,4,0.0091324200913242,4,0.012738853503184714
Coffee Shop -> Deli / Bodega -> Coffee Shop -> Building,4,0.0091324200913242,4,0.0091324200913242
Coffee Shop -> Gym / Fitness Center -> Office -> Building,4,0.0091324200913242,4,0.0091324200913242
Coffee Shop -> Office -> Coffee Shop -> Building,4,0.0091324200913242,4,0.0091324200913242
Coffee Shop -> Office -> College Academic Building -> Building,4,0.0091324200913242,4,0.0091324200913242
Deli / Bodega -> Office -> Clothing Store -> Building,4,0.0091324200913242,4,0.0091324200913242
Deli / Bodega -> Office -> Coffee Shop -> Building,4,0.0091324200913242,4,0.0091324200913242
Gym / Fitness Center -> Deli / Bodega -> Coffee Shop -> Building,4,0.0091324200913242,4,0.0091324200913242
Office -> Building -> Clothing Store -> Building,4,0.0091324200913242,4,0.0091324200913242
Office -> Coffee Shop -> College Academic Building -> Building,4,0.0091324200913242,4,0.0091324200913242
Office -> Gym / Fitness Center -> Deli / Bodega -> Building,4,0.0091324200913242,4,0.0091324200913242
Office -> Subway -> Office -> Building,4,0.0091324200913242,4,0.0091324200913242
Park -> Coffee Shop -> Office -> Building,4,0.0091324200913242,4,0.0091324200913242
Park -> Office -> Clothing Store -> Building,4,0.0091324200913242,4,0.0091324200913242
Train Station -> Office -> Coffee Shop -> Building,4,0.0091324200913242,4,0.0091324200913242
Train Station -> Office -> Train Station -> Building,4,0.0091324200913242,4,0.0091324200913242
Building -> Office -> Deli / Bodega -> Office -> Building,5,0.0091324200913242,4,0.0091324200913242
Building -> Office -> Train Station -> Office -> Building,5,0.0091324200913242,4,0.0091324200913242
Bus Station -> Subway -> Office -> Clothing Store -> Building,5,0.0091324200913242,4,0.0091324200913242
Coffee Shop -> Building -> Office -> Building -> Clothing Store,5,0.0091324200913242,3,0.009554140127388535
Coffee Shop -> Office -> Clothing Store -> Office -> Building,5,0.0091324200913242,4,0.0091324200913242
Coffee Shop -> Office -> Deli / Bodega -> Office -> Building,5,0.0091324200913242,4,0.0091324200913242
Deli / Bodega -> Coffee Shop -> Clothing Store -> Office -> Building,5,0.0091324200913242,4,0.0091324200913242
Deli / Bodega -> Office -> Clothing Store -> Building -> Clothing Store,5,0.0091324200913242,4,0.012738853503184714
Deli / Bodega -> Office -> Clothing Store -> Office -> Building,5,0.0091324200913242,4,0.0091324200913242
Deli / Bodega -> Office -> Deli / Bodega -> Office -> Building,5,0.0091324200913242,4,0.0091324200913242
Gym / Fitness Center -> Coffee Shop -> Train Station -> Office -> Building,5,0.0091324200913242,4,0.0091324200913242
Hotel -> Office -> Train Station -> Office -> Building,5,0.0091324200913242,4,0.0091324200913242
Office -> Building -> Clothing Store -> Building -> Clothing Store,5,0.0091324200913242,4,0.012738853503184714
Office -> Coffee Shop -> Clothing Store -> Office -> Building,5,0.0091324200913242,4,0.0091324200913242
Office -> Subway -> Office -> Building -> Clothing Store,5,0.0091324200913242,3,0.009554140127388535
Office -> Train Station -> Office -> Coffee Shop -> Building,5,0.0091324200913242,4,0.0091324200913242
Park -> Office -> Clothing Store -> Building -> Clothing Store,5,0.0091324200913242,3,0.009554140127388535
Subway -> Office -> Clothing Store -> Office -> Building,5,0.0091324200913242,4,0.0091324200913242
Subway -> Office -> Coffee Shop -> Office -> Building,5,0.0091324200913242,4,0.0091324200913242
Train Station -> Office -> Building -> Clothing Store -> Building,5,0.0091324200913242,4,0.0091324200913242
Train Station -> Office -> Building -> Office -> Building,5,0.0091324200913242,4,0.0091324200913242
Train Station -> Office -> Coffee Shop -> Office -> Building,5,0.0091324200913242,4,0.0091324200913242
Food & Drink Shop -> Medical Center,2,0.00909090909090909,3,0.00909090909090909
Home (private) -> Coffee Shop,2,0.00909090909090909,8,0.00909090909090909
Other Great Outdoors -> Medical Center,2,0.00909090909090909,3,0.00909090909090909
Bus Station -> Drugstore / Pharmacy -> Medical Center,3,0.00909090909090909,3,0.00909090909090909
Bus Station -> Subway -> Coffee Shop,3,0.00909090909090909,8,0.00909090909090909
Coffee Shop -> Subway -> Coffee Shop,3,0.00909090909090909,8,0.00909090909090909
College Academic Building -> Coffee Shop -> Medical Center,3,0.00909090909090909,3,0.00909090909090909
Deli / Bodega -> Park -> Coffee Shop,3,0.00909090909090909,8,0.00909090909090909
Food & Drink Shop -> Park -> Coffee Shop,3,0.00909090909090909,8,0.00909090909090909
Gym / Fitness Center -> Park -> Coffee Shop,3,0.00909090909090909,8,0.00909090909090909
Office -> Building -> Medical Center,3,0.00909090909090909,3,0.00909090909090909
Office -> Food & Drink Shop -> Coffee Shop,3,0.00909090909090909,8,0.00909090909090909
Park -> Office -> Coffee Shop,3,0.00909090909090909,8,0.00909090909090909
Subway -> Park -> Coffee Shop,3,0.00909090909090909,8,0.00909090909090909
Building -> Office -> Train Station -> Coffee Shop,4,0.00909090909090909,8,0.00909090909090909
Bus Station -> Subway -> Coffee Shop -> Clothing Store,4,0.00909090909090909,3,0.009554140127388535
Bus Station -> Subway -> Coffee Shop -> Office,4,0.00909090909090909,18,0.012311901504787962
Bus Station -> Subway -> Office -> Coffee Shop,4,0.00909090909090909,8,0.00909090909090909
Coffee Shop -> Bus Station -> Drugstore / Pharmacy -> Medical Center,4,0.00909090909090909,3,0.00909090909090909
Coffee Shop -> Office -> Subway -> Coffee Shop,4,0.00909090909090909,8,0.00909090909090909
Coffee Shop -> Subway -> Coffee Shop -> Clothing Store,4,0.00909090909090909,5,0.01592356687898089
Coffee Shop -> Subway -> Coffee Shop -> Office,4,0.00909090909090909,22,0.015047879616963064
Deli / Bodega -> Office -> Train Station -> Coffee Shop,4,0.00909090909090909,8,0.00909090909090909
Deli / Bodega -> Park -> Coffee Shop -> Clothing Store,4,0.00909090909090909,3,0.009554140127388535
Deli / Bodega -> Park -> Coffee Shop -> Office,4,0.00909090909090909,19,0.012995896032831737
Drugstore / Pharmacy -> Subway -> Office -> Coffee Shop,4,0.00909090909090909,8,0.00909090909090909
Gym / Fitness Center -> Deli / Bodega -> Office -> Coffee Shop,4,0.00909090909090909,8,0.00909090909090909
Office -> Building -> Deli / Bodega -> Coffee Shop,4,0.00909090909090909,8,0.00909090909090909
Office -> Deli / Bodega -> Coffee Shop -> Medical Center,4,0.00909090909090909,3,0.00909090909090909
Office -> Gym / Fitness Center -> Train Station -> Coffee Shop,4,0.00909090909090909,8,0.00909090909090909
Subway -> Park -> Coffee Shop -> Office,4,0.00909090909090909,17,0.011627906976744186
Bus Station -> Subway -> Coffee Shop -> Office -> Clothing Store,5,0.00909090909090909,4,0.012738853503184714
Bus Station -> Subway -> Coffee Shop -> Office -> Hotel,5,0.00909090909090909,3,0.009230769230769232
Bus Station -> Subway -> Office -> Coffee Shop -> Clothing Store,5,0.00909090909090909,4,0.012738853503184714
Bus Station -> Subway -> Office -> Coffee Shop -> Office,5,0.00909090909090909,23,0.01573187414500684
Coffee Shop -> Building -> Coffee Shop -> Office -> Coffee Shop,5,0.00909090909090909,8,0.00909090909090909
Coffee Shop -> Office -> Deli / Bodega -> Coffee Shop -> Medical Center,5,0.00909090909090909,3,0.00909090909090909
Coffee Shop -> Office -> Subway -> Coffee Shop -> Clothing Store,5,0.00909090909090909,4,0.012738853503184714
Coffee Shop -> Office -> Subway -> Coffee Shop -> Office,5,0.00909090909090909,15,0.010259917920656635
Coffee Shop -> Office -> Subway -> Office -> Coffee Shop,5,0.00909090909090909,8,0.00909090909090909
Coffee Shop -> Subway -> Coffee Shop -> Office -> Clothing Store,5,0.00909090909090909,5,0.01592356687898089
Coffee Shop -> Subway -> Coffee Shop -> Office -> Hotel,5,0.00909090909090909,4,0.012307692307692308
Coffee Shop -> Train Station -> Coffee Shop -> Office -> Coffee Shop,5,0.00909090909090909,8,0.00909090909090909
Deli / Bodega -> Office -> Coffee Shop -> Office -> Coffee Shop,5,0.00909090909090909,8,0.00909090909090909
Deli / Bodega -> Office -> Subway -> Office -> Coffee Shop,5,0.00909090909090909,8,0.00909090909090909
Deli / Bodega -> Park -> Coffee Shop -> Office -> Hotel,5,0.00909090909090909,3,0.009230769230769232
Drugstore / Pharmacy -> Subway -> Office -> Coffee Shop -> Clothing Store,5,0.00909090909090909,4,0.012738853503184714
Drugstore / Pharmacy -> Subway -> Office -> Coffee Shop -> Office,5,0.00909090909090909,23,0.01573187414500684
Gym / Fitness Center -> Deli / Bodega -> Office -> Coffee Shop -> Office,5,0.00909090909090909,20,0.013679890560875513
Gym / Fitness Center -> Office -> Subway -> Office -> Coffee Shop,5,0.00909090909090909,8,0.00909090909090909
Office -> Building -> Office -> Train Station -> Coffee Shop,5,0.00909090909090909,8,0.00909090909090909
Office -> Coffee Shop -> Office -> Train Station -> Coffee Shop,5,0.00909090909090909,8,0.00909090909090909
Office -> Deli / Bodega -> Office -> Train Station -> Coffee Shop,5,0.00909090909090909,8,0.00909090909090909
Pizza Place -> Bus Station,2,0.008912655971479501,5,0.008912655971479501
Bank -> Drugstore / Pharmacy -> Bus Station,3,0.008912655971479501,5,0.008912655971479501
Coffee Shop -> Drugstore / Pharmacy -> Bus Station,3,0.008912655971479501,5,0.008912655971479501
Drugstore / Pharmacy -> Subway -> Bus Station,3,0.008912655971479501,5,0.008912655971479501
Deli / Bodega -> Office -> Subway -> Bus Station,4,0.008912655971479501,5,0.008912655971479501
Office -> Deli / Bodega -> Office -> Subway -> Bus Station,5,0.008912655971479501,5,0.008912655971479501
Clothing Store -> Deli / Bodega -> Office,3,0.008891928864569083,13,0.008891928864569083
Deli / Bodega -> Clothing Store -> Office,3,0.008891928864569083,13,0.008891928864569083
Train Station -> Deli / Bodega -> Office,3,0.008891928864569083,13,0.008891928864569083
American Restaurant -> Office -> Coffee Shop -> Office,4,0.008891928864569083,13,0.008891928864569083
Building -> Coffee Shop -> Deli / Bodega -> Office,4,0.008891928864569083,13,0.008891928864569083
Deli / Bodega -> Clothing Store -> Office -> Building,4,0.008891928864569083,4,0.0091324200913242
Deli / Bodega -> Office -> Food & Drink Shop -> Office,4,0.008891928864569083,13,0.008891928864569083
Food & Drink Shop -> Office -> Coffee Shop -> Office,4,0.008891928864569083,13,0.008891928864569083
Gym / Fitness Center -> Office -> Hotel -> Office,4,0.008891928864569083,13,0.008891928864569083
Gym / Fitness Center -> Park -> Coffee Shop -> Office,4,0.008891928864569083,13,0.008891928864569083
Gym / Fitness Center -> Train Station -> Coffee Shop -> Office,4,0.008891928864569083,13,0.008891928864569083
Hotel -> Office -> Building -> Office,4,0.008891928864569083,13,0.008891928864569083
Office -> Coffee Shop -> Neighborhood -> Office,4,0.008891928864569083,13,0.008891928864569083
Office -> Deli / Bodega -> Clothing Store -> Office,4,0.008891928864569083,13,0.008891928864569083
Office -> Gym / Fitness Center -> Deli / Bodega -> Office,4,0.008891928864569083,13,0.008891928864569083
Park -> Office -> Clothing Store -> Office,4,0.008891928864569083,13,0.008891928864569083
Park -> Office -> Neighborhood -> Office,4,0.008891928864569083,13,0.008891928864569083
Train Station -> Deli / Bodega -> Office -> Clothing Store,4,0.008891928864569083,4,0.012738853503184714
American Restaurant -> Office -> Coffee Shop -> Office -> Building,5,0.008891928864569083,4,0.0091324200913242
Building -> Office -> Coffee Shop -> Deli / Bodega -> Office,5,0.008891928864569083,13,0.008891928864569083
Building -> Office -> Coffee Shop -> Train Station -> Office,5,0.008891928864569083,13,0.008891928864569083
Coffee Shop -> Park -> Office -> Clothing Store -> Office,5,0.008891928864569083,13,0.008891928864569083
Deli / Bodega -> Park -> Office -> Clothing Store -> Office,5,0.008891928864569083,13,0.008891928864569083
Gym / Fitness Center -> Coffee Shop -> Office -> Building -> Office,5,0.008891928864569083,13,0.008891928864569083
Gym / Fitness Center -> Deli / Bodega -> Office -> Building -> Office,5,0.008891928864569083,13,0.008891928864569083
Gym / Fitness Center -> Deli / Bodega -> Office -> Deli / Bodega -> Office,5,0.008891928864569083,13,0.008891928864569083
Gym / Fitness Center -> Office -> Coffee Shop -> Deli / Bodega -> Office,5,0.008891928864569083,13,0.008891928864569083
Gym / Fitness Center -> Train Station -> Coffee Shop -> Office -> Clothing Store,5,0.008891928864569083,3,0.009554140127388535
Gym / Fitness Center -> Train Station -> Office -> Train Station -> Office,5,0.008891928864569083,13,0.008891928864569083
Hotel -> Office -> Building -> Office -> Building,5,0.008891928864569083,4,0.0091324200913242
Hotel -> Office -> Building -> Office -> Deli / Bodega,5,0.008891928864569083,6,0.012958963282937365
Office -> Deli / Bodega -> Clothing Store -> Office -> Building,5,0.008891928864569083,4,0.0091324200913242
Office -> Gym / Fitness Center -> Office -> Train Station -> Office,5,0.008891928864569083,13,0.008891928864569083
Office -> Park -> Office -> Clothing Store -> Office,5,0.008891928864569083,13,0.008891928864569083
Park -> Office -> Clothing Store -> Office -> Building,5,0.008891928864569083,4,0.0091324200913242
Park -> Office -> Neighborhood -> Office -> Hotel,5,0.008891928864569083,3,0.009230769230769232
Train Station -> Office -> Building -> Coffee Shop -> Office,5,0.008891928864569083,13,0.008891928864569083
Train Station -> Office -> Coffee Shop -> Clothing Store -> Office,5,0.008891928864569083,13,0.008891928864569083
Bus Station -> Gym / Fitness Center,2,0.008869179600886918,8,0.008869179600886918
Other Great Outdoors -> Gym / Fitness Center,2,0.008869179600886918,8,0.008869179600886918
Pizza Place -> Gym / Fitness Center,2,0.008869179600886918,8,0.008869179600886918
Building -> Office -> Gym / Fitness Center,3,0.008869179600886918,8,0.008869179600886918
Coffee Shop -> Hotel -> Gym / Fitness Center,3,0.008869179600886918,8,0.008869179600886918
Food & Drink Shop -> Clothing Store -> Gym / Fitness Center,3,0.008869179600886918,8,0.008869179600886918
Gym / Fitness Center -> Coffee Shop -> Gym / Fitness Center,3,0.008869179600886918,8,0.008869179600886918
Gym / Fitness Center -> Food & Drink Shop -> Gym / Fitness Center,3,0.008869179600886918,8,0.008869179600886918
Office -> Bar -> Gym / Fitness Center,3,0.008869179600886918,8,0.008869179600886918
Office -> Hotel -> Gym / Fitness Center,3,0.008869179600886918,8,0.008869179600886918
Office -> Neighborhood -> Gym / Fitness Center,3,0.008869179600886918,8,0.008869179600886918
Building -> Office -> Gym / Fitness Center -> Deli / Bodega,4,0.008869179600886918,5,0.01079913606911447
Coffee Shop -> Deli / Bodega -> Office -> Gym / Fitness Center,4,0.008869179600886918,8,0.008869179600886918
Gym / Fitness Center -> Deli / Bodega -> Office -> Gym / Fitness Center,4,0.008869179600886918,8,0.008869179600886918
Coffee Shop -> Deli / Bodega -> Office -> Gym / Fitness Center -> Deli / Bodega,5,0.008869179600886918,6,0.012958963282937365
Coffee Shop -> Deli / Bodega -> Office -> Gym / Fitness Center -> Office,5,0.008869179600886918,13,0.008891928864569083
Gym / Fitness Center -> Deli / Bodega -> Office -> Gym / Fitness Center -> Deli / Bodega,5,0.008869179600886918,6,0.012958963282937365
Gym / Fitness Center -> Deli / Bodega -> Office -> Gym / Fitness Center -> Office,5,0.008869179600886918,15,0.010259917920656635
Pizza Place -> Train Station,2,0.008860759493670886,7,0.008860759493670886
Food & Drink Shop -> Bar -> Train Station,3,0.008860759493670886,7,0.008860759493670886
Office -> Clothing Store -> Train Station,3,0.008860759493670886,7,0.008860759493670886
Pizza Place -> Train Station -> Clothing Store,3,0.008860759493670886,3,0.009554140127388535
Train Station -> Subway -> Train Station,3,0.008860759493670886,7,0.008860759493670886
Building -> Coffee Shop -> Office -> Train Station,4,0.008860759493670886,7,0.008860759493670886
Coffee Shop -> Train Station -> Coffee Shop -> Train Station,4,0.008860759493670886,7,0.008860759493670886
Deli / Bodega -> Train Station -> Office -> Train Station,4,0.008860759493670886,7,0.008860759493670886
Gym / Fitness Center -> Deli / Bodega -> Office -> Train Station,4,0.008860759493670886,7,0.008860759493670886
Gym / Fitness Center -> Train Station -> Hotel -> Train Station,4,0.008860759493670886,7,0.008860759493670886
Office -> American Restaurant -> Office -> Train Station,4,0.008860759493670886,7,0.008860759493670886
Office -> Bar -> Office -> Train Station,4,0.008860759493670886,7,0.008860759493670886
Office -> Coffee Shop -> Building -> Train Station,4,0.008860759493670886,7,0.008860759493670886
Office -> Park -> Gym / Fitness Center -> Train Station,4,0.008860759493670886,7,0.008860759493670886
Building -> Coffee Shop -> Office -> Train Station -> Office,5,0.008860759493670886,13,0.008891928864569083
Coffee Shop -> Office -> Food & Drink Shop -> Office -> Train Station,5,0.008860759493670886,7,0.008860759493670886
Coffee Shop -> Office -> Hotel -> Office -> Train Station,5,0.008860759493670886,7,0.008860759493670886
Deli / Bodega -> Office -> Subway -> Office -> Train Station,5,0.008860759493670886,7,0.008860759493670886
Drugstore / Pharmacy -> Office -> Train Station -> Office -> Train Station,5,0.008860759493670886,7,0.008860759493670886
Gym / Fitness Center -> Office -> Deli / Bodega -> Office -> Train Station,5,0.008860759493670886,7,0.008860759493670886
Office -> Building -> Coffee Shop -> Office -> Train Station,5,0.008860759493670886,7,0.008860759493670886
Office -> Coffee Shop -> Building -> Train Station -> Office,5,0.008860759493670886,15,0.010259917920656635
Subway -> Office -> Coffee Shop -> Office -> Train Station,5,0.008860759493670886,7,0.008860759493670886
Hotel -> Subway,2,0.008763388510223954,9,0.008763388510223954
Park -> Office -> Subway,3,0.008763388510223954,9,0.008763388510223954
Office -> Coffee Shop -> Office -> Subway,4,0.008763388510223954,9,0.008763388510223954
College Academic Building -> Other Great Outdoors,2,0.008741258741258742,5,0.008741258741258742
Bar -> Gym / Fitness Center -> Bar,3,0.008666666666666666,13,0.008666666666666666
Deli / Bodega -> Office -> Bar,3,0.008666666666666666,13,0.008666666666666666
Deli / Bodega -> Office -> Bar -> Clothing Store,4,0.008666666666666666,3,0.009554140127388535
Other Great Outdoors -> Deli / Bodega,2,0.008639308855291577,4,0.008639308855291577
American Restaurant -> College Academic Building -> Deli / Bodega,3,0.008639308855291577,4,0.008639308855291577
Building -> American Restaurant -> Deli / Bodega,3,0.008639308855291577,4,0.008639308855291577
Building -> Clothing Store -> Deli / Bodega,3,0.008639308855291577,4,0.008639308855291577
Building -> College Academic Building -> Deli / Bodega,3,0.008639308855291577,4,0.008639308855291577
Building -> Gym / Fitness Center -> Deli / Bodega,3,0.008639308855291577,4,0.008639308855291577
Bus Station -> Subway -> Deli / Bodega,3,0.008639308855291577,4,0.008639308855291577
Clothing Store -> Office -> Deli / Bodega,3,0.008639308855291577,4,0.008639308855291577
Coffee Shop -> College Academic Building -> Deli / Bodega,3,0.008639308855291577,4,0.008639308855291577
Deli / Bodega -> College Academic Building -> Deli / Bodega,3,0.008639308855291577,4,0.008639308855291577
Drugstore / Pharmacy -> Coffee Shop -> Deli / Bodega,3,0.008639308855291577,4,0.008639308855291577
Office -> Bar -> Deli / Bodega,3,0.008639308855291577,4,0.008639308855291577
Office -> Clothing Store -> Deli / Bodega,3,0.008639308855291577,4,0.008639308855291577
Office -> Hotel -> Deli / Bodega,3,0.008639308855291577,4,0.008639308855291577
Office -> Subway -> Deli / Bodega,3,0.008639308855291577,4,0.008639308855291577
Office -> Train Station -> Deli / Bodega,3,0.008639308855291577,4,0.008639308855291577
American Restaurant -> Building -> Coffee Shop -> Deli / Bodega,4,0.008639308855291577,4,0.008639308855291577
Bank -> Office -> Gym / Fitness Center -> Deli / Bodega,4,0.008639308855291577,4,0.008639308855291577
Building -> Clothing Store -> Deli / Bodega -> Clothing Store,4,0.008639308855291577,3,0.009554140127388535
Bus Station -> Subway -> Deli / Bodega -> Office,4,0.008639308855291577,16,0.01094391244870041
Coffee Shop -> Gym / Fitness Center -> Office -> Deli / Bodega,4,0.008639308855291577,4,0.008639308855291577
Coffee Shop -> Hotel -> Office -> Deli / Bodega,4,0.008639308855291577,4,0.008639308855291577
Coffee Shop -> Office -> Building -> Deli / Bodega,4,0.008639308855291577,4,0.008639308855291577
Gym / Fitness Center -> Deli / Bodega -> Building -> Deli / Bodega,4,0.008639308855291577,4,0.008639308855291577
Gym / Fitness Center -> Deli / Bodega -> Coffee Shop -> Deli / Bodega,4,0.008639308855291577,4,0.008639308855291577
Gym / Fitness Center -> Hotel -> Office -> Deli / Bodega,4,0.008639308855291577,4,0.008639308855291577
Gym / Fitness Center -> Park -> Office -> Deli / Bodega,4,0.008639308855291577,4,0.008639308855291577
Hotel -> Office -> Building -> Deli / Bodega,4,0.008639308855291577,4,0.008639308855291577
Office -> Building -> Coffee Shop -> Deli / Bodega,4,0.008639308855291577,4,0.008639308855291577
Office -> Clothing Store -> Deli / Bodega -> Clothing Store,4,0.008639308855291577,3,0.009554140127388535
Office -> Coffee Shop -> Building -> Deli / Bodega,4,0.008639308855291577,4,0.008639308855291577
Office -> Hotel -> Office -> Deli / Bodega,4,0.008639308855291577,4,0.008639308855291577
Office -> Park -> Office -> Deli / Bodega,4,0.008639308855291577,4,0.008639308855291577
Office -> Subway -> Deli / Bodega -> Office,4,0.008639308855291577,18,0.012311901504787962
Office -> Subway -> Office -> Deli / Bodega,4,0.008639308855291577,4,0.008639308855291577
Office -> Train Station -> Office -> Deli / Bodega,4,0.008639308855291577,4,0.008639308855291577
Park -> Coffee Shop -> Office -> Deli / Bodega,4,0.008639308855291577,4,0.008639308855291577
Subway -> Deli / Bodega -> Office -> Deli / Bodega,4,0.008639308855291577,4,0.008639308855291577
Train Station -> Coffee Shop -> Office -> Deli / Bodega,4,0.008639308855291577,4,0.008639308855291577
Train Station -> Office -> Coffee Shop -> Deli / Bodega,4,0.008639308855291577,4,0.008639308855291577
Building -> Office -> Building -> Office -> Deli / Bodega,5,0.008639308855291577,4,0.008639308855291577
Bus Station -> Subway -> Deli / Bodega -> Office -> Clothing Store,5,0.008639308855291577,4,0.012738853503184714
Bus Station -> Subway -> Deli / Bodega -> Office -> Train Station,5,0.008639308855291577,7,0.008860759493670886
Coffee Shop -> Office -> Deli / Bodega -> Coffee Shop -> Deli / Bodega,5,0.008639308855291577,4,0.008639308855291577
Coffee Shop -> Office -> Gym / Fitness Center -> Office -> Deli / Bodega,5,0.008639308855291577,4,0.008639308855291577
Deli / Bodega -> Office -> Gym / Fitness Center -> Office -> Deli / Bodega,5,0.008639308855291577,4,0.008639308855291577
Gym / Fitness Center -> Office -> Coffee Shop -> Office -> Deli / Bodega,5,0.008639308855291577,4,0.008639308855291577
Office -> Coffee Shop -> Gym / Fitness Center -> Office -> Deli / Bodega,5,0.008639308855291577,4,0.008639308855291577
Office -> Deli / Bodega -> Office -> Gym / Fitness Center -> Deli / Bodega,5,0.008639308855291577,4,0.008639308855291577
Office -> Gym / Fitness Center -> Office -> Coffee Shop -> Deli / Bodega,5,0.008639308855291577,4,0.008639308855291577
Office -> Subway -> Deli / Bodega -> Office -> Clothing Store,5,0.008639308855291577,3,0.009554140127388535
Office -> Subway -> Deli / Bodega -> Office -> Train Station,5,0.008639308855291577,8,0.010126582278481013
Park -> Office -> Gym / Fitness Center -> Office -> Deli / Bodega,5,0.008639308855291577,4,0.008639308855291577
Train Station -> Coffee Shop -> Office -> Deli / Bodega -> Office,5,0.008639308855291577,13,0.008891928864569083
Train Station -> Office -> Coffee Shop -> Deli / Bodega -> Clothing Store,5,0.008639308855291577,3,0.009554140127388535
Train Station -> Office -> Train Station -> Office -> Deli / Bodega,5,0.008639308855291577,4,0.008639308855291577
American Restaurant -> Road,2,0.008547008547008548,3,0.008547008547008548
Coffee Shop -> Road,2,0.008547008547008548,3,0.008547008547008548
Subway -> Road,2,0.008547008547008548,3,0.008547008547008548
Bank -> Park,2,0.008319467554076539,5,0.008319467554076539
Home (private) -> Park,2,0.008319467554076539,5,0.008319467554076539
Road -> Park,2,0.008319467554076539,5,0.008319467554076539
Bar -> Gym / Fitness Center -> Park,3,0.008319467554076539,5,0.008319467554076539
Clothing Store -> Gym / Fitness Center -> Park,3,0.008319467554076539,5,0.008319467554076539
Coffee Shop -> Bar -> Park,3,0.008319467554076539,5,0.008319467554076539
Coffee Shop -> Deli / Bodega -> Park,3,0.008319467554076539,5,0.008319467554076539
Coffee Shop -> Gym / Fitness Center -> Park,3,0.008319467554076539,5,0.008319467554076539
Drugstore / Pharmacy -> Office -> Park,3,0.008319467554076539,5,0.008319467554076539
Food & Drink Shop -> Gym / Fitness Center -> Park,3,0.008319467554076539,5,0.008319467554076539
Park -> Deli / Bodega -> Park,3,0.008319467554076539,5,0.008319467554076539
Train Station -> Coffee Shop -> Park,3,0.008319467554076539,5,0.008319467554076539
Coffee Shop -> Deli / Bodega -> Park -> Office,4,0.008319467554076539,13,0.008891928864569083
Coffee Shop -> Park -> Building -> Park,4,0.008319467554076539,5,0.008319467554076539
Coffee Shop -> Park -> Coffee Shop -> Park,4,0.008319467554076539,5,0.008319467554076539
Gym / Fitness Center -> Park -> Building -> Park,4,0.008319467554076539,5,0.008319467554076539
Office -> Bar -> Office -> Park,4,0.008319467554076539,5,0.008319467554076539
Office -> Coffee Shop -> Office -> Park,4,0.008319467554076539,5,0.008319467554076539
Office -> Deli / Bodega -> Office -> Park,4,0.008319467554076539,5,0.008319467554076539
Train Station -> Coffee Shop -> Park -> Clothing Store,4,0.008319467554076539,3,0.009554140127388535
Coffee Shop -> Deli / Bodega -> Park -> Office -> Clothing Store,5,0.008319467554076539,4,0.012738853503184714
Pizza Place -> Food & Drink Shop,2,0.008284023668639054,7,0.008284023668639054
Bar -> Clothing Store -> Food & Drink Shop,3,0.008284023668639054,7,0.008284023668639054
Bar -> Park -> Food & Drink Shop,3,0.008284023668639054,7,0.008284023668639054
Building -> Coffee Shop -> Food & Drink Shop,3,0.008284023668639054,7,0.008284023668639054
Clothing Store -> Bar -> Food & Drink Shop,3,0.008284023668639054,7,0.008284023668639054
Coffee Shop -> Park -> Food & Drink Shop,3,0.008284023668639054,7,0.008284023668639054
Drugstore / Pharmacy -> Office -> Food & Drink Shop,3,0.008284023668639054,7,0.008284023668639054
Park -> Bar -> Food & Drink Shop,3,0.008284023668639054,7,0.008284023668639054
Park -> Clothing Store -> Food & Drink Shop,3,0.008284023668639054,7,0.008284023668639054
Park -> Office -> Food & Drink Shop,3,0.008284023668639054,7,0.008284023668639054
Bar -> Clothing Store -> Food & Drink Shop -> Clothing Store,4,0.008284023668639054,3,0.009554140127388535
Bar -> Food & Drink Shop -> American Restaurant -> Food & Drink Shop,4,0.008284023668639054,7,0.008284023668639054
Drugstore / Pharmacy -> Office -> Food & Drink Shop -> Bank,4,0.008284023668639054,2,0.009708737864077669
Park -> Bar -> Food & Drink Shop -> American Restaurant,4,0.008284023668639054,4,0.009615384615384616
Park -> Clothing Store -> Food & Drink Shop -> Clothing Store,4,0.008284023668639054,4,0.012738853503184714
Park -> Bar -> Food & Drink Shop -> American Restaurant -> Food & Drink Shop,5,0.008284023668639054,7,0.008284023668639054
Park -> Clothing Store -> Food & Drink Shop -> Clothing Store -> Food & Drink Shop,5,0.008284023668639054,7,0.008284023668639054
Coffee Shop -> College Academic Building -> Office,3,0.008207934336525308,12,0.008207934336525308
Deli / Bodega -> Building -> Office,3,0.008207934336525308,12,0.008207934336525308
Deli / Bodega -> Subway -> Office,3,0.008207934336525308,12,0.008207934336525308
Food & Drink Shop -> Gym / Fitness Center -> Office,3,0.008207934336525308,12,0.008207934336525308
Food & Drink Shop -> Park -> Office,3,0.008207934336525308,12,0.008207934336525308
Food & Drink Shop -> Subway -> Office,3,0.008207934336525308,12,0.008207934336525308
Neighborhood -> Coffee Shop -> Office,3,0.008207934336525308,12,0.008207934336525308
Neighborhood -> Gym / Fitness Center -> Office,3,0.008207934336525308,12,0.008207934336525308
Bank -> Office -> Coffee Shop -> Office,4,0.008207934336525308,12,0.008207934336525308
Deli / Bodega -> Building -> Office -> Building,4,0.008207934336525308,4,0.0091324200913242
Deli / Bodega -> Coffee Shop -> Neighborhood -> Office,4,0.008207934336525308,12,0.008207934336525308
Deli / Bodega -> Subway -> Office -> Clothing Store,4,0.008207934336525308,3,0.009554140127388535
Drugstore / Pharmacy -> Coffee Shop -> Deli / Bodega -> Office,4,0.008207934336525308,12,0.008207934336525308
Drugstore / Pharmacy -> Office -> Deli / Bodega -> Office,4,0.008207934336525308,12,0.008207934336525308
Gym / Fitness Center -> Coffee Shop -> Building -> Office,4,0.008207934336525308,12,0.008207934336525308
Gym / Fitness Center -> Office -> Food & Drink Shop -> Office,4,0.008207934336525308,12,0.008207934336525308
Office -> Building -> Deli / Bodega -> Office,4,0.008207934336525308,12,0.008207934336525308
Park -> Deli / Bodega -> Neighborhood -> Office,4,0.008207934336525308,12,0.008207934336525308
Subway -> Office -> Train Station -> Office,4,0.008207934336525308,12,0.008207934336525308
Train Station -> Gym / Fitness Center -> Train Station -> Office,4,0.008207934336525308,12,0.008207934336525308
Coffee Shop -> Building -> Office -> Deli / Bodega -> Office,5,0.008207934336525308,12,0.008207934336525308
Coffee Shop -> Office -> Coffee Shop -> Hotel -> Office,5,0.008207934336525308,12,0.008207934336525308
Drugstore / Pharmacy -> Coffee Shop -> Deli / Bodega -> Office -> Clothing Store,5,0.008207934336525308,3,0.009554140127388535
Drugstore / Pharmacy -> Office -> Deli / Bodega -> Office -> Clothing Store,5,0.008207934336525308,5,0.01592356687898089
Gym / Fitness Center -> Coffee Shop -> Building -> Office -> Clothing Store,5,0.008207934336525308,3,0.009554140127388535
Office -> Coffee Shop -> Office -> Clothing Store -> Office,5,0.008207934336525308,12,0.008207934336525308
Office -> Deli / Bodega -> Coffee Shop -> Neighborhood -> Office,5,0.008207934336525308,12,0.008207934336525308
Office -> Deli / Bodega -> Office -> Food & Drink Shop -> Office,5,0.008207934336525308,12,0.008207934336525308
Office -> Gym / Fitness Center -> Office -> Building -> Office,5,0.008207934336525308,12,0.008207934336525308
Park -> Deli / Bodega -> Neighborhood -> Office -> Hotel,5,0.008207934336525308,3,0.009230769230769232
Train Station -> Office -> Building -> Clothing Store -> Office,5,0.008207934336525308,12,0.008207934336525308
Office -> Building -> Bar,3,0.008,12,0.008
Residential Building (Apartment / Condo) -> Coffee Shop,2,0.007954545454545454,7,0.007954545454545454
Bar -> Office -> Coffee Shop,3,0.007954545454545454,7,0.007954545454545454
Clothing Store -> Office -> Coffee Shop,3,0.007954545454545454,7,0.007954545454545454
Coffee Shop -> Bar -> Coffee Shop,3,0.007954545454545454,7,0.007954545454545454
Coffee Shop -> Hotel -> Coffee Shop,3,0.007954545454545454,7,0.007954545454545454
College Academic Building -> Deli / Bodega -> Coffee Shop,3,0.007954545454545454,7,0.007954545454545454
College Academic Building -> Office -> Coffee Shop,3,0.007954545454545454,7,0.007954545454545454
Gym / Fitness Center -> College Academic Building -> Coffee Shop,3,0.007954545454545454,7,0.007954545454545454
American Restaurant -> Office -> Building -> Coffee Shop,4,0.007954545454545454,7,0.007954545454545454
Building -> Coffee Shop -> Train Station -> Coffee Shop,4,0.007954545454545454,7,0.007954545454545454
Bus Station -> Deli / Bodega -> Office -> Coffee Shop,4,0.007954545454545454,7,0.007954545454545454
Coffee Shop -> Building -> Train Station -> Coffee Shop,4,0.007954545454545454,7,0.007954545454545454
Coffee Shop -> Gym / Fitness Center -> Office -> Coffee Shop,4,0.007954545454545454,7,0.007954545454545454
Coffee Shop -> Hotel -> Office -> Coffee Shop,4,0.007954545454545454,7,0.007954545454545454
Deli / Bodega -> Office -> Subway -> Coffee Shop,4,0.007954545454545454,7,0.007954545454545454
Drugstore / Pharmacy -> Office -> Train Station -> Coffee Shop,4,0.007954545454545454,7,0.007954545454545454
Gym / Fitness Center -> Office -> Train Station -> Coffee Shop,4,0.007954545454545454,7,0.007954545454545454
Office -> American Restaurant -> Office -> Coffee Shop,4,0.007954545454545454,7,0.007954545454545454
Office -> Coffee Shop -> Deli / Bodega -> Coffee Shop,4,0.007954545454545454,7,0.007954545454545454
Office -> Deli / Bodega -> Park -> Coffee Shop,4,0.007954545454545454,7,0.007954545454545454
Office -> Drugstore / Pharmacy -> Office -> Coffee Shop,4,0.007954545454545454,7,0.007954545454545454
Office -> Food & Drink Shop -> Office -> Coffee Shop,4,0.007954545454545454,7,0.007954545454545454
Subway -> Deli / Bodega -> Office -> Coffee Shop,4,0.007954545454545454,7,0.007954545454545454
Building -> Office -> Deli / Bodega -> Office -> Coffee Shop,5,0.007954545454545454,7,0.007954545454545454
Bus Station -> Deli / Bodega -> Office -> Coffee Shop -> Clothing Store,5,0.007954545454545454,4,0.012738853503184714
Bus Station -> Deli / Bodega -> Office -> Coffee Shop -> Office,5,0.007954545454545454,25,0.01709986320109439
Coffee Shop -> Building -> Office -> Train Station -> Coffee Shop,5,0.007954545454545454,7,0.007954545454545454
Coffee Shop -> Train Station -> Office -> Train Station -> Coffee Shop,5,0.007954545454545454,7,0.007954545454545454
Deli / Bodega -> Office -> Building -> Office -> Coffee Shop,5,0.007954545454545454,7,0.007954545454545454
Deli / Bodega -> Office -> Subway -> Coffee Shop -> Clothing Store,5,0.007954545454545454,3,0.009554140127388535
Deli / Bodega -> Office -> Subway -> Coffee Shop -> Office,5,0.007954545454545454,16,0.01094391244870041
Hotel -> Office -> Building -> Office -> Coffee Shop,5,0.007954545454545454,7,0.007954545454545454
Office -> Deli / Bodega -> Park -> Coffee Shop -> Office,5,0.007954545454545454,19,0.012995896032831737
Office -> Drugstore / Pharmacy -> Office -> Coffee Shop -> Clothing Store,5,0.007954545454545454,3,0.009554140127388535
Office -> Drugstore / Pharmacy -> Office -> Coffee Shop -> Office,5,0.007954545454545454,12,0.008207934336525308
Subway -> Deli / Bodega -> Office -> Coffee Shop -> Clothing Store,5,0.007954545454545454,4,0.012738853503184714
Subway -> Deli / Bodega -> Office -> Coffee Shop -> Office,5,0.007954545454545454,25,0.01709986320109439
Train Station -> Coffee Shop -> Office -> Train Station -> Coffee Shop,5,0.007954545454545454,7,0.007954545454545454
Train Station -> Office -> Coffee Shop -> Train Station -> Coffee Shop,5,0.007954545454545454,7,0.007954545454545454
Train Station -> Office -> Food & Drink Shop -> Office -> Coffee Shop,5,0.007954545454545454,7,0.007954545454545454
Bus Station -> Pizza Place,2,0.007905138339920948,2,0.007905138339920948
American Restaurant -> Bar -> Pizza Place,3,0.007905138339920948,2,0.007905138339920948
American Restaurant -> Coffee Shop -> Pizza Place,3,0.007905138339920948,2,0.007905138339920948
Bar -> Neighborhood -> Pizza Place,3,0.007905138339920948,2,0.007905138339920948
Building -> Coffee Shop -> Pizza Place,3,0.007905138339920948,2,0.007905138339920948
Building -> Deli / Bodega -> Pizza Place,3,0.007905138339920948,2,0.007905138339920948
Building -> Office -> Pizza Place,3,0.007905138339920948,2,0.007905138339920948
Bus Station -> Bar -> Pizza Place,3,0.007905138339920948,2,0.007905138339920948
Clothing Store -> Bar -> Pizza Place,3,0.007905138339920948,2,0.007905138339920948
Clothing Store -> Subway -> Pizza Place,3,0.007905138339920948,2,0.007905138339920948
Coffee Shop -> Bar -> Pizza Place,3,0.007905138339920948,2,0.007905138339920948
Coffee Shop -> Building -> Pizza Place,3,0.007905138339920948,2,0.007905138339920948
Coffee Shop -> Clothing Store -> Pizza Place,3,0.007905138339920948,2,0.007905138339920948
Coffee Shop -> College Academic Building -> Pizza Place,3,0.007905138339920948,2,0.007905138339920948
Coffee Shop -> Deli / Bodega -> Pizza Place,3,0.007905138339920948,2,0.007905138339920948
Coffee Shop -> Hotel -> Pizza Place,3,0.007905138339920948,2,0.007905138339920948
Coffee Shop -> Medical Center -> Pizza Place,3,0.007905138339920948,2,0.007905138339920948
Deli / Bodega -> Office -> Pizza Place,3,0.007905138339920948,2,0.007905138339920948
Drugstore / Pharmacy -> Medical Center -> Pizza Place,3,0.007905138339920948,2,0.007905138339920948
Food & Drink Shop -> Gym / Fitness Center -> Pizza Place,3,0.007905138339920948,2,0.007905138339920948
Food & Drink Shop -> Office -> Pizza Place,3,0.007905138339920948,2,0.007905138339920948
Gym / Fitness Center -> Bar -> Pizza Place,3,0.007905138339920948,2,0.007905138339920948
Gym / Fitness Center -> Coffee Shop -> Pizza Place,3,0.007905138339920948,2,0.007905138339920948
Gym / Fitness Center -> Drugstore / Pharmacy -> Pizza Place,3,0.007905138339920948,2,0.007905138339920948
Gym / Fitness Center -> Medical Center -> Pizza Place,3,0.007905138339920948,2,0.007905138339920948
Gym / Fitness Center -> Office -> Pizza Place,3,0.007905138339920948,2,0.007905138339920948
Home (private) -> Bar -> Pizza Place,3,0.007905138339920948,2,0.007905138339920948
Medical Center -> Coffee Shop -> Pizza Place,3,0.007905138339920948,2,0.007905138339920948
Office -> American Restaurant -> Pizza Place,3,0.007905138339920948,2,0.007905138339920948
Office -> Building -> Pizza Place,3,0.007905138339920948,2,0.007905138339920948
Office -> Clothing Store -> Pizza Place,3,0.007905138339920948,2,0.007905138339920948
Office -> Coffee Shop -> Pizza Place,3,0.007905138339920948,2,0.007905138339920948
Office -> Deli / Bodega -> Pizza Place,3,0.007905138339920948,2,0.007905138339920948
Park -> Subway -> Pizza Place,3,0.007905138339920948,2,0.007905138339920948
Subway -> Bar -> Pizza Place,3,0.007905138339920948,2,0.007905138339920948
Subway -> Office -> Pizza Place,3,0.007905138339920948,2,0.007905138339920948
Bar -> Gym / Fitness Center -> Office -> Pizza Place,4,0.007905138339920948,2,0.007905138339920948
Bar -> Hotel -> Bar -> Pizza Place,4,0.007905138339920948,2,0.007905138339920948
Bar -> Subway -> Bar -> Pizza Place,4,0.007905138339920948,2,0.007905138339920948
Building -> Office -> Clothing Store -> Pizza Place,4,0.007905138339920948,2,0.007905138339920948
Coffee Shop -> Drugstore / Pharmacy -> Medical Center -> Pizza Place,4,0.007905138339920948,2,0.007905138339920948
Coffee Shop -> Office -> Building -> Pizza Place,4,0.007905138339920948,2,0.007905138339920948
Gym / Fitness Center -> Drugstore / Pharmacy -> Medical Center -> Pizza Place,4,0.007905138339920948,2,0.007905138339920948
Hotel -> Office -> Building -> Pizza Place,4,0.007905138339920948,2,0.007905138339920948
Medical Center -> Coffee Shop -> Drugstore / Pharmacy -> Pizza Place,4,0.007905138339920948,2,0.007905138339920948
Medical Center -> Coffee Shop -> Medical Center -> Pizza Place,4,0.007905138339920948,2,0.007905138339920948
Medical Center -> Drugstore / Pharmacy -> Medical Center -> Pizza Place,4,0.007905138339920948,2,0.007905138339920948
Office -> Bar -> Train Station -> Pizza Place,4,0.007905138339920948,2,0.007905138339920948
Office -> Building -> Clothing Store -> Pizza Place,4,0.007905138339920948,2,0.007905138339920948
Office -> Building -> Deli / Bodega -> Pizza Place,4,0.007905138339920948,2,0.007905138339920948
Office -> Coffee Shop -> Office -> Pizza Place,4,0.007905138339920948,2,0.007905138339920948
Office -> Food & Drink Shop -> Gym / Fitness Center -> Pizza Place,4,0.007905138339920948,2,0.007905138339920948
Office -> Food & Drink Shop -> Office -> Pizza Place,4,0.007905138339920948,2,0.007905138339920948
Office -> Gym / Fitness Center -> Train Station -> Pizza Place,4,0.007905138339920948,2,0.007905138339920948
Park -> Gym / Fitness Center -> Train Station -> Pizza Place,4,0.007905138339920948,2,0.007905138339920948
Subway -> Building -> Clothing Store -> Pizza Place,4,0.007905138339920948,2,0.007905138339920948
Subway -> Building -> Deli / Bodega -> Pizza Place,4,0.007905138339920948,2,0.007905138339920948
Subway -> Coffee Shop -> Office -> Pizza Place,4,0.007905138339920948,2,0.007905138339920948
Subway -> Deli / Bodega -> Office -> Pizza Place,4,0.007905138339920948,2,0.007905138339920948
Subway -> Office -> Clothing Store -> Pizza Place,4,0.007905138339920948,2,0.007905138339920948
Coffee Shop -> Office -> Coffee Shop -> Office -> Pizza Place,5,0.007905138339920948,2,0.007905138339920948
Coffee Shop -> Subway -> Coffee Shop -> Office -> Pizza Place,5,0.007905138339920948,2,0.007905138339920948
Deli / Bodega -> Office -> Coffee Shop -> Office -> Pizza Place,5,0.007905138339920948,2,0.007905138339920948
Drugstore / Pharmacy -> Office -> Coffee Shop -> Office -> Pizza Place,5,0.007905138339920948,2,0.007905138339920948
Medical Center -> Coffee Shop -> Drugstore / Pharmacy -> Medical Center -> Pizza Place,5,0.007905138339920948,2,0.007905138339920948
Office -> Building -> Office -> Clothing Store -> Pizza Place,5,0.007905138339920948,2,0.007905138339920948
Office -> Subway -> Building -> Clothing Store -> Pizza Place,5,0.007905138339920948,2,0.007905138339920948
Office -> Subway -> Coffee Shop -> Office -> Pizza Place,5,0.007905138339920948,2,0.007905138339920948
Subway -> Office -> Coffee Shop -> Office -> Pizza Place,5,0.007905138339920948,2,0.007905138339920948
Train Station -> Office -> Building -> Clothing Store -> Pizza Place,5,0.007905138339920948,2,0.007905138339920948
