sequence,length,participation_index,tail_event_count,last_participation_ratio
Office -> Hotel,2,0.36504161712247324,307,0.36504161712247324
Coffee Shop -> Office,2,0.3638541389406441,1367,0.3638541389406441
Office -> Clothing Store,2,0.363013698630137,318,0.363013698630137
Coffee Shop -> Clothing Store,2,0.3310502283105023,290,0.3310502283105023
Office -> Building,2,0.3081180811808118,334,0.3081180811808118
Office -> Coffee Shop,2,0.3002257336343115,665,0.3002257336343115
Bar -> Hotel,2,0.29964328180737215,252,0.29964328180737215
Gym / Fitness Center -> Clothing Store,2,0.273972602739726,240,0.273972602739726
Gym / Fitness Center -> Office,2,0.2675006654245409,1005,0.2675006654245409
Bar -> American Restaurant,2,0.2535885167464115,265,0.2535885167464115
Office -> Coffee Shop -> Office,3,0.25179664626031406,946,0.25179664626031406
Coffee Shop -> Hotel,2,0.2437574316290131,205,0.2437574316290131
Subway -> Office,2,0.22890604205483098,860,0.22890604205483098
Office -> Deli / Bodega,2,0.2241238793806031,275,0.2241238793806031
Coffee Shop -> Office -> Clothing Store,3,0.21689497716894976,190,0.21689497716894976
Office -> Train Station,2,0.21602288984263232,453,0.21602288984263232
Bar -> Pizza Place,2,0.2138728323699422,148,0.2138728323699422
Gym / Fitness Center -> Hotel,2,0.20214030915576695,170,0.20214030915576695
Gym / Fitness Center -> Office -> Clothing Store,3,0.2009132420091324,176,0.2009132420091324
Office -> Park,2,0.1988071570576541,300,0.1988071570576541
Coffee Shop -> Building,2,0.19833948339483395,215,0.19833948339483395
Coffee Shop -> Deli / Bodega,2,0.1947840260798696,239,0.1947840260798696
Bar -> Clothing Store,2,0.19292237442922375,169,0.19292237442922375
Office -> Gym / Fitness Center,2,0.18957734919983588,462,0.18957734919983588
Deli / Bodega -> Office,2,0.18951290923609262,712,0.18951290923609262
Building -> Office,2,0.1881820601543785,707,0.1881820601543785
Coffee Shop -> Office -> Hotel,3,0.18430439952437574,155,0.18430439952437574
Gym / Fitness Center -> Coffee Shop,2,0.18419864559819413,408,0.18419864559819413
Office -> Bank,2,0.1796116504854369,111,0.1796116504854369
Coffee Shop -> American Restaurant,2,0.17799043062200956,186,0.17799043062200956
Coffee Shop -> Office -> Coffee Shop,3,0.17697516930022572,392,0.17697516930022572
Food & Drink Shop -> Clothing Store,2,0.17579908675799086,154,0.17579908675799086
Coffee Shop -> Office -> Building,3,0.1752767527675277,190,0.1752767527675277
Coffee Shop -> Gym / Fitness Center,2,0.17398440705785803,424,0.17398440705785803
Subway -> Clothing Store,2,0.1723744292237443,151,0.1723744292237443
Office -> American Restaurant,2,0.1722488038277512,180,0.1722488038277512
Office -> Coffee Shop -> Clothing Store,3,0.17009132420091325,149,0.17009132420091325
Gym / Fitness Center -> Park,2,0.16699801192842942,252,0.16699801192842942
Office -> College Academic Building,2,0.16507703595011006,225,0.16507703595011006
Office -> Coffee Shop -> Office -> Clothing Store,4,0.1643835616438356,144,0.1643835616438356
Office -> Drugstore / Pharmacy,2,0.16324062877871826,135,0.16324062877871826
Coffee Shop -> Park,2,0.16037110669317428,242,0.16037110669317428
Gym / Fitness Center -> American Restaurant,2,0.1569377990430622,164,0.1569377990430622
Coffee Shop -> College Academic Building,2,0.15627292736610418,213,0.15627292736610418
American Restaurant -> Bar,2,0.15535097813578827,675,0.15535097813578827
Coffee Shop -> Office -> Coffee Shop -> Office,4,0.15491083311152515,582,0.15491083311152515
Office -> Food & Drink Shop,2,0.1533713200379867,323,0.1533713200379867
Subway -> Office -> Clothing Store,3,0.1506849315068493,132,0.1506849315068493
Coffee Shop -> Office -> Deli / Bodega,3,0.14995925020374898,184,0.14995925020374898
Subway -> Hotel,2,0.14863258026159334,125,0.14863258026159334
Office -> Building -> Office,3,0.1485227575192973,558,0.1485227575192973
Office -> Gym / Fitness Center -> Office,3,0.147458078253926,554,0.147458078253926
Gym / Fitness Center -> Bar,2,0.14407364787111623,626,0.14407364787111623
Coffee Shop -> Train Station,2,0.1430615164520744,300,0.1430615164520744
Gym / Fitness Center -> Building,2,0.1429889298892989,155,0.1429889298892989
Office -> Deli / Bodega -> Office,3,0.1424008517434123,535,0.1424008517434123
Office -> Coffee Shop -> Hotel,3,0.14149821640903687,119,0.14149821640903687
Coffee Shop -> Drugstore / Pharmacy,2,0.1414752116082225,117,0.1414752116082225
Office -> Pizza Place,2,0.13872832369942195,96,0.13872832369942195
Building -> Clothing Store,2,0.13812785388127855,121,0.13812785388127855
American Restaurant -> Hotel,2,0.13793103448275862,116,0.13793103448275862
Gym / Fitness Center -> Office -> Hotel,3,0.13793103448275862,116,0.13793103448275862
Office -> Gym / Fitness Center -> Clothing Store,3,0.136986301369863,120,0.136986301369863
Office -> Subway,2,0.13657561625582945,410,0.13657561625582945
Office -> Subway -> Office,3,0.13657561625582945,527,0.14027149321266968
Hotel -> Office,2,0.13601277615118446,511,0.13601277615118446
Hotel -> Office -> Clothing Store,3,0.13601277615118446,121,0.13812785388127855
Coffee Shop -> Office -> Train Station,3,0.13590844062947066,285,0.13590844062947066
Gym / Fitness Center -> Coffee Shop -> Clothing Store,3,0.1358447488584475,119,0.1358447488584475
Office -> Coffee Shop -> Office -> Building,4,0.13560885608856088,147,0.13560885608856088
Subway -> Office -> Hotel,3,0.13555291319857313,114,0.13555291319857313
Bar -> Train Station,2,0.134000953743443,281,0.134000953743443
Gym / Fitness Center -> Office -> Building,3,0.13376383763837638,145,0.13376383763837638
Building -> Office -> Clothing Store,3,0.13356164383561644,117,0.13356164383561644
Office -> Coffee Shop -> Building,3,0.13284132841328414,144,0.13284132841328414
Train Station -> Office,2,0.13281873835507055,499,0.13281873835507055
Gym / Fitness Center -> Coffee Shop -> Office,3,0.13281873835507055,499,0.13281873835507055
Train Station -> Office -> Train Station,3,0.13281873835507055,330,0.15736766809728184
Office -> Gym / Fitness Center -> Office -> Clothing Store,4,0.1324200913242009,116,0.1324200913242009
Park -> Office,2,0.13202022890604206,496,0.13202022890604206
Office -> Coffee Shop -> Office -> Hotel,4,0.13198573127229488,111,0.13198573127229488
Coffee Shop -> Bar,2,0.13095512082853855,569,0.13095512082853855
Gym / Fitness Center -> Bank,2,0.12944983818770225,80,0.12944983818770225
Gym / Fitness Center -> Office -> Coffee Shop,3,0.12866817155756208,285,0.12866817155756208
Coffee Shop -> Pizza Place,2,0.12861271676300579,89,0.12861271676300579
Office -> Bar,2,0.1281933256616801,557,0.1281933256616801
Office -> Bar -> Hotel,3,0.1281933256616801,114,0.13555291319857313
Gym / Fitness Center -> Deli / Bodega,2,0.12795436022819887,157,0.12795436022819887
American Restaurant -> Clothing Store,2,0.1278538812785388,112,0.1278538812785388
Building -> Office -> Hotel,3,0.1272294887039239,107,0.1272294887039239
Gym / Fitness Center -> Train Station,2,0.1268478779208393,266,0.1268478779208393
Train Station -> Hotel,2,0.1248513674197384,105,0.1248513674197384
Coffee Shop -> Bank,2,0.12459546925566344,77,0.12459546925566344
Office -> Coffee Shop -> Office -> Coffee Shop,4,0.12415349887133183,275,0.12415349887133183
Coffee Shop -> Food & Drink Shop,2,0.12393162393162394,261,0.12393162393162394
Gym / Fitness Center -> Office -> Deli / Bodega,3,0.12387938060309699,152,0.12387938060309699
Park -> Clothing Store,2,0.1232876712328767,108,0.1232876712328767
Office -> Subway -> Office -> Clothing Store,4,0.1232876712328767,108,0.1232876712328767
Building -> Coffee Shop,2,0.12325056433408578,273,0.12325056433408578
Deli / Bodega -> Office -> Deli / Bodega,3,0.12306438467807661,151,0.12306438467807661
Gym / Fitness Center -> Office -> Coffee Shop -> Office,4,0.12297045515038595,462,0.12297045515038595
Coffee Shop -> Gym / Fitness Center -> Clothing Store,3,0.12214611872146118,107,0.12214611872146118
Hotel -> Office -> Hotel,3,0.12128418549346016,102,0.12128418549346016
Bar -> Office,2,0.12084109661964333,454,0.12084109661964333
Office -> Coffee Shop -> Deli / Bodega,3,0.1198044009779951,147,0.1198044009779951
Subway -> Coffee Shop,2,0.11963882618510158,265,0.11963882618510158
Hotel -> Clothing Store,2,0.1187214611872146,104,0.1187214611872146
Coffee Shop -> Office -> Coffee Shop -> Office -> Clothing Store,5,0.1187214611872146,104,0.1187214611872146
Food & Drink Shop -> Park,2,0.11862160371106693,179,0.11862160371106693
Bar -> Coffee Shop,2,0.11738148984198646,260,0.11738148984198646
Building -> Hotel,2,0.11652794292508918,98,0.11652794292508918
Subway -> Bank,2,0.11650485436893204,72,0.11650485436893204
Gym / Fitness Center -> Food & Drink Shop,2,0.11633428300094967,245,0.11633428300094967
Coffee Shop -> Office -> Coffee Shop -> Clothing Store,4,0.11529680365296803,101,0.11529680365296803
Building -> Office -> Coffee Shop,3,0.11512415349887133,255,0.11512415349887133
Office -> Coffee Shop -> Office -> Deli / Bodega,4,0.11491442542787286,141,0.11491442542787286
Food & Drink Shop -> American Restaurant,2,0.11483253588516747,120,0.11483253588516747
Coffee Shop -> Office -> Park,3,0.11464546056991386,173,0.11464546056991386
Gym / Fitness Center -> College Academic Building,2,0.1144534115920763,156,0.1144534115920763
Gym / Fitness Center -> Pizza Place,2,0.11416184971098266,79,0.11416184971098266
Building -> Office -> Building,3,0.11346863468634687,123,0.11346863468634687
Building -> Deli / Bodega,2,0.1132844335778321,139,0.1132844335778321
Bar -> Gym / Fitness Center,2,0.11325400082068117,276,0.11325400082068117
Food & Drink Shop -> Office,2,0.11312217194570136,425,0.11312217194570136
Building -> Office -> Coffee Shop -> Office,4,0.11232366249667287,422,0.11232366249667287
Deli / Bodega -> Office -> Clothing Store,3,0.11187214611872145,98,0.11187214611872145
Gym / Fitness Center -> Coffee Shop -> Office -> Clothing Store,4,0.11187214611872145,98,0.11187214611872145
Coffee Shop -> Office -> Gym / Fitness Center,3,0.11161263848994665,272,0.11161263848994665
Office -> Coffee Shop -> Office -> Train Station,4,0.11158798283261803,234,0.11158798283261803
Bar -> Park,2,0.11133200795228629,168,0.11133200795228629
Office -> Subway -> Clothing Store,3,0.1095890410958904,96,0.1095890410958904
Subway -> Coffee Shop -> Office,3,0.10912962470055895,410,0.10912962470055895
Bar -> Drugstore / Pharmacy,2,0.10882708585247884,90,0.10882708585247884
Office -> Building -> Office -> Clothing Store,4,0.10844748858447488,95,0.10844748858447488
Park -> American Restaurant,2,0.10813397129186603,113,0.10813397129186603
Neighborhood -> Office,2,0.10806494543518765,406,0.10806494543518765
Office -> Coffee Shop -> Office -> Coffee Shop -> Office,5,0.10806494543518765,406,0.10806494543518765
Park -> Coffee Shop,2,0.10790067720090293,239,0.10790067720090293
Food & Drink Shop -> Drugstore / Pharmacy,2,0.10761789600967352,89,0.10761789600967352
Gym / Fitness Center -> Office -> Coffee Shop -> Clothing Store,4,0.10730593607305935,94,0.10730593607305935
Office -> Building -> Office -> Hotel,4,0.1070154577883472,90,0.1070154577883472
Deli / Bodega -> Coffee Shop,2,0.10699774266365689,237,0.10699774266365689
Subway -> Deli / Bodega,2,0.10676446617766912,131,0.10676446617766912
Building -> Coffee Shop -> Office,3,0.10620175672078787,399,0.10620175672078787
Deli / Bodega -> Coffee Shop -> Office,3,0.10620175672078787,399,0.10620175672078787
Food & Drink Shop -> Coffee Shop,2,0.10609480812641084,235,0.10609480812641084
Deli / Bodega -> Building,2,0.10608856088560886,115,0.10608856088560886
Office -> Neighborhood,2,0.10584752035529238,143,0.10584752035529238
Clothing Store -> Hotel,2,0.10582639714625446,89,0.10582639714625446
Coffee Shop -> Office -> American Restaurant,3,0.10526315789473684,110,0.10526315789473684
Coffee Shop -> Deli / Bodega -> Office,3,0.10513707745541656,395,0.10513707745541656
American Restaurant -> Bar -> Hotel,3,0.10463733650416171,88,0.10463733650416171
Deli / Bodega -> Office -> Coffee Shop,3,0.10428893905191873,231,0.10428893905191873
Deli / Bodega -> Office -> Coffee Shop -> Office,4,0.10428893905191873,423,0.1125898323130157
Subway -> Building,2,0.10424354243542436,113,0.10424354243542436
Bus Station -> Hotel,2,0.10344827586206896,87,0.10344827586206896
Subway -> Park,2,0.10337972166998012,156,0.10337972166998012
Gym / Fitness Center -> Drugstore / Pharmacy,2,0.10278113663845223,85,0.10278113663845223
Coffee Shop -> Gym / Fitness Center -> Office,3,0.10274154910833111,386,0.10274154910833111
Coffee Shop -> Building -> Office,3,0.10220920947564546,384,0.10220920947564546
Food & Drink Shop -> Bar,2,0.10218642117376295,444,0.10218642117376295
Gym / Fitness Center -> Office -> Park,3,0.10205434062292909,154,0.10205434062292909
Building -> Bank,2,0.10194174757281553,63,0.10194174757281553
Deli / Bodega -> Bank,2,0.10194174757281553,63,0.10194174757281553
Deli / Bodega -> Clothing Store,2,0.10159817351598173,89,0.10159817351598173
Train Station -> Office -> Clothing Store,3,0.10159817351598173,89,0.10159817351598173
Deli / Bodega -> Office -> Building,3,0.1014760147601476,110,0.1014760147601476
Subway -> Bus Station,2,0.10094850948509485,149,0.10094850948509485
Office -> Hotel -> Office,3,0.10087836039393133,379,0.10087836039393133
Office -> Deli / Bodega -> Office -> Clothing Store,4,0.1004566210045662,88,0.1004566210045662
Hotel -> Bar,2,0.0998849252013809,434,0.0998849252013809
Hotel -> Bar -> Hotel,3,0.0998849252013809,95,0.11296076099881094
Office -> Coffee Shop -> Train Station,3,0.09966618979494515,209,0.09966618979494515
Train Station -> Office -> Building,3,0.0996309963099631,108,0.0996309963099631
Building -> Office -> Deli / Bodega,3,0.09942950285248574,122,0.09942950285248574
Office -> Deli / Bodega -> Office -> Deli / Bodega,4,0.09942950285248574,122,0.09942950285248574
Office -> Building -> Office -> Coffee Shop,4,0.09932279909706546,220,0.09932279909706546
Park -> Gym / Fitness Center,2,0.09930242100943783,242,0.09930242100943783
Coffee Shop -> Office -> Building -> Office,4,0.09928134149587436,373,0.09928134149587436
Subway -> Bar,2,0.09896432681242807,430,0.09896432681242807
Deli / Bodega -> Office -> Coffee Shop -> Office -> Clothing Store,5,0.09817351598173515,86,0.09817351598173515
Bar -> Bus Station,2,0.0975609756097561,144,0.0975609756097561
Coffee Shop -> Bar -> Hotel,3,0.09750297265160524,82,0.09750297265160524
Food & Drink Shop -> Gym / Fitness Center,2,0.09725071809601969,237,0.09725071809601969
Coffee Shop -> Gym / Fitness Center -> Office -> Clothing Store,4,0.09703196347031963,85,0.09703196347031963
Office -> Train Station -> Office,3,0.09688581314878893,364,0.09688581314878893
Office -> Train Station -> Office -> Train Station,4,0.09688581314878893,246,0.11731044349070101
Subway -> Drugstore / Pharmacy,2,0.09673518742442563,80,0.09673518742442563
Clothing Store -> American Restaurant,2,0.09665071770334928,101,0.09665071770334928
Bar -> Office -> Hotel,3,0.09631391200951249,81,0.09631391200951249
Deli / Bodega -> Office -> Hotel,3,0.09631391200951249,81,0.09631391200951249
Office -> Subway -> Hotel,3,0.09631391200951249,81,0.09631391200951249
Office -> Gym / Fitness Center -> Office -> Hotel,4,0.09631391200951249,81,0.09631391200951249
Park -> Office -> Clothing Store,3,0.0958904109589041,84,0.0958904109589041
Office -> Hotel -> Office -> Clothing Store,4,0.0958904109589041,84,0.0958904109589041
Gym / Fitness Center -> Office -> Gym / Fitness Center,3,0.09560935576528519,233,0.09560935576528519
Coffee Shop -> Office -> Bank,3,0.09546925566343042,59,0.09546925566343042
Gym / Fitness Center -> Office -> Coffee Shop -> Office -> Clothing Store,5,0.09474885844748858,83,0.09474885844748858
Subway -> American Restaurant,2,0.09473684210526316,99,0.09473684210526316
Office -> Gym / Fitness Center -> Hotel,3,0.093935790725327,79,0.093935790725327
Subway -> Pizza Place,2,0.09393063583815028,65,0.09393063583815028
Office -> Building -> Clothing Store,3,0.09360730593607305,82,0.09360730593607305
Office -> Food & Drink Shop -> Clothing Store,3,0.09360730593607305,82,0.09360730593607305
Office -> Park -> Clothing Store,3,0.09360730593607305,82,0.09360730593607305
Bar -> American Restaurant -> Bar,3,0.09344073647871116,406,0.09344073647871116
Coffee Shop -> Neighborhood,2,0.09326424870466321,126,0.09326424870466321
Bar -> Food & Drink Shop,2,0.09306742640075974,196,0.09306742640075974
Subway -> Office -> Coffee Shop,3,0.09300225733634311,206,0.09300225733634311
Subway -> Office -> Coffee Shop -> Office,4,0.09300225733634311,382,0.1016768698429598
Subway -> Train Station,2,0.09298998569384835,195,0.09298998569384835
Bar -> Deli / Bodega,2,0.09290953545232274,114,0.09290953545232274
Subway -> Office -> Deli / Bodega,3,0.09290953545232274,114,0.09290953545232274
Coffee Shop -> Office -> Gym / Fitness Center -> Office,4,0.09289326590364652,349,0.09289326590364652
Food & Drink Shop -> Hotel,2,0.09274673008323424,78,0.09274673008323424
Bar -> Neighborhood,2,0.0925240562546262,125,0.0925240562546262
Building -> Office -> Coffee Shop -> Office -> Clothing Store,5,0.09246575342465753,81,0.09246575342465753
Subway -> Office -> Building,3,0.09225092250922509,100,0.09225092250922509
Office -> Hotel -> Office -> Hotel,4,0.09155766944114149,77,0.09155766944114149
Building -> Office -> Coffee Shop -> Clothing Store,4,0.091324200913242,80,0.091324200913242
Office -> Train Station -> Office -> Clothing Store,4,0.091324200913242,80,0.091324200913242
Coffee Shop -> Office -> Gym / Fitness Center -> Office -> Clothing Store,5,0.091324200913242,80,0.091324200913242
Office -> Coffee Shop -> Office -> Coffee Shop -> Clothing Store,5,0.091324200913242,80,0.091324200913242
Coffee Shop -> Office -> Deli / Bodega -> Office,4,0.09129624700558957,343,0.09129624700558957
Clothing Store -> Bar,2,0.09090909090909091,395,0.09090909090909091
Hotel -> American Restaurant,2,0.09090909090909091,95,0.09090909090909091
Clothing Store -> Bar -> Hotel,3,0.09090909090909091,77,0.09155766944114149
Hotel -> Office -> Building,3,0.09040590405904059,98,0.09040590405904059
Gym / Fitness Center -> Office -> Deli / Bodega -> Office,4,0.09023156774021826,339,0.09023156774021826
Bar -> Office -> Clothing Store,3,0.09018264840182648,79,0.09018264840182648
Building -> Coffee Shop -> Clothing Store,3,0.09018264840182648,79,0.09018264840182648
Subway -> Coffee Shop -> Clothing Store,3,0.09018264840182648,79,0.09018264840182648
Coffee Shop -> Subway,2,0.0899400399733511,270,0.0899400399733511
Coffee Shop -> Subway -> Office,3,0.0899400399733511,405,0.10779877561884482
Office -> Building -> Coffee Shop,3,0.08984198645598195,199,0.08984198645598195
Office -> Gym / Fitness Center -> Train Station,3,0.08965188364329996,188,0.08965188364329996
Subway -> Coffee Shop -> Office -> Clothing Store,4,0.08904109589041095,78,0.08904109589041095
Train Station -> Building,2,0.08856088560885608,96,0.08856088560885608
Gym / Fitness Center -> Coffee Shop -> Hotel,3,0.08799048751486326,74,0.08799048751486326
Office -> Subway -> Office -> Hotel,4,0.08799048751486326,74,0.08799048751486326
Coffee Shop -> Office -> Coffee Shop -> Office -> Hotel,5,0.08799048751486326,74,0.08799048751486326
Food & Drink Shop -> Office -> Clothing Store,3,0.08789954337899543,77,0.08789954337899543
Building -> Coffee Shop -> Office -> Clothing Store,4,0.08789954337899543,77,0.08789954337899543
Office -> Neighborhood -> Office,3,0.08783603939313282,330,0.08783603939313282
Deli / Bodega -> Office -> Train Station,3,0.08774439675727229,184,0.08774439675727229
Gym / Fitness Center -> Office -> Train Station,3,0.08774439675727229,184,0.08774439675727229
Deli / Bodega -> Park,2,0.0874751491053678,132,0.0874751491053678
Coffee Shop -> Office -> College Academic Building,3,0.08730741012472487,119,0.08730741012472487
Park -> Coffee Shop -> Office,3,0.08703752994410434,327,0.08703752994410434
Office -> Building -> Office -> Coffee Shop -> Office,5,0.08703752994410434,327,0.08703752994410434
Office -> Coffee Shop -> Gym / Fitness Center,3,0.08699220352892902,212,0.08699220352892902
Office -> Park -> Office,3,0.08677136012776152,326,0.08677136012776152
Coffee Shop -> Bar -> Clothing Store,3,0.0867579908675799,76,0.0867579908675799
Gym / Fitness Center -> Bar -> Clothing Store,3,0.0867579908675799,76,0.0867579908675799
Office -> Bar -> Clothing Store,3,0.0867579908675799,76,0.0867579908675799
Office -> Building -> Office -> Building,4,0.08671586715867159,94,0.08671586715867159
Coffee Shop -> Office -> Coffee Shop -> Office -> Building,5,0.08671586715867159,94,0.08671586715867159
Gym / Fitness Center -> Neighborhood,2,0.08660251665433012,117,0.08660251665433012
Subway -> Gym / Fitness Center,2,0.08658186294624538,211,0.08658186294624538
Clothing Store -> Office,2,0.08650519031141868,325,0.08650519031141868
Clothing Store -> Office -> Clothing Store,3,0.08650519031141868,116,0.1324200913242009
Clothing Store -> Office -> Hotel,3,0.08650519031141868,74,0.08799048751486326
Park -> Food & Drink Shop,2,0.08641975308641975,182,0.08641975308641975
Coffee Shop -> Bar -> American Restaurant,3,0.0861244019138756,90,0.0861244019138756
Food & Drink Shop -> Bank,2,0.08576051779935275,53,0.08576051779935275
Office -> Deli / Bodega -> Clothing Store,3,0.08561643835616438,75,0.08561643835616438
Deli / Bodega -> Hotel,2,0.08561236623067776,72,0.08561236623067776
Neighborhood -> Hotel,2,0.08561236623067776,72,0.08561236623067776
Clothing Store -> Park,2,0.08548707753479125,129,0.08548707753479125
Office -> Coffee Shop -> Office -> Park,4,0.08548707753479125,129,0.08548707753479125
Gym / Fitness Center -> Office -> Gym / Fitness Center -> Office,4,0.08544051104604738,321,0.08544051104604738
Office -> Building -> Coffee Shop -> Office,4,0.08544051104604738,321,0.08544051104604738
Coffee Shop -> Office -> Pizza Place,3,0.08526011560693642,59,0.08526011560693642
Gym / Fitness Center -> Subway,2,0.0849433710859427,255,0.0849433710859427
Gym / Fitness Center -> Subway -> Office,3,0.0849433710859427,335,0.08916688847484695
Train Station -> Office -> Coffee Shop,3,0.08487584650112867,188,0.08487584650112867
Train Station -> Office -> Coffee Shop -> Office,4,0.08487584650112867,325,0.08650519031141868
Train Station -> Office -> Coffee Shop -> Office -> Clothing Store,5,0.08487584650112867,80,0.091324200913242
Coffee Shop -> Office -> Coffee Shop -> Building,4,0.08487084870848709,92,0.08487084870848709
Coffee Shop -> Office -> Coffee Shop -> Deli / Bodega,4,0.08475957620211899,104,0.08475957620211899
Coffee Shop -> Office -> Drugstore / Pharmacy,3,0.08464328899637243,70,0.08464328899637243
Coffee Shop -> Medical Center,2,0.08453837597330367,76,0.08453837597330367
Subway -> Food & Drink Shop,2,0.08452041785375118,178,0.08452041785375118
Office -> Deli / Bodega -> Office -> Hotel,4,0.08442330558858502,71,0.08442330558858502
Building -> Office -> Train Station,3,0.0844062947067239,177,0.0844062947067239
Gym / Fitness Center -> Office -> College Academic Building,3,0.08437270726338958,115,0.08437270726338958
Park -> Office -> Park,3,0.08416169648774023,127,0.08416169648774023
Park -> Deli / Bodega,2,0.08394458027709861,103,0.08394458027709861
Coffee Shop -> Office -> Coffee Shop -> Office -> Train Station,5,0.08392942298521698,176,0.08392942298521698
Hotel -> Train Station,2,0.08345255126371007,175,0.08345255126371007
Gym / Fitness Center -> Bar -> Hotel,3,0.08323424494649227,70,0.08323424494649227
Subway -> Office -> Park,3,0.0828363154406892,125,0.0828363154406892
College Academic Building -> Clothing Store,2,0.0821917808219178,72,0.0821917808219178
Coffee Shop -> Subway -> Office -> Clothing Store,4,0.0821917808219178,72,0.0821917808219178
Deli / Bodega -> Coffee Shop -> Office -> Clothing Store,4,0.0821917808219178,72,0.0821917808219178
Hotel -> Office -> Coffee Shop,3,0.08216704288939052,182,0.08216704288939052
Office -> Train Station -> Office -> Building,4,0.08210332103321033,89,0.08210332103321033
Coffee Shop -> Gym / Fitness Center -> Hotel,3,0.08204518430439953,69,0.08204518430439953
Coffee Shop -> Office -> Building -> Office -> Hotel,5,0.08204518430439953,69,0.08204518430439953
Train Station -> Coffee Shop,2,0.08171557562076749,181,0.08171557562076749
Train Station -> Coffee Shop -> Train Station,3,0.08171557562076749,218,0.10395803528850739
Gym / Fitness Center -> Office -> Food & Drink Shop,3,0.08167141500474834,172,0.08167141500474834
Park -> Gym / Fitness Center -> Park,3,0.08151093439363817,123,0.08151093439363817
Coffee Shop -> Deli / Bodega -> Office -> Deli / Bodega,4,0.08149959250203749,100,0.08149959250203749
Coffee Shop -> Office -> Coffee Shop -> Office -> Deli / Bodega,5,0.08149959250203749,100,0.08149959250203749
Gym / Fitness Center -> Deli / Bodega -> Office,3,0.08144796380090498,306,0.08144796380090498
Hotel -> Building,2,0.08118081180811808,88,0.08118081180811808
Gym / Fitness Center -> Coffee Shop -> Office -> Building,4,0.08118081180811808,88,0.08118081180811808
Office -> Park -> Office -> Clothing Store,4,0.08105022831050228,71,0.08105022831050228
American Restaurant -> Pizza Place,2,0.08092485549132948,56,0.08092485549132948
Gym / Fitness Center -> Office -> Bank,3,0.08090614886731391,50,0.08090614886731391
Building -> Coffee Shop -> Hotel,3,0.08085612366230678,68,0.08085612366230678
Coffee Shop -> Office -> Coffee Shop -> Hotel,4,0.08085612366230678,68,0.08085612366230678
Deli / Bodega -> Coffee Shop -> Office -> Hotel,4,0.08085612366230678,68,0.08085612366230678
Office -> Building -> Office -> Deli / Bodega,4,0.08068459657701711,99,0.08068459657701711
Office -> Coffee Shop -> Office -> Gym / Fitness Center,4,0.08042675420599098,196,0.08042675420599098
Park -> Bar,2,0.08032220943613348,349,0.08032220943613348
Train Station -> Clothing Store,2,0.07990867579908675,70,0.07990867579908675
Clothing Store -> Bar -> Clothing Store,3,0.07990867579908675,70,0.07990867579908675
Deli / Bodega -> Office -> Coffee Shop -> Clothing Store,4,0.07990867579908675,70,0.07990867579908675
Gym / Fitness Center -> Subway -> Office -> Clothing Store,4,0.07990867579908675,70,0.07990867579908675
Subway -> Office -> Coffee Shop -> Clothing Store,4,0.07990867579908675,70,0.07990867579908675
Gym / Fitness Center -> Coffee Shop -> Deli / Bodega,3,0.07986960065199673,98,0.07986960065199673
Train Station -> Coffee Shop -> Office,3,0.07985094490284801,300,0.07985094490284801
Train Station -> Coffee Shop -> Office -> Clothing Store,4,0.07985094490284801,71,0.08105022831050228
College Academic Building -> Coffee Shop,2,0.07945823927765237,176,0.07945823927765237
Office -> Gym / Fitness Center -> Coffee Shop,3,0.07945823927765237,176,0.07945823927765237
Office -> Deli / Bodega -> Office -> Coffee Shop,4,0.07945823927765237,176,0.07945823927765237
Coffee Shop -> Office -> Coffee Shop -> Office -> Coffee Shop,5,0.07945823927765237,176,0.07945823927765237
Office -> Deli / Bodega -> Office -> Coffee Shop -> Office,5,0.07945823927765237,319,0.08490817141336172
Coffee Shop -> Office -> Food & Drink Shop,3,0.07929724596391263,167,0.07929724596391263
Park -> Office -> Deli / Bodega,3,0.07905460472697637,97,0.07905460472697637
Office -> Coffee Shop -> Building -> Office,4,0.07905243545381954,297,0.07905243545381954
Office -> Coffee Shop -> Park,3,0.07886017229953611,119,0.07886017229953611
Clothing Store -> Gym / Fitness Center,2,0.07878539187525646,192,0.07878539187525646
Clothing Store -> Gym / Fitness Center -> Clothing Store,3,0.07878539187525646,72,0.0821917808219178
Park -> Coffee Shop -> Clothing Store,3,0.07876712328767123,69,0.07876712328767123
Train Station -> Office -> Coffee Shop -> Clothing Store,4,0.07876712328767123,69,0.07876712328767123
Gym / Fitness Center -> Office -> Drugstore / Pharmacy,3,0.07859733978234583,65,0.07859733978234583
Coffee Shop -> Bus Station,2,0.07859078590785908,116,0.07859078590785908
Clothing Store -> Coffee Shop,2,0.07855530474040633,174,0.07855530474040633
Clothing Store -> Coffee Shop -> Clothing Store,3,0.07855530474040633,90,0.10273972602739725
Deli / Bodega -> Office -> Deli / Bodega -> Office,4,0.07852009582113388,295,0.07852009582113388
Drugstore / Pharmacy -> Office,2,0.07825392600479106,294,0.07825392600479106
Train Station -> Coffee Shop -> Office -> Train Station,4,0.07773009060562709,163,0.07773009060562709
Deli / Bodega -> Office -> Bank,3,0.07766990291262135,48,0.07766990291262135
Coffee Shop -> Food & Drink Shop -> Clothing Store,3,0.0776255707762557,68,0.0776255707762557
Gym / Fitness Center -> Office -> Gym / Fitness Center -> Clothing Store,4,0.0776255707762557,68,0.0776255707762557
Coffee Shop -> Office -> Deli / Bodega -> Office -> Clothing Store,5,0.0776255707762557,68,0.0776255707762557
Office -> Building -> Coffee Shop -> Office -> Clothing Store,5,0.0776255707762557,68,0.0776255707762557
Office -> Coffee Shop -> Office -> American Restaurant,4,0.07751196172248803,81,0.07751196172248803
Office -> Gym / Fitness Center -> Park,3,0.07687210072895957,116,0.07687210072895957
Building -> Train Station,2,0.07677634716261325,161,0.07677634716261325
Bar -> Office -> Train Station,3,0.07677634716261325,161,0.07677634716261325
Office -> Building -> Office -> Train Station,4,0.07677634716261325,161,0.07677634716261325
Hotel -> Coffee Shop,2,0.07674943566591422,170,0.07674943566591422
Office -> Coffee Shop -> Office -> Building -> Office,5,0.07665690710673409,288,0.07665690710673409
Gym / Fitness Center -> Coffee Shop -> Office -> Deli / Bodega,4,0.07660961695191525,94,0.07660961695191525
Office -> Deli / Bodega -> Office -> Building,4,0.07656826568265683,83,0.07656826568265683
Coffee Shop -> Building -> Clothing Store,3,0.07648401826484018,67,0.07648401826484018
Coffee Shop -> Building -> Office -> Clothing Store,4,0.07648401826484018,67,0.07648401826484018
Office -> Building -> Coffee Shop -> Clothing Store,4,0.07648401826484018,67,0.07648401826484018
Coffee Shop -> Office -> Building -> Office -> Clothing Store,5,0.07648401826484018,67,0.07648401826484018
Gym / Fitness Center -> Office -> Deli / Bodega -> Office -> Clothing Store,5,0.07648401826484018,67,0.07648401826484018
Gym / Fitness Center -> Office -> Gym / Fitness Center -> Office -> Clothing Store,5,0.07648401826484018,67,0.07648401826484018
Subway -> Office -> Coffee Shop -> Office -> Clothing Store,5,0.07648401826484018,67,0.07648401826484018
Train Station -> Office -> Train Station -> Office,4,0.07612456747404844,286,0.07612456747404844
Train Station -> Office -> Train Station -> Office -> Clothing Store,5,0.07612456747404844,71,0.08105022831050228
Train Station -> Office -> Train Station -> Office -> Train Station,5,0.07612456747404844,176,0.08392942298521698
Office -> Building -> Hotel,3,0.07609988109393578,64,0.07609988109393578
Office -> Coffee Shop -> Bank,3,0.07605177993527508,47,0.07605177993527508
Office -> Coffee Shop -> Office -> Bank,4,0.07605177993527508,47,0.07605177993527508
American Restaurant -> Coffee Shop,2,0.07584650112866817,168,0.07584650112866817
Office -> Deli / Bodega -> Office -> Train Station,4,0.07582260371959942,159,0.07582260371959942
Bar -> Building,2,0.07564575645756458,82,0.07564575645756458
Gym / Fitness Center -> Coffee Shop -> Building,3,0.07564575645756458,82,0.07564575645756458
Office -> Deli / Bodega -> Building,3,0.07564575645756458,82,0.07564575645756458
Office -> Coffee Shop -> American Restaurant,3,0.07559808612440191,79,0.07559808612440191
American Restaurant -> Office,2,0.07559222784136278,284,0.07559222784136278
American Restaurant -> Office -> Clothing Store,3,0.07559222784136278,89,0.10159817351598173
Bar -> College Academic Building,2,0.07556859867938372,103,0.07556859867938372
Neighborhood -> Clothing Store,2,0.07534246575342465,66,0.07534246575342465
Coffee Shop -> Deli / Bodega -> Office -> Clothing Store,4,0.07534246575342465,66,0.07534246575342465
Coffee Shop -> Office -> Gym / Fitness Center -> Clothing Store,4,0.07534246575342465,66,0.07534246575342465
Office -> Coffee Shop -> Gym / Fitness Center -> Clothing Store,4,0.07534246575342465,66,0.07534246575342465
Gym / Fitness Center -> Office -> Building -> Office,4,0.07532605802501996,283,0.07532605802501996
Food & Drink Shop -> Pizza Place,2,0.07514450867052024,52,0.07514450867052024
Coffee Shop -> Building -> Office -> Hotel,4,0.07491082045184304,63,0.07491082045184304
Deli / Bodega -> Office -> Park,3,0.07488402915838303,113,0.07488402915838303
Building -> Office -> Gym / Fitness Center,3,0.07468198604842019,182,0.07468198604842019
Office -> Deli / Bodega -> Coffee Shop,3,0.0744920993227991,165,0.0744920993227991
Office -> Deli / Bodega -> Coffee Shop -> Office,4,0.0744920993227991,318,0.0846420015970189
Subway -> Office -> Gym / Fitness Center,3,0.07427164546573656,181,0.07427164546573656
Office -> Food & Drink Shop -> Office,3,0.07426137875964865,279,0.07426137875964865
Coffee Shop -> Office -> Train Station -> Office,4,0.07426137875964865,279,0.07426137875964865
Coffee Shop -> Office -> Train Station -> Office -> Train Station,5,0.07426137875964865,193,0.09203624225083452
Office -> Gym / Fitness Center -> Office -> Park,4,0.07422133863485753,112,0.07422133863485753
Coffee Shop -> Subway -> Clothing Store,3,0.07420091324200913,65,0.07420091324200913
Food & Drink Shop -> Coffee Shop -> Clothing Store,3,0.07420091324200913,65,0.07420091324200913
Hotel -> Office -> Coffee Shop -> Clothing Store,4,0.07420091324200913,65,0.07420091324200913
Office -> Building -> Office -> Coffee Shop -> Clothing Store,5,0.07420091324200913,65,0.07420091324200913
Coffee Shop -> Building -> Office -> Coffee Shop,4,0.07404063205417608,164,0.07404063205417608
Coffee Shop -> Building -> Office -> Coffee Shop -> Office,5,0.07399520894330583,278,0.07399520894330583
Bar -> Subway,2,0.07395069953364423,222,0.07395069953364423
Office -> Gym / Fitness Center -> Building,3,0.07380073800738007,80,0.07380073800738007
Office -> Gym / Fitness Center -> Office -> Building,4,0.07380073800738007,80,0.07380073800738007
Coffee Shop -> Subway -> Office -> Hotel,4,0.07372175980975029,62,0.07372175980975029
Gym / Fitness Center -> Coffee Shop -> Office -> Hotel,4,0.07372175980975029,62,0.07372175980975029
Home (private) -> Other Great Outdoors,2,0.07370393504059962,118,0.07370393504059962
American Restaurant -> Bar -> American Restaurant,3,0.07368421052631578,77,0.07368421052631578
Deli / Bodega -> Coffee Shop -> Deli / Bodega,3,0.07334963325183375,90,0.07334963325183375
Coffee Shop -> Office -> Building -> Office -> Coffee Shop,5,0.07313769751693003,162,0.07313769751693003
Coffee Shop -> Office -> Train Station -> Office -> Clothing Store,5,0.0730593607305936,64,0.0730593607305936
Bank -> Office,2,0.07293052967793452,274,0.07293052967793452
Bank -> Office -> Clothing Store,3,0.07293052967793452,72,0.0821917808219178
Building -> Coffee Shop -> Office -> Building,4,0.07287822878228782,79,0.07287822878228782
Building -> Office -> Coffee Shop -> Office -> Building,5,0.07287822878228782,79,0.07287822878228782
Office -> Deli / Bodega -> Office -> Bank,4,0.07281553398058252,45,0.07281553398058252
Gym / Fitness Center -> Office -> American Restaurant,3,0.07272727272727272,76,0.07272727272727272
Gym / Fitness Center -> Coffee Shop -> Office -> Coffee Shop,4,0.072686230248307,161,0.072686230248307
Building -> College Academic Building,2,0.07263389581804842,99,0.07263389581804842
Hotel -> Office -> Deli / Bodega,3,0.07253463732681337,89,0.07253463732681337
Office -> Building -> Deli / Bodega,3,0.07253463732681337,89,0.07253463732681337
Building -> Office -> Coffee Shop -> Deli / Bodega,4,0.07253463732681337,89,0.07253463732681337
American Restaurant -> Office -> Hotel,3,0.07253269916765755,61,0.07253269916765755
Building -> Office -> Coffee Shop -> Office -> Hotel,5,0.07253269916765755,61,0.07253269916765755
Deli / Bodega -> Pizza Place,2,0.07225433526011561,50,0.07225433526011561
American Restaurant -> Park,2,0.07223326706428099,109,0.07223326706428099
Hotel -> Office -> Coffee Shop -> Office,4,0.07213202022890604,271,0.07213202022890604
Subway -> Office -> Train Station,3,0.07200762994754412,151,0.07200762994754412
Clothing Store -> Building,2,0.07195571955719557,78,0.07195571955719557
Gym / Fitness Center -> Subway -> Clothing Store,3,0.07191780821917808,63,0.07191780821917808
Office -> Deli / Bodega -> Office -> Coffee Shop -> Clothing Store,5,0.07191780821917808,63,0.07191780821917808
Train Station -> Office -> Deli / Bodega,3,0.07171964140179299,88,0.07171964140179299
Office -> Gym / Fitness Center -> Office -> Deli / Bodega,4,0.07171964140179299,88,0.07171964140179299
Park -> Hotel,2,0.0713436385255648,60,0.0713436385255648
Office -> Train Station -> Hotel,3,0.0713436385255648,60,0.0713436385255648
Train Station -> Office -> Hotel,3,0.0713436385255648,60,0.0713436385255648
Subway -> Coffee Shop -> Office -> Hotel,4,0.0713436385255648,60,0.0713436385255648
Coffee Shop -> Office -> Gym / Fitness Center -> Office -> Hotel,5,0.0713436385255648,60,0.0713436385255648
Park -> Drugstore / Pharmacy,2,0.07134220072551391,59,0.07134220072551391
Bar -> Bank,2,0.07119741100323625,44,0.07119741100323625
Office -> Bar -> Office,3,0.07106734096353473,267,0.07106734096353473
Coffee Shop -> Building -> Office -> Deli / Bodega,4,0.07090464547677261,87,0.07090464547677261
Deli / Bodega -> Coffee Shop -> Clothing Store,3,0.07077625570776255,62,0.07077625570776255
Gym / Fitness Center -> Office -> Building -> Office -> Clothing Store,5,0.07077625570776255,62,0.07077625570776255
Subway -> College Academic Building,2,0.07043286867204696,96,0.07043286867204696
Coffee Shop -> Train Station -> Office,3,0.07026883151450626,264,0.07026883151450626
Coffee Shop -> Train Station -> Office -> Train Station,4,0.07026883151450626,180,0.08583690987124463
Home (private) -> Bar,2,0.07019562715765247,305,0.07019562715765247
Pizza Place -> Bar,2,0.07019562715765247,305,0.07019562715765247
Bar -> American Restaurant -> Hotel,3,0.07015457788347206,59,0.07015457788347206
Hotel -> Coffee Shop -> Hotel,3,0.07015457788347206,59,0.07015457788347206
Food & Drink Shop -> Building,2,0.07011070110701106,76,0.07011070110701106
Coffee Shop -> Building -> Office -> Building,4,0.07011070110701106,76,0.07011070110701106
Deli / Bodega -> Office -> Coffee Shop -> Deli / Bodega,4,0.07008964955175224,86,0.07008964955175224
Hotel -> Coffee Shop -> Office,3,0.07000266169816342,263,0.07000266169816342
Office -> Gym / Fitness Center -> Office -> Coffee Shop,4,0.06997742663656885,155,0.06997742663656885
Deli / Bodega -> Office -> Gym / Fitness Center,3,0.06975789905621665,170,0.06975789905621665
Deli / Bodega -> Office -> Gym / Fitness Center -> Office,4,0.06975789905621665,297,0.07905243545381954
Deli / Bodega -> Office -> Gym / Fitness Center -> Office -> Clothing Store,5,0.06975789905621665,70,0.07990867579908675
Deli / Bodega -> College Academic Building,2,0.06969919295671313,95,0.06969919295671313
Drugstore / Pharmacy -> Office -> Clothing Store,3,0.06963470319634703,61,0.06963470319634703
Hotel -> Coffee Shop -> Clothing Store,3,0.06963470319634703,61,0.06963470319634703
Coffee Shop -> Office -> Building -> Clothing Store,4,0.06963470319634703,61,0.06963470319634703
Coffee Shop -> Train Station -> Office -> Clothing Store,4,0.06963470319634703,61,0.06963470319634703
Deli / Bodega -> Office -> Deli / Bodega -> Office -> Clothing Store,5,0.06963470319634703,61,0.06963470319634703
Office -> Deli / Bodega -> Coffee Shop -> Office -> Clothing Store,5,0.06963470319634703,61,0.06963470319634703
Building -> Park,2,0.06958250497017893,105,0.06958250497017893
Office -> Building -> Bank,3,0.06957928802588997,43,0.06957928802588997
Deli / Bodega -> Coffee Shop -> Office -> Deli / Bodega,4,0.06927465362673187,85,0.06927465362673187
American Restaurant -> Building,2,0.06918819188191883,75,0.06918819188191883
Office -> Subway -> Office -> Building,4,0.06918819188191883,75,0.06918819188191883
Train Station -> Office -> Coffee Shop -> Office -> Train Station,5,0.06914639961850262,145,0.06914639961850262
Neighborhood -> Office -> Hotel,3,0.06896551724137931,58,0.06896551724137931
Office -> Coffee Shop -> College Academic Building,3,0.06896551724137931,94,0.06896551724137931
Building -> Coffee Shop -> Office -> Hotel,4,0.06896551724137931,58,0.06896551724137931
Food & Drink Shop -> Bar -> American Restaurant,3,0.06889952153110047,72,0.06889952153110047
Office -> Bar -> American Restaurant,3,0.06889952153110047,72,0.06889952153110047
Subway -> Neighborhood,2,0.0688378978534419,93,0.0688378978534419
Gym / Fitness Center -> Park -> Office,3,0.0686718126164493,258,0.0686718126164493
Gym / Fitness Center -> Residential Building (Apartment / Condo),2,0.06850618458610847,72,0.06850618458610847
Drugstore / Pharmacy -> Clothing Store,2,0.0684931506849315,60,0.0684931506849315
Coffee Shop -> Park -> Clothing Store,3,0.0684931506849315,60,0.0684931506849315
Gym / Fitness Center -> Food & Drink Shop -> Clothing Store,3,0.0684931506849315,60,0.0684931506849315
Neighborhood -> Office -> Clothing Store,3,0.0684931506849315,60,0.0684931506849315
Building -> Coffee Shop -> Deli / Bodega,3,0.06845965770171149,84,0.06845965770171149
Office -> Bus Station,2,0.06842818428184282,101,0.06842818428184282
Coffee Shop -> Hotel -> Office,3,0.06840564280010647,257,0.06840564280010647
Deli / Bodega -> Coffee Shop -> Office -> Building,4,0.06826568265682657,74,0.06826568265682657
Office -> Hotel -> Office -> Building,4,0.06826568265682657,74,0.06826568265682657
Office -> Coffee Shop -> Office -> Coffee Shop -> Building,5,0.06826568265682657,74,0.06826568265682657
Park -> Coffee Shop -> Park,3,0.0682571239231279,103,0.0682571239231279
Office -> Subway -> Office -> Park,4,0.0682571239231279,103,0.0682571239231279
Office -> Deli / Bodega -> Bank,3,0.06796116504854369,42,0.06796116504854369
Office -> Gym / Fitness Center -> Bank,3,0.06796116504854369,42,0.06796116504854369
Subway -> Office -> Bank,3,0.06796116504854369,42,0.06796116504854369
Gym / Fitness Center -> Bar -> American Restaurant,3,0.06794258373205742,71,0.06794258373205742
Coffee Shop -> Bar -> Pizza Place,3,0.06791907514450866,47,0.06791907514450866
Office -> Coffee Shop -> Office -> Pizza Place,4,0.06791907514450866,47,0.06791907514450866
Office -> Clothing Store -> Hotel,3,0.06777645659928656,57,0.06777645659928656
Coffee Shop -> Office -> Deli / Bodega -> Office -> Hotel,5,0.06777645659928656,57,0.06777645659928656
Deli / Bodega -> Office -> Coffee Shop -> Office -> Hotel,5,0.06777645659928656,57,0.06777645659928656
Office -> Deli / Bodega -> Coffee Shop -> Office -> Hotel,5,0.06777645659928656,57,0.06777645659928656
Train Station -> Office -> Coffee Shop -> Train Station,4,0.06771578445398188,142,0.06771578445398188
Gym / Fitness Center -> Coffee Shop -> Gym / Fitness Center,3,0.06770619614279852,165,0.06770619614279852
Gym / Fitness Center -> Deli / Bodega -> Office -> Clothing Store,4,0.06735159817351598,59,0.06735159817351598
Office -> Food & Drink Shop -> Office -> Clothing Store,4,0.06735159817351598,59,0.06735159817351598
Office -> Gym / Fitness Center -> Coffee Shop -> Clothing Store,4,0.06735159817351598,59,0.06735159817351598
Hotel -> Office -> Coffee Shop -> Office -> Clothing Store,5,0.06735159817351598,59,0.06735159817351598
Office -> Subway -> Building,3,0.06734317343173432,73,0.06734317343173432
Gym / Fitness Center -> Office -> Coffee Shop -> Office -> Building,5,0.06734317343173432,73,0.06734317343173432
Office -> Train Station -> Office -> Coffee Shop,4,0.0672686230248307,149,0.0672686230248307
Building -> Office -> Coffee Shop -> Office -> Train Station,5,0.06723891273247497,141,0.06723891273247497
Coffee Shop -> Gym / Fitness Center -> Park,3,0.06693174287607687,101,0.06693174287607687
Food & Drink Shop -> Office -> Park,3,0.06693174287607687,101,0.06693174287607687
Office -> Food & Drink Shop -> Park,3,0.06693174287607687,101,0.06693174287607687
Gym / Fitness Center -> Coffee Shop -> Office -> Park,4,0.06693174287607687,101,0.06693174287607687
Bar -> Office -> Deli / Bodega,3,0.06682966585167074,82,0.06682966585167074
Park -> Office -> Coffee Shop,3,0.06681715575620767,148,0.06681715575620767
Office -> Clothing Store -> Office,3,0.0668086239020495,251,0.0668086239020495
Office -> Clothing Store -> Office -> Clothing Store,4,0.0668086239020495,95,0.10844748858447488
Office -> Clothing Store -> Office -> Hotel,4,0.0668086239020495,58,0.06896551724137931
Subway -> Office -> Gym / Fitness Center -> Office,4,0.0668086239020495,251,0.0668086239020495
Subway -> Office -> Gym / Fitness Center -> Office -> Clothing Store,5,0.0668086239020495,65,0.07420091324200913
Coffee Shop -> Office -> Coffee Shop -> Train Station,4,0.06676204101096805,140,0.06676204101096805
Bar -> Residential Building (Apartment / Condo),2,0.06660323501427212,70,0.06660323501427212
American Restaurant -> Gym / Fitness Center,2,0.06647517439474764,162,0.06647517439474764
Hotel -> Pizza Place,2,0.06647398843930635,46,0.06647398843930635
Coffee Shop -> Building -> Coffee Shop,3,0.06636568848758465,147,0.06636568848758465
Office -> Park -> Office -> Park,4,0.06626905235255136,100,0.06626905235255136
Gym / Fitness Center -> Coffee Shop -> Office -> Coffee Shop -> Clothing Store,5,0.06621004566210045,58,0.06621004566210045
Gym / Fitness Center -> Office -> Coffee Shop -> Deli / Bodega,4,0.06601466992665037,81,0.06601466992665037
Deli / Bodega -> Park -> Office,3,0.06601011445302103,248,0.06601011445302103
Subway -> Office -> Food & Drink Shop,3,0.06600189933523266,139,0.06600189933523266
Gym / Fitness Center -> Coffee Shop -> Office -> Coffee Shop -> Office,5,0.0657439446366782,247,0.0657439446366782
Hotel -> Bus Station,2,0.06571815718157181,97,0.06571815718157181
Coffee Shop -> Office -> Subway,3,0.06562291805463025,197,0.06562291805463025
Coffee Shop -> Office -> Subway -> Clothing Store,4,0.06562291805463025,62,0.07077625570776255
Coffee Shop -> Office -> Subway -> Office,4,0.06562291805463025,325,0.08650519031141868
Coffee Shop -> Office -> Subway -> Office -> Clothing Store,5,0.06562291805463025,78,0.08904109589041095
Building -> Office -> Park,3,0.06560636182902585,99,0.06560636182902585
Deli / Bodega -> Office -> Coffee Shop -> Office -> Building,5,0.06549815498154982,71,0.06549815498154982
Train Station -> Office -> Train Station -> Office -> Building,5,0.06549815498154982,71,0.06549815498154982
Office -> Coffee Shop -> Gym / Fitness Center -> Office,4,0.06547777482033537,246,0.06547777482033537
Building -> Coffee Shop -> Office -> Coffee Shop,4,0.0654627539503386,145,0.0654627539503386
Deli / Bodega -> Coffee Shop -> Office -> Coffee Shop,4,0.0654627539503386,145,0.0654627539503386
Coffee Shop -> Office -> Subway -> Office -> Hotel,5,0.06539833531510107,55,0.06539833531510107
Neighborhood -> Bar,2,0.06536248561565017,284,0.06536248561565017
Office -> Bar -> Train Station,3,0.0653314258464473,137,0.0653314258464473
Office -> Gym / Fitness Center -> Office -> Train Station,4,0.0653314258464473,137,0.0653314258464473
Coffee Shop -> Office -> Building -> Office -> Deli / Bodega,5,0.06519967400162999,80,0.06519967400162999
Building -> American Restaurant,2,0.06507177033492823,68,0.06507177033492823
Clothing Store -> Bar -> American Restaurant,3,0.06507177033492823,68,0.06507177033492823
Coffee Shop -> Hotel -> Office -> Clothing Store,4,0.06506849315068493,57,0.06506849315068493
Coffee Shop -> Office -> Park -> Clothing Store,4,0.06506849315068493,57,0.06506849315068493
Gym / Fitness Center -> Coffee Shop -> Gym / Fitness Center -> Clothing Store,4,0.06506849315068493,57,0.06506849315068493
Office -> Train Station -> Office -> Coffee Shop -> Clothing Store,5,0.06506849315068493,57,0.06506849315068493
Neighborhood -> Pizza Place,2,0.06502890173410404,45,0.06502890173410404
Coffee Shop -> Gym / Fitness Center -> Coffee Shop,3,0.06501128668171557,144,0.06501128668171557
Park -> Gym / Fitness Center -> Office,3,0.06494543518764972,244,0.06494543518764972
Office -> Gym / Fitness Center -> Office -> Bank,4,0.06472491909385113,40,0.06472491909385113
Office -> Drugstore / Pharmacy -> Office,3,0.06467926537130689,243,0.06467926537130689
Gym / Fitness Center -> Deli / Bodega -> Office -> Deli / Bodega,4,0.06438467807660962,79,0.06438467807660962
Building -> Office -> Coffee Shop -> Office -> Deli / Bodega,5,0.06438467807660962,79,0.06438467807660962
Deli / Bodega -> Office -> Coffee Shop -> Office -> Deli / Bodega,5,0.06438467807660962,79,0.06438467807660962
Coffee Shop -> Office -> Building -> Office -> Train Station,5,0.06437768240343347,135,0.06437768240343347
Building -> Office -> Coffee Shop -> Hotel,4,0.06420927467300833,54,0.06420927467300833
Hotel -> Coffee Shop -> Office -> Hotel,4,0.06420927467300833,54,0.06420927467300833
Office -> Bar -> Office -> Hotel,4,0.06420927467300833,54,0.06420927467300833
Office -> Building -> Coffee Shop -> Hotel,4,0.06420927467300833,54,0.06420927467300833
Office -> Gym / Fitness Center -> Coffee Shop -> Office,4,0.06414692573862124,241,0.06414692573862124
Bus Station -> American Restaurant,2,0.06411483253588517,67,0.06411483253588517
Coffee Shop -> Deli / Bodega -> Office -> Coffee Shop,4,0.06410835214446953,142,0.06410835214446953
Building -> Office -> Coffee Shop -> Office -> Coffee Shop,5,0.06410835214446953,142,0.06410835214446953
Coffee Shop -> Deli / Bodega -> Office -> Coffee Shop -> Office,5,0.06410835214446953,277,0.073729039126963
Bus Station -> Drugstore / Pharmacy,2,0.06408706166868199,53,0.06408706166868199
Office -> Coffee Shop -> Drugstore / Pharmacy,3,0.06408706166868199,53,0.06408706166868199
Office -> Coffee Shop -> Office -> Drugstore / Pharmacy,4,0.06408706166868199,53,0.06408706166868199
Office -> Hotel -> Clothing Store,3,0.0639269406392694,56,0.0639269406392694
Office -> Train Station -> Clothing Store,3,0.0639269406392694,56,0.0639269406392694
Gym / Fitness Center -> Office -> Deli / Bodega -> Clothing Store,4,0.0639269406392694,56,0.0639269406392694
Office -> Subway -> Office -> Coffee Shop,4,0.0636568848758465,141,0.0636568848758465
Gym / Fitness Center -> Office -> Coffee Shop -> Office -> Coffee Shop,5,0.0636568848758465,141,0.0636568848758465
Office -> Subway -> Office -> Coffee Shop -> Clothing Store,5,0.0636568848758465,62,0.07077625570776255
Office -> Subway -> Office -> Coffee Shop -> Office,5,0.0636568848758465,245,0.06521160500399255
Coffee Shop -> Deli / Bodega -> Office -> Building,4,0.06365313653136531,69,0.06365313653136531
Coffee Shop -> Office -> Building -> Office -> Building,5,0.06365313653136531,69,0.06365313653136531
Park -> Food & Drink Shop -> Park,3,0.0636182902584493,96,0.0636182902584493
Coffee Shop -> Gym / Fitness Center -> Office -> Park,4,0.0636182902584493,96,0.0636182902584493
Office -> Coffee Shop -> Deli / Bodega -> Office,4,0.06361458610593558,239,0.06361458610593558
Office -> Coffee Shop -> Office -> Deli / Bodega -> Office,5,0.06361458610593558,239,0.06361458610593558
Hotel -> Gym / Fitness Center,2,0.06360279031596225,155,0.06360279031596225
Office -> Building -> Office -> Gym / Fitness Center,4,0.06360279031596225,155,0.06360279031596225
Park -> Pizza Place,2,0.06358381502890173,44,0.06358381502890173
American Restaurant -> Bar -> Pizza Place,3,0.06358381502890173,44,0.06358381502890173
College Academic Building -> Deli / Bodega,2,0.06356968215158924,78,0.06356968215158924
Coffee Shop -> Office -> Deli / Bodega -> Office -> Deli / Bodega,5,0.06356968215158924,78,0.06356968215158924
Gym / Fitness Center -> Office -> Deli / Bodega -> Office -> Deli / Bodega,5,0.06356968215158924,78,0.06356968215158924
Gym / Fitness Center -> Medical Center,2,0.06340378197997776,57,0.06340378197997776
Office -> Gym / Fitness Center -> Office -> Gym / Fitness Center,4,0.06319244973327862,154,0.06319244973327862
Food & Drink Shop -> Office -> Food & Drink Shop,3,0.06315289648622982,133,0.06315289648622982
Coffee Shop -> Hotel -> Office -> Hotel,4,0.06302021403091558,53,0.06302021403091558
Gym / Fitness Center -> Building -> Office,3,0.06281607665690711,236,0.06281607665690711
Park -> Deli / Bodega -> Office,3,0.06281607665690711,236,0.06281607665690711
Deli / Bodega -> Office -> Building -> Office,4,0.06281607665690711,236,0.06281607665690711
Gym / Fitness Center -> Building -> Office -> Clothing Store,4,0.06281607665690711,60,0.0684931506849315
Coffee Shop -> Hotel -> Clothing Store,3,0.06278538812785388,55,0.06278538812785388
Gym / Fitness Center -> Park -> Clothing Store,3,0.06278538812785388,55,0.06278538812785388
Building -> Office -> Gym / Fitness Center -> Clothing Store,4,0.06278538812785388,55,0.06278538812785388
Hotel -> Coffee Shop -> Office -> Clothing Store,4,0.06278538812785388,55,0.06278538812785388
Subway -> Office -> Gym / Fitness Center -> Clothing Store,4,0.06278538812785388,55,0.06278538812785388
Deli / Bodega -> Office -> Deli / Bodega -> Office -> Deli / Bodega,5,0.06275468622656886,77,0.06275468622656886
Office -> Train Station -> Coffee Shop,3,0.06275395033860046,139,0.06275395033860046
Office -> Train Station -> Coffee Shop -> Train Station,4,0.06275395033860046,147,0.07010014306151645
Office -> Coffee Shop -> Office -> Train Station -> Office,5,0.06254990684056427,235,0.06254990684056427
Subway -> Medical Center,2,0.06229143492769744,56,0.06229143492769744
Office -> Coffee Shop -> Office -> Gym / Fitness Center -> Office,5,0.06228373702422145,234,0.06228373702422145
Subway -> Bar -> Pizza Place,3,0.06213872832369942,43,0.06213872832369942
Gym / Fitness Center -> Coffee Shop -> Train Station,3,0.061993323795898905,130,0.061993323795898905
Hotel -> Office -> Train Station,3,0.061993323795898905,130,0.061993323795898905
Building -> Gym / Fitness Center,2,0.06196142798522774,151,0.06196142798522774
Food & Drink Shop -> Deli / Bodega,2,0.06193969030154849,76,0.06193969030154849
Gym / Fitness Center -> Office -> Coffee Shop -> Office -> Deli / Bodega,5,0.06193969030154849,76,0.06193969030154849
Office -> Coffee Shop -> Office -> Coffee Shop -> Deli / Bodega,5,0.06193969030154849,76,0.06193969030154849
Deli / Bodega -> Office -> Coffee Shop -> Office -> Coffee Shop,5,0.0618510158013544,137,0.0618510158013544
Bank -> Hotel,2,0.06183115338882283,52,0.06183115338882283
Food & Drink Shop -> Office -> Hotel,3,0.06183115338882283,52,0.06183115338882283
Coffee Shop -> Office -> Gym / Fitness Center -> Hotel,4,0.06183115338882283,52,0.06183115338882283
Gym / Fitness Center -> Office -> Coffee Shop -> Hotel,4,0.06183115338882283,52,0.06183115338882283
Subway -> Office -> Coffee Shop -> Office -> Hotel,5,0.06183115338882283,52,0.06183115338882283
Neighborhood -> Building,2,0.061808118081180814,67,0.061808118081180814
American Restaurant -> Office -> Building,3,0.061808118081180814,67,0.061808118081180814
Bar -> Office -> Building,3,0.061808118081180814,67,0.061808118081180814
Office -> Train Station -> Office -> Coffee Shop -> Office,5,0.061751397391535796,232,0.061751397391535796
Building -> Drugstore / Pharmacy,2,0.06166868198307134,51,0.06166868198307134
Clothing Store -> Drugstore / Pharmacy,2,0.06166868198307134,51,0.06166868198307134
Coffee Shop -> American Restaurant -> Clothing Store,3,0.06164383561643835,54,0.06164383561643835
Gym / Fitness Center -> Building -> Clothing Store,3,0.06164383561643835,54,0.06164383561643835
Coffee Shop -> Office -> Food & Drink Shop -> Clothing Store,4,0.06164383561643835,54,0.06164383561643835
Gym / Fitness Center -> Office -> Building -> Clothing Store,4,0.06164383561643835,54,0.06164383561643835
Gym / Fitness Center -> Office -> Food & Drink Shop -> Clothing Store,4,0.06164383561643835,54,0.06164383561643835
Gym / Fitness Center -> Office -> Park -> Clothing Store,4,0.06164383561643835,54,0.06164383561643835
Office -> Coffee Shop -> Building -> Office -> Clothing Store,5,0.06164383561643835,54,0.06164383561643835
Office -> Train Station -> Coffee Shop -> Office,4,0.06148522757519297,231,0.06148522757519297
Office -> Train Station -> Coffee Shop -> Office -> Clothing Store,5,0.06148522757519297,59,0.06735159817351598
Office -> Train Station -> Coffee Shop -> Office -> Train Station,5,0.06148522757519297,129,0.06151645207439199
Building -> Office -> Building -> Office,4,0.06121905775885015,230,0.06121905775885015
Office -> Gym / Fitness Center -> Deli / Bodega,3,0.061124694376528114,75,0.061124694376528114
Building -> Coffee Shop -> Office -> Deli / Bodega,4,0.061124694376528114,75,0.061124694376528114
Office -> Subway -> Office -> Deli / Bodega,4,0.061124694376528114,75,0.061124694376528114
Clothing Store -> Office -> Train Station,3,0.06103958035288507,128,0.06103958035288507
Hotel -> Coffee Shop -> Office -> Building,4,0.06088560885608856,66,0.06088560885608856
Office -> Building -> Coffee Shop -> Office -> Building,5,0.06088560885608856,66,0.06088560885608856
Coffee Shop -> Office -> Neighborhood,3,0.06069578090303479,82,0.06069578090303479
Gym / Fitness Center -> Office -> Neighborhood,3,0.06069578090303479,82,0.06069578090303479
Gym / Fitness Center -> Office -> Neighborhood -> Office,4,0.06069578090303479,266,0.07080117114719191
Gym / Fitness Center -> Bar -> Pizza Place,3,0.06069364161849711,42,0.06069364161849711
American Restaurant -> Coffee Shop -> Hotel,3,0.06064209274673008,51,0.06064209274673008
Subway -> Bar -> Hotel,3,0.06064209274673008,51,0.06064209274673008
Office -> Gym / Fitness Center -> Coffee Shop -> Hotel,4,0.06064209274673008,51,0.06064209274673008
Office -> Train Station -> Office -> Hotel,4,0.06064209274673008,51,0.06064209274673008
Gym / Fitness Center -> Office -> Coffee Shop -> Office -> Hotel,5,0.06064209274673008,51,0.06064209274673008
Office -> Coffee Shop -> Building -> Office -> Hotel,5,0.06064209274673008,51,0.06064209274673008
Office -> Coffee Shop -> Office -> Coffee Shop -> Hotel,5,0.06064209274673008,51,0.06064209274673008
Train Station -> Hotel -> Train Station,3,0.06056270863137816,127,0.06056270863137816
Food & Drink Shop -> Gym / Fitness Center -> Clothing Store,3,0.06050228310502283,53,0.06050228310502283
Building -> Coffee Shop -> Office -> Coffee Shop -> Clothing Store,5,0.06050228310502283,53,0.06050228310502283
Subway -> Coffee Shop -> Office -> Coffee Shop,4,0.06049661399548533,134,0.06049661399548533
Subway -> Coffee Shop -> Office -> Coffee Shop -> Office,5,0.06049661399548533,231,0.06148522757519297
Deli / Bodega -> Drugstore / Pharmacy,2,0.060459492140266025,50,0.060459492140266025
Gym / Fitness Center -> Neighborhood -> Office,3,0.060420548309821666,227,0.060420548309821666
Office -> Deli / Bodega -> Office -> Gym / Fitness Center,4,0.06032006565449323,147,0.06032006565449323
Office -> Deli / Bodega -> Office -> Gym / Fitness Center -> Office,5,0.06032006565449323,253,0.06734096353473516
Coffee Shop -> Subway -> Office -> Deli / Bodega,4,0.06030969845150774,74,0.06030969845150774
Office -> Clothing Store -> Park,3,0.060304837640821736,91,0.060304837640821736
Gym / Fitness Center -> Office -> Coffee Shop -> Office -> Park,5,0.060304837640821736,91,0.060304837640821736
Bar -> Hotel -> Bar,3,0.06029919447640967,262,0.06029919447640967
Bar -> Hotel -> Bar -> Hotel,4,0.06029919447640967,60,0.0713436385255648
Deli / Bodega -> American Restaurant,2,0.06028708133971292,63,0.06028708133971292
Gym / Fitness Center -> Coffee Shop -> Office -> Train Station,4,0.060085836909871244,126,0.060085836909871244
Coffee Shop -> Office -> Deli / Bodega -> Office -> Train Station,5,0.060085836909871244,126,0.060085836909871244
Office -> Medical Center,2,0.060066740823136816,54,0.060066740823136816
Gym / Fitness Center -> Office -> Coffee Shop -> Building,4,0.05996309963099631,65,0.05996309963099631
Coffee Shop -> Office -> Train Station -> Office -> Building,5,0.05996309963099631,65,0.05996309963099631
Gym / Fitness Center -> Coffee Shop -> Office -> Gym / Fitness Center,4,0.059909725071809604,146,0.059909725071809604
Neighborhood -> Bank,2,0.059870550161812294,37,0.059870550161812294
Coffee Shop -> Deli / Bodega -> Office -> Bank,4,0.059870550161812294,37,0.059870550161812294
Office -> Subway -> Park,3,0.05964214711729622,90,0.05964214711729622
Office -> Coffee Shop -> Train Station -> Office,4,0.05962203886079319,224,0.05962203886079319
Office -> Coffee Shop -> Train Station -> Office -> Train Station,5,0.05962203886079319,153,0.07296137339055794
Deli / Bodega -> Office -> Coffee Shop -> Office -> Train Station,5,0.05960896518836433,125,0.05960896518836433
Office -> Coffee Shop -> Building -> Office -> Deli / Bodega,5,0.059494702526487364,73,0.059494702526487364
Bar -> Train Station -> Hotel,3,0.059453032104637336,50,0.059453032104637336
Coffee Shop -> Train Station -> Hotel,3,0.059453032104637336,50,0.059453032104637336
Deli / Bodega -> Coffee Shop -> Hotel,3,0.059453032104637336,50,0.059453032104637336
Food & Drink Shop -> Bar -> Hotel,3,0.059453032104637336,50,0.059453032104637336
Gym / Fitness Center -> Train Station -> Hotel,3,0.059453032104637336,50,0.059453032104637336
Park -> Office -> Hotel,3,0.059453032104637336,50,0.059453032104637336
Coffee Shop -> Deli / Bodega -> Office -> Hotel,4,0.059453032104637336,50,0.059453032104637336
Office -> Neighborhood -> Office -> Hotel,4,0.059453032104637336,50,0.059453032104637336
Bar -> Coffee Shop -> Clothing Store,3,0.0593607305936073,52,0.0593607305936073
Coffee Shop -> Deli / Bodega -> Clothing Store,3,0.0593607305936073,52,0.0593607305936073
Coffee Shop -> Office -> Deli / Bodega -> Clothing Store,4,0.0593607305936073,52,0.0593607305936073
Gym / Fitness Center -> Park -> Office -> Clothing Store,4,0.0593607305936073,52,0.0593607305936073
Office -> Drugstore / Pharmacy -> Office -> Clothing Store,4,0.0593607305936073,52,0.0593607305936073
Office -> Coffee Shop -> Train Station -> Office -> Clothing Store,5,0.0593607305936073,52,0.0593607305936073
Building -> Office -> Deli / Bodega -> Office,4,0.05935586904445036,223,0.05935586904445036
Building -> Office -> Deli / Bodega -> Office -> Clothing Store,5,0.05935586904445036,52,0.0593607305936073
Subway -> Office -> Drugstore / Pharmacy,3,0.0592503022974607,49,0.0592503022974607
Clothing Store -> Pizza Place,2,0.059248554913294796,41,0.059248554913294796
Office -> Bar -> Pizza Place,3,0.059248554913294796,41,0.059248554913294796
Office -> Gym / Fitness Center -> Bar,3,0.059148446490218644,257,0.059148446490218644
Coffee Shop -> Deli / Bodega -> Coffee Shop,3,0.05914221218961625,131,0.05914221218961625
Coffee Shop -> Deli / Bodega -> Coffee Shop -> Office,4,0.05914221218961625,246,0.06547777482033537
Deli / Bodega -> Train Station,2,0.05913209346685742,124,0.05913209346685742
Deli / Bodega -> Building -> Office,3,0.059089699228107535,222,0.059089699228107535
Coffee Shop -> Building -> Coffee Shop -> Office,4,0.059089699228107535,222,0.059089699228107535
Coffee Shop -> Building -> Coffee Shop -> Office -> Clothing Store,5,0.059089699228107535,54,0.06164383561643835
Building -> Coffee Shop -> Building,3,0.05904059040590406,64,0.05904059040590406
Building -> Office -> Coffee Shop -> Building,4,0.05904059040590406,64,0.05904059040590406
Gym / Fitness Center -> Deli / Bodega -> Office -> Building,4,0.05904059040590406,64,0.05904059040590406
Office -> Deli / Bodega -> Park,3,0.058979456593770706,89,0.058979456593770706
Office -> Deli / Bodega -> Office -> Park,4,0.058979456593770706,89,0.058979456593770706
Park -> Coffee Shop -> Office -> Park,4,0.058979456593770706,89,0.058979456593770706
Office -> Coffee Shop -> Office -> College Academic Building,4,0.058694057226705794,80,0.058694057226705794
Office -> Park -> Coffee Shop,3,0.05869074492099323,130,0.05869074492099323
American Restaurant -> Deli / Bodega,2,0.05867970660146699,72,0.05867970660146699
Train Station -> Deli / Bodega,2,0.05867970660146699,72,0.05867970660146699
Deli / Bodega -> Building -> Office -> Deli / Bodega,4,0.05867970660146699,72,0.05867970660146699
Deli / Bodega -> Office -> Building -> Office -> Deli / Bodega,5,0.05867970660146699,72,0.05867970660146699
Park -> Office -> Gym / Fitness Center,3,0.05867870332375872,143,0.05867870332375872
Deli / Bodega -> Coffee Shop -> Office -> Train Station,4,0.058655221745350504,123,0.058655221745350504
Hotel -> Office -> Coffee Shop -> Office -> Train Station,5,0.058655221745350504,123,0.058655221745350504
Park -> Office -> Gym / Fitness Center -> Office,4,0.05855735959542188,220,0.05855735959542188
Neighborhood -> American Restaurant,2,0.05837320574162679,61,0.05837320574162679
Office -> Gym / Fitness Center -> American Restaurant,3,0.05837320574162679,61,0.05837320574162679
Office -> Park -> American Restaurant,3,0.05837320574162679,61,0.05837320574162679
Subway -> Office -> American Restaurant,3,0.05837320574162679,61,0.05837320574162679
Hotel -> Office -> Gym / Fitness Center,3,0.058268362741075094,142,0.058268362741075094
Hotel -> Office -> Gym / Fitness Center -> Clothing Store,4,0.058268362741075094,53,0.06050228310502283
Coffee Shop -> Office -> Coffee Shop -> Office -> Gym / Fitness Center,5,0.058268362741075094,142,0.058268362741075094
Hotel -> American Restaurant -> Hotel,3,0.05826397146254459,49,0.05826397146254459
Coffee Shop -> Gym / Fitness Center -> Office -> Hotel,4,0.05826397146254459,49,0.05826397146254459
Coffee Shop -> Office -> Subway -> Hotel,4,0.05826397146254459,49,0.05826397146254459
Office -> Building -> Coffee Shop -> Office -> Hotel,5,0.05826397146254459,49,0.05826397146254459
Building -> Office -> Bank,3,0.05825242718446602,36,0.05825242718446602
Office -> Subway -> Coffee Shop,3,0.058239277652370205,129,0.058239277652370205
Office -> Subway -> Coffee Shop -> Clothing Store,4,0.058239277652370205,55,0.06278538812785388
Office -> Subway -> Coffee Shop -> Office,4,0.058239277652370205,230,0.06121905775885015
Office -> Subway -> Coffee Shop -> Office -> Clothing Store,5,0.058239277652370205,61,0.06963470319634703
Bar -> Gym / Fitness Center -> Clothing Store,3,0.05821917808219178,51,0.05821917808219178
Subway -> Gym / Fitness Center -> Clothing Store,3,0.05821917808219178,51,0.05821917808219178
Subway -> Office -> Park -> Clothing Store,4,0.05821917808219178,51,0.05821917808219178
Office -> Coffee Shop -> Gym / Fitness Center -> Office -> Clothing Store,5,0.05821917808219178,51,0.05821917808219178
Office -> Coffee Shop -> Office -> Gym / Fitness Center -> Clothing Store,5,0.05821917808219178,51,0.05821917808219178
Office -> Gym / Fitness Center -> Office -> Coffee Shop -> Clothing Store,5,0.05821917808219178,51,0.05821917808219178
Coffee Shop -> Office -> Neighborhood -> Office,4,0.05802501996273623,218,0.05802501996273623
Food & Drink Shop -> Subway,2,0.057961359093937376,174,0.057961359093937376
Office -> Coffee Shop -> Food & Drink Shop,3,0.057929724596391265,122,0.057929724596391265
Neighborhood -> Deli / Bodega,2,0.05786471067644662,71,0.05786471067644662
Office -> Deli / Bodega -> Coffee Shop -> Deli / Bodega,4,0.05786471067644662,71,0.05786471067644662
Coffee Shop -> Subway -> Office -> Coffee Shop,4,0.057787810383747175,128,0.057787810383747175
Office -> Hotel -> Office -> Coffee Shop,4,0.057787810383747175,128,0.057787810383747175
Coffee Shop -> Subway -> Office -> Coffee Shop -> Clothing Store,5,0.057787810383747175,51,0.05821917808219178
Coffee Shop -> Subway -> Office -> Coffee Shop -> Office,5,0.057787810383747175,242,0.06441309555496406
Gym / Fitness Center -> Office -> Deli / Bodega -> Office -> Coffee Shop,5,0.057787810383747175,128,0.057787810383747175
Office -> Coffee Shop -> Building -> Office -> Coffee Shop,5,0.057787810383747175,128,0.057787810383747175
Coffee Shop -> Gym / Fitness Center -> Train Station,3,0.05770147830233667,121,0.05770147830233667
Gym / Fitness Center -> Office -> Coffee Shop -> Office -> Train Station,5,0.05770147830233667,121,0.05770147830233667
Home (private) -> Bus Station,2,0.05758807588075881,85,0.05758807588075881
Park -> Office -> Coffee Shop -> Office,4,0.057492680330050575,216,0.057492680330050575
Office -> Coffee Shop -> Office -> Food & Drink Shop,4,0.05745489078822412,121,0.05745489078822412
Coffee Shop -> Gym / Fitness Center -> American Restaurant,3,0.05741626794258373,60,0.05741626794258373
Coffee Shop -> Office -> Building -> Coffee Shop,4,0.05733634311512415,127,0.05733634311512415
Coffee Shop -> Gym / Fitness Center -> Bar,3,0.057307249712313005,249,0.057307249712313005
Gym / Fitness Center -> Coffee Shop -> College Academic Building,3,0.05722670579603815,78,0.05722670579603815
Building -> Coffee Shop -> Office -> Coffee Shop -> Office,5,0.057226510513707744,215,0.057226510513707744
Coffee Shop -> Building -> Office -> Train Station,4,0.05722460658082976,120,0.05722460658082976
Office -> Subway -> Office -> Train Station,4,0.05722460658082976,120,0.05722460658082976
Deli / Bodega -> Coffee Shop -> Building,3,0.05719557195571956,62,0.05719557195571956
Deli / Bodega -> Office -> Coffee Shop -> Building,4,0.05719557195571956,62,0.05719557195571956
Office -> Deli / Bodega -> Coffee Shop -> Clothing Store,4,0.05707762557077625,50,0.05707762557077625
Office -> Neighborhood -> Office -> Clothing Store,4,0.05707762557077625,50,0.05707762557077625
Deli / Bodega -> Office -> Building -> Office -> Clothing Store,5,0.05707762557077625,50,0.05707762557077625
Office -> Coffee Shop -> Office -> Building -> Clothing Store,5,0.05707762557077625,50,0.05707762557077625
Hotel -> Office -> Coffee Shop -> Hotel,4,0.057074910820451845,48,0.057074910820451845
Office -> Building -> Office -> Coffee Shop -> Hotel,5,0.057074910820451845,48,0.057074910820451845
Hotel -> Deli / Bodega,2,0.05704971475142624,70,0.05704971475142624
Coffee Shop -> Gym / Fitness Center -> Office -> Deli / Bodega,4,0.05704971475142624,70,0.05704971475142624
Building -> Deli / Bodega -> Office,3,0.05696034069736492,214,0.05696034069736492
Coffee Shop -> Office -> Deli / Bodega -> Coffee Shop,4,0.05688487584650113,126,0.05688487584650113
Coffee Shop -> Office -> Deli / Bodega -> Coffee Shop -> Office,5,0.05688487584650113,214,0.05696034069736492
Coffee Shop -> Office -> Deli / Bodega -> Office -> Coffee Shop,5,0.05688487584650113,126,0.05688487584650113
Train Station -> Office -> Building -> Office,4,0.05669417088102209,213,0.05669417088102209
Office -> Building -> Office -> Bank,4,0.05663430420711974,35,0.05663430420711974
Food & Drink Shop -> Office -> Gym / Fitness Center,3,0.056627000410340585,138,0.056627000410340585
Bar -> Coffee Shop -> Office,3,0.05642800106467927,212,0.05642800106467927
Clothing Store -> Bar -> Pizza Place,3,0.05635838150289017,39,0.05635838150289017
Gym / Fitness Center -> Office -> Pizza Place,3,0.05635838150289017,39,0.05635838150289017
Park -> Building,2,0.05627306273062731,61,0.05627306273062731
Coffee Shop -> Subway -> Office -> Building,4,0.05627306273062731,61,0.05627306273062731
Coffee Shop -> Train Station -> Office -> Building,4,0.05627306273062731,61,0.05627306273062731
Gym / Fitness Center -> Office -> Building -> Office -> Building,5,0.05627306273062731,61,0.05627306273062731
Food & Drink Shop -> Train Station,2,0.05627086313781593,118,0.05627086313781593
Office -> Hotel -> Train Station,3,0.05627086313781593,118,0.05627086313781593
Coffee Shop -> Building -> Deli / Bodega,3,0.05623471882640587,69,0.05623471882640587
Coffee Shop -> Office -> Building -> Deli / Bodega,4,0.05623471882640587,69,0.05623471882640587
Office -> Train Station -> Office -> Deli / Bodega,4,0.05623471882640587,69,0.05623471882640587
Coffee Shop -> Office -> Bar,3,0.05615650172612198,244,0.05615650172612198
Coffee Shop -> Office -> Bar -> Hotel,4,0.05615650172612198,53,0.06302021403091558
Clothing Store -> Food & Drink Shop,2,0.0560303893637227,118,0.0560303893637227
American Restaurant -> Office -> Coffee Shop,3,0.05598194130925508,124,0.05598194130925508
Park -> Subway,2,0.05596269153897402,168,0.05596269153897402
Gym / Fitness Center -> Office -> Subway,3,0.05596269153897402,168,0.05596269153897402
Park -> Subway -> Office,3,0.05596269153897402,279,0.07426137875964865
Gym / Fitness Center -> Office -> Subway -> Clothing Store,4,0.05596269153897402,54,0.06164383561643835
Gym / Fitness Center -> Office -> Subway -> Office,4,0.05596269153897402,294,0.07825392600479106
Gym / Fitness Center -> Office -> Subway -> Office -> Clothing Store,5,0.05596269153897402,62,0.07077625570776255
Food & Drink Shop -> Park -> Clothing Store,3,0.05593607305936073,49,0.05593607305936073
Office -> Bar -> Office -> Clothing Store,4,0.05593607305936073,49,0.05593607305936073
Office -> Hotel -> Office -> Coffee Shop -> Clothing Store,5,0.05593607305936073,49,0.05593607305936073
Subway -> Coffee Shop -> Office -> Coffee Shop -> Clothing Store,5,0.05593607305936073,49,0.05593607305936073
Coffee Shop -> Subway -> Hotel,3,0.0558858501783591,47,0.0558858501783591
Train Station -> Office -> Train Station -> Hotel,4,0.0558858501783591,47,0.0558858501783591
Train Station -> Office -> Coffee Shop -> Office -> Hotel,5,0.0558858501783591,47,0.0558858501783591
Office -> Bar -> Office -> Train Station,4,0.055793991416309016,117,0.055793991416309016
Office -> Clothing Store -> Office -> Train Station,4,0.055793991416309016,117,0.055793991416309016
Office -> Coffee Shop -> Office -> Coffee Shop -> Train Station,5,0.055793991416309016,117,0.055793991416309016
Office -> Deli / Bodega -> Coffee Shop -> Office -> Train Station,5,0.055793991416309016,117,0.055793991416309016
Deli / Bodega -> Office -> College Academic Building,3,0.05575935436537051,76,0.05575935436537051
Deli / Bodega -> Office -> Coffee Shop -> Office -> Park,5,0.055666003976143144,84,0.055666003976143144
Office -> Park -> Coffee Shop -> Office,4,0.055629491615650783,209,0.055629491615650783
Office -> Gym / Fitness Center -> Office -> Coffee Shop -> Office,5,0.055629491615650783,209,0.055629491615650783
Office -> Train Station -> Office -> Train Station -> Office,5,0.055629491615650783,209,0.055629491615650783
Bar -> Office -> Coffee Shop,3,0.05553047404063206,123,0.05553047404063206
Coffee Shop -> Gym / Fitness Center -> Office -> Coffee Shop,4,0.05553047404063206,123,0.05553047404063206
Office -> Building -> Coffee Shop -> Office -> Coffee Shop,5,0.05553047404063206,123,0.05553047404063206
Deli / Bodega -> Office -> American Restaurant,3,0.05550239234449761,58,0.05550239234449761
Office -> Gym / Fitness Center -> Office -> American Restaurant,4,0.05550239234449761,58,0.05550239234449761
Deli / Bodega -> Building -> Deli / Bodega,3,0.05541972290138549,68,0.05541972290138549
Neighborhood -> Office -> Deli / Bodega,3,0.05541972290138549,68,0.05541972290138549
Office -> Hotel -> Office -> Deli / Bodega,4,0.05541972290138549,68,0.05541972290138549
Subway -> Office -> Coffee Shop -> Deli / Bodega,4,0.05541972290138549,68,0.05541972290138549
Office -> Building -> Office -> Coffee Shop -> Deli / Bodega,5,0.05541972290138549,68,0.05541972290138549
Coffee Shop -> Neighborhood -> Office,3,0.05536332179930796,208,0.05536332179930796
Office -> Deli / Bodega -> Office -> Deli / Bodega -> Office,5,0.05536332179930796,208,0.05536332179930796
Train Station -> Coffee Shop -> Office -> Building,4,0.055350553505535055,60,0.055350553505535055
Office -> Coffee Shop -> Building -> Office -> Building,5,0.055350553505535055,60,0.055350553505535055
Train Station -> Office -> Coffee Shop -> Office -> Building,5,0.055350553505535055,60,0.055350553505535055
Coffee Shop -> Deli / Bodega -> Office -> Train Station,4,0.055317119694802096,116,0.055317119694802096
Coffee Shop -> Office -> Gym / Fitness Center -> Train Station,4,0.055317119694802096,116,0.055317119694802096
Deli / Bodega -> Office -> Gym / Fitness Center -> Train Station,4,0.055317119694802096,116,0.055317119694802096
Deli / Bodega -> Subway,2,0.0552964690206529,166,0.0552964690206529
Deli / Bodega -> Subway -> Office,3,0.0552964690206529,237,0.06308224647324993
Deli / Bodega -> Food & Drink Shop,2,0.055080721747388414,116,0.055080721747388414
Train Station -> Office -> Train Station -> Office -> Coffee Shop,5,0.055079006772009026,122,0.055079006772009026
Gym / Fitness Center -> Coffee Shop -> Office -> College Academic Building,4,0.055025678650036686,75,0.055025678650036686
Hotel -> Bank,2,0.05501618122977346,34,0.05501618122977346
Coffee Shop -> Deli / Bodega -> Bank,3,0.05501618122977346,34,0.05501618122977346
Coffee Shop -> Office -> Deli / Bodega -> Bank,4,0.05501618122977346,34,0.05501618122977346
Gym / Fitness Center -> Office -> Deli / Bodega -> Bank,4,0.05501618122977346,34,0.05501618122977346
Coffee Shop -> Office -> Deli / Bodega -> Office -> Bank,5,0.05501618122977346,34,0.05501618122977346
Coffee Shop -> Food & Drink Shop -> Park,3,0.05500331345261763,83,0.05500331345261763
Gym / Fitness Center -> Office -> Gym / Fitness Center -> Park,4,0.05500331345261763,83,0.05500331345261763
Coffee Shop -> Office -> Gym / Fitness Center -> Office -> Park,5,0.05500331345261763,83,0.05500331345261763
Deli / Bodega -> Gym / Fitness Center,2,0.054985638079606075,134,0.054985638079606075
Deli / Bodega -> Gym / Fitness Center -> Office,3,0.054985638079606075,252,0.06707479371839234
Deli / Bodega -> Gym / Fitness Center -> Office -> Clothing Store,4,0.054985638079606075,52,0.0593607305936073
Deli / Bodega -> Gym / Fitness Center -> Office -> Deli / Bodega,4,0.054985638079606075,72,0.05867970660146699
Building -> Pizza Place,2,0.05491329479768786,38,0.05491329479768786
Drugstore / Pharmacy -> Pizza Place,2,0.05491329479768786,38,0.05491329479768786
Bank -> Clothing Store,2,0.0547945205479452,48,0.0547945205479452
Gym / Fitness Center -> American Restaurant -> Clothing Store,3,0.0547945205479452,48,0.0547945205479452
Park -> Food & Drink Shop -> Clothing Store,3,0.0547945205479452,48,0.0547945205479452
Subway -> Bar -> Clothing Store,3,0.0547945205479452,48,0.0547945205479452
Building -> Deli / Bodega -> Office -> Clothing Store,4,0.0547945205479452,48,0.0547945205479452
Office -> Coffee Shop -> Building -> Clothing Store,4,0.0547945205479452,48,0.0547945205479452
Park -> Coffee Shop -> Office -> Clothing Store,4,0.0547945205479452,48,0.0547945205479452
Drugstore / Pharmacy -> Hotel,2,0.054696789536266346,46,0.054696789536266346
Pizza Place -> Hotel,2,0.054696789536266346,46,0.054696789536266346
Bar -> Bus Station -> Hotel,3,0.054696789536266346,46,0.054696789536266346
Office -> American Restaurant -> Hotel,3,0.054696789536266346,46,0.054696789536266346
Gym / Fitness Center -> Office -> Building -> Office -> Hotel,5,0.054696789536266346,46,0.054696789536266346
Food & Drink Shop -> Office -> Coffee Shop,3,0.054627539503386,121,0.054627539503386
Office -> Deli / Bodega -> Coffee Shop -> Office -> Deli / Bodega,5,0.05460472697636512,67,0.05460472697636512
Coffee Shop -> Office -> Coffee Shop -> Gym / Fitness Center,4,0.05457529749692244,133,0.05457529749692244
Office -> Hotel -> Office -> Coffee Shop -> Office,5,0.054564812350279476,205,0.054564812350279476
Coffee Shop -> Office -> Coffee Shop -> Office -> American Restaurant,5,0.05454545454545454,57,0.05454545454545454
College Academic Building -> Building,2,0.0544280442804428,59,0.0544280442804428
Park -> Office -> Building,3,0.0544280442804428,59,0.0544280442804428
Train Station -> Office -> Coffee Shop -> Building,4,0.0544280442804428,59,0.0544280442804428
Gym / Fitness Center -> Office -> Deli / Bodega -> Office -> Building,5,0.0544280442804428,59,0.0544280442804428
Subway -> Office -> Coffee Shop -> Office -> Building,5,0.0544280442804428,59,0.0544280442804428
Building -> Office -> Drugstore / Pharmacy,3,0.05441354292623942,45,0.05441354292623942
Building -> Coffee Shop -> Office -> Train Station,4,0.05436337625178827,114,0.05436337625178827
Coffee Shop -> Office -> Coffee Shop -> Office -> Park,5,0.054340622929092114,82,0.054340622929092114
Bar -> Gym / Fitness Center -> Bar,3,0.05431530494821634,236,0.05431530494821634
Subway -> Office -> Building -> Office,4,0.05429864253393665,204,0.05429864253393665
Subway -> Office -> Building -> Office -> Clothing Store,5,0.05429864253393665,50,0.05707762557077625
Train Station -> Coffee Shop -> Office -> Coffee Shop,4,0.05417607223476298,120,0.05417607223476298
Train Station -> Coffee Shop -> Office -> Coffee Shop -> Clothing Store,5,0.05417607223476298,52,0.0593607305936073
Train Station -> Coffee Shop -> Office -> Coffee Shop -> Office,5,0.05417607223476298,207,0.05509715198296513
Gym / Fitness Center -> Office -> Bar,3,0.05408515535097814,235,0.05408515535097814
Gym / Fitness Center -> Office -> Bar -> Clothing Store,4,0.05408515535097814,53,0.06050228310502283
Gym / Fitness Center -> Office -> Bar -> Hotel,4,0.05408515535097814,47,0.0558858501783591
Train Station -> Coffee Shop -> Train Station -> Office,4,0.05403247271759382,203,0.05403247271759382
Train Station -> Coffee Shop -> Train Station -> Office -> Clothing Store,5,0.05403247271759382,57,0.06506849315068493
Train Station -> Coffee Shop -> Train Station -> Office -> Train Station,5,0.05403247271759382,134,0.06390081068192656
American Restaurant -> Office -> Train Station,3,0.053886504530281355,113,0.053886504530281355
American Restaurant -> Office -> Deli / Bodega,3,0.05378973105134474,66,0.05378973105134474
Office -> Subway -> Deli / Bodega,3,0.05378973105134474,66,0.05378973105134474
Neighborhood -> Coffee Shop,2,0.053724604966139955,119,0.053724604966139955
Bar -> Office -> Coffee Shop -> Clothing Store,4,0.05365296803652968,47,0.05365296803652968
Deli / Bodega -> Office -> Building -> Clothing Store,4,0.05365296803652968,47,0.05365296803652968
Deli / Bodega -> Office -> Deli / Bodega -> Clothing Store,4,0.05365296803652968,47,0.05365296803652968
Subway -> Office -> Food & Drink Shop -> Clothing Store,4,0.05365296803652968,47,0.05365296803652968
Coffee Shop -> Building -> Office -> Coffee Shop -> Clothing Store,5,0.05365296803652968,47,0.05365296803652968
Coffee Shop -> Office -> Building -> Coffee Shop -> Clothing Store,5,0.05365296803652968,47,0.05365296803652968
Coffee Shop -> Office -> Neighborhood -> Office -> Clothing Store,5,0.05365296803652968,47,0.05365296803652968
Train Station -> Office -> Building -> Office -> Clothing Store,5,0.05365296803652968,47,0.05365296803652968
Building -> Office -> American Restaurant,3,0.053588516746411484,56,0.053588516746411484
Gym / Fitness Center -> Coffee Shop -> American Restaurant,3,0.053588516746411484,56,0.053588516746411484
Drugstore / Pharmacy -> Bus Station,2,0.0535230352303523,79,0.0535230352303523
Building -> Office -> Gym / Fitness Center -> Hotel,4,0.0535077288941736,45,0.0535077288941736
Gym / Fitness Center -> Office -> Deli / Bodega -> Office -> Hotel,5,0.0535077288941736,45,0.0535077288941736
Gym / Fitness Center -> Office -> Gym / Fitness Center -> Office -> Hotel,5,0.0535077288941736,45,0.0535077288941736
Hotel -> Office -> Coffee Shop -> Office -> Hotel,5,0.0535077288941736,45,0.0535077288941736
Bank -> Office -> Building,3,0.05350553505535055,58,0.05350553505535055
Coffee Shop -> Gym / Fitness Center -> Building,3,0.05350553505535055,58,0.05350553505535055
Coffee Shop -> Office -> Deli / Bodega -> Office -> Building,5,0.05350553505535055,58,0.05350553505535055
Office -> Coffee Shop -> Pizza Place,3,0.05346820809248555,37,0.05346820809248555
Hotel -> Coffee Shop -> Office -> Train Station,4,0.05340963280877444,112,0.05340963280877444
Gym / Fitness Center -> Subway -> Bank,3,0.05339805825242718,33,0.05339805825242718
Office -> Subway -> Bank,3,0.05339805825242718,33,0.05339805825242718
Park -> Office -> Bank,3,0.05339805825242718,33,0.05339805825242718
Coffee Shop -> Gym / Fitness Center -> Office -> Bank,4,0.05339805825242718,33,0.05339805825242718
Deli / Bodega -> Office -> Deli / Bodega -> Office -> Bank,5,0.05339805825242718,33,0.05339805825242718
Home (private) -> Subway,2,0.05329780146568954,160,0.05329780146568954
Gym / Fitness Center -> Office -> Building -> Office -> Coffee Shop,5,0.05327313769751693,118,0.05327313769751693
Gym / Fitness Center -> Office -> Park -> Office,4,0.053233963268565346,200,0.053233963268565346
Gym / Fitness Center -> Coffee Shop -> Office -> Gym / Fitness Center -> Office,5,0.053233963268565346,200,0.053233963268565346
Train Station -> Drugstore / Pharmacy,2,0.053204353083434096,44,0.053204353083434096
Office -> Gym / Fitness Center -> Drugstore / Pharmacy,3,0.053204353083434096,44,0.053204353083434096
Office -> Gym / Fitness Center -> Office -> Food & Drink Shop,4,0.05318138651471985,112,0.05318138651471985
Gym / Fitness Center -> Food & Drink Shop -> Park,3,0.053015241882041084,80,0.053015241882041084
Park -> Clothing Store -> Park,3,0.053015241882041084,80,0.053015241882041084
Gym / Fitness Center -> Office -> Subway -> Office -> Park,5,0.053015241882041084,80,0.053015241882041084
Deli / Bodega -> Office -> Gym / Fitness Center -> Office -> Deli / Bodega,5,0.05297473512632437,65,0.05297473512632437
Office -> Coffee Shop -> Deli / Bodega -> Office -> Deli / Bodega,5,0.05297473512632437,65,0.05297473512632437
Coffee Shop -> Office -> Clothing Store -> Office,4,0.052967793452222516,199,0.052967793452222516
Coffee Shop -> Office -> Clothing Store -> Office -> Clothing Store,5,0.052967793452222516,72,0.0821917808219178
Deli / Bodega -> Coffee Shop -> Office -> Coffee Shop -> Office,5,0.052967793452222516,199,0.052967793452222516
Coffee Shop -> Gym / Fitness Center -> Office -> Gym / Fitness Center,4,0.05293393516618793,129,0.05293393516618793
Home (private) -> Train Station,2,0.05293276108726753,111,0.05293276108726753
Park -> College Academic Building,2,0.05282465150403522,72,0.05282465150403522
Coffee Shop -> Gym / Fitness Center -> College Academic Building,3,0.05282465150403522,72,0.05282465150403522
Office -> Hotel -> Coffee Shop,3,0.05282167042889391,117,0.05282167042889391
Office -> Coffee Shop -> Building -> Coffee Shop,4,0.05282167042889391,117,0.05282167042889391
Office -> Hotel -> Coffee Shop -> Clothing Store,4,0.05282167042889391,50,0.05707762557077625
Subway -> Office -> Coffee Shop -> Office -> Coffee Shop,5,0.05282167042889391,117,0.05282167042889391
Office -> Gym / Fitness Center -> Food & Drink Shop,3,0.05270655270655271,111,0.05270655270655271
College Academic Building -> Bar,2,0.052704257767548904,229,0.052704257767548904
Bar -> Office -> American Restaurant,3,0.05263157894736842,55,0.05263157894736842
Park -> Bar -> American Restaurant,3,0.05263157894736842,55,0.05263157894736842
Bank -> Building,2,0.052583025830258305,57,0.052583025830258305
Coffee Shop -> Deli / Bodega -> Building,3,0.052583025830258305,57,0.052583025830258305
Gym / Fitness Center -> Building -> Office -> Building,4,0.052583025830258305,57,0.052583025830258305
Office -> Deli / Bodega -> Coffee Shop -> Office -> Building,5,0.052583025830258305,57,0.052583025830258305
College Academic Building -> Gym / Fitness Center,2,0.05252359458350431,128,0.05252359458350431
Office -> Subway -> Office -> Gym / Fitness Center,4,0.05252359458350431,128,0.05252359458350431
Park -> Gym / Fitness Center -> Clothing Store,3,0.05251141552511415,46,0.05251141552511415
American Restaurant -> Office -> Coffee Shop -> Clothing Store,4,0.05251141552511415,46,0.05251141552511415
Coffee Shop -> Building -> Coffee Shop -> Clothing Store,4,0.05251141552511415,46,0.05251141552511415
Deli / Bodega -> Building -> Office -> Clothing Store,4,0.05251141552511415,46,0.05251141552511415
Park -> Gym / Fitness Center -> Office -> Clothing Store,4,0.05251141552511415,46,0.05251141552511415
Building -> Office -> Building -> Office -> Clothing Store,5,0.05251141552511415,46,0.05251141552511415
Coffee Shop -> Deli / Bodega -> Coffee Shop -> Office -> Clothing Store,5,0.05251141552511415,46,0.05251141552511415
Coffee Shop -> Office -> Coffee Shop -> Gym / Fitness Center -> Clothing Store,5,0.05251141552511415,46,0.05251141552511415
Gym / Fitness Center -> Office -> Park -> Office -> Clothing Store,5,0.05251141552511415,46,0.05251141552511415
Deli / Bodega -> Bar,2,0.0524741081703107,228,0.0524741081703107
Clothing Store -> Train Station,2,0.05245588936576061,110,0.05245588936576061
Office -> Food & Drink Shop -> Coffee Shop,3,0.05237020316027088,116,0.05237020316027088
Coffee Shop -> Office -> Gym / Fitness Center -> Coffee Shop,4,0.05237020316027088,116,0.05237020316027088
Gym / Fitness Center -> Deli / Bodega -> Office -> Coffee Shop,4,0.05237020316027088,116,0.05237020316027088
Gym / Fitness Center -> Deli / Bodega -> Office -> Coffee Shop -> Office,5,0.05237020316027088,203,0.05403247271759382
Subway -> Coffee Shop -> Hotel,3,0.052318668252080855,44,0.052318668252080855
Coffee Shop -> Office -> Hotel -> Office,4,0.05216928400319404,196,0.05216928400319404
Coffee Shop -> Office -> Building -> Coffee Shop -> Office,5,0.05216928400319404,196,0.05216928400319404
Coffee Shop -> Office -> Hotel -> Office -> Clothing Store,5,0.05216928400319404,49,0.05593607305936073
Coffee Shop -> Office -> Hotel -> Office -> Hotel,5,0.05216928400319404,46,0.054696789536266346
Office -> Building -> Coffee Shop -> Deli / Bodega,4,0.05215973920130399,64,0.05215973920130399
Subway -> Coffee Shop -> Office -> Deli / Bodega,4,0.05215973920130399,64,0.05215973920130399
Office -> Bar -> Gym / Fitness Center,3,0.05211325400082068,127,0.05211325400082068
Office -> Gym / Fitness Center -> College Academic Building,3,0.052090975788701394,71,0.052090975788701394
Deli / Bodega -> Office -> Pizza Place,3,0.05202312138728324,36,0.05202312138728324
Food & Drink Shop -> Bar -> Pizza Place,3,0.05202312138728324,36,0.05202312138728324
Subway -> Office -> Pizza Place,3,0.05202312138728324,36,0.05202312138728324
Neighborhood -> Drugstore / Pharmacy,2,0.05199516324062878,43,0.05199516324062878
Coffee Shop -> Gym / Fitness Center -> Drugstore / Pharmacy,3,0.05199516324062878,43,0.05199516324062878
Office -> Train Station -> Office -> Coffee Shop -> Train Station,5,0.051979017644253694,109,0.051979017644253694
Train Station -> Office -> Building -> Office -> Train Station,5,0.051979017644253694,109,0.051979017644253694
Coffee Shop -> Gym / Fitness Center -> Bank,3,0.05177993527508091,32,0.05177993527508091
Coffee Shop -> Office -> Gym / Fitness Center -> Bank,4,0.05177993527508091,32,0.05177993527508091
Coffee Shop -> Office -> Gym / Fitness Center -> Office -> Bank,5,0.05177993527508091,32,0.05177993527508091
American Restaurant -> Food & Drink Shop,2,0.051756885090218425,109,0.051756885090218425
Deli / Bodega -> Office -> Food & Drink Shop,3,0.051756885090218425,109,0.051756885090218425
Office -> Park -> Food & Drink Shop,3,0.051756885090218425,109,0.051756885090218425
Gym / Fitness Center -> Coffee Shop -> Office -> Food & Drink Shop,4,0.051756885090218425,109,0.051756885090218425
Gym / Fitness Center -> Office -> Coffee Shop -> Office -> Gym / Fitness Center,5,0.051702913418137056,126,0.051702913418137056
Park -> Bar -> Park,3,0.05168986083499006,78,0.05168986083499006
Coffee Shop -> Office -> Subway -> Office -> Park,5,0.05168986083499006,78,0.05168986083499006
Office -> Food & Drink Shop -> American Restaurant,3,0.05167464114832536,54,0.05167464114832536
Coffee Shop -> Subway -> Building,3,0.05166051660516605,56,0.05166051660516605
Office -> Hotel -> Building,3,0.05166051660516605,56,0.05166051660516605
Coffee Shop -> Gym / Fitness Center -> Office -> Building,4,0.05166051660516605,56,0.05166051660516605
College Academic Building -> Office,2,0.051636944370508385,194,0.051636944370508385
College Academic Building -> Office -> College Academic Building,3,0.051636944370508385,77,0.05649303008070433
Subway -> Gym / Fitness Center -> Office,3,0.051636944370508385,194,0.051636944370508385
Subway -> Gym / Fitness Center -> Office -> Clothing Store,4,0.051636944370508385,50,0.05707762557077625
Train Station -> Building -> Train Station,3,0.05150214592274678,108,0.05150214592274678
Office -> Deli / Bodega -> Office -> Gym / Fitness Center -> Train Station,5,0.05150214592274678,108,0.05150214592274678
Clothing Store -> Building -> Clothing Store,3,0.05136986301369863,45,0.05136986301369863
Food & Drink Shop -> American Restaurant -> Clothing Store,3,0.05136986301369863,45,0.05136986301369863
Food & Drink Shop -> Office -> Food & Drink Shop -> Clothing Store,4,0.05136986301369863,45,0.05136986301369863
Office -> Park -> Coffee Shop -> Clothing Store,4,0.05136986301369863,45,0.05136986301369863
Train Station -> Office -> Building -> Clothing Store,4,0.05136986301369863,45,0.05136986301369863
Deli / Bodega -> Coffee Shop -> Office -> Coffee Shop -> Clothing Store,5,0.05136986301369863,45,0.05136986301369863
Gym / Fitness Center -> Coffee Shop -> Office -> Food & Drink Shop -> Clothing Store,5,0.05136986301369863,45,0.05136986301369863
Office -> Building -> Office -> Gym / Fitness Center -> Clothing Store,5,0.05136986301369863,45,0.05136986301369863
Office -> Gym / Fitness Center -> Office -> Gym / Fitness Center -> Clothing Store,5,0.05136986301369863,45,0.05136986301369863
Medical Center -> College Academic Building,2,0.05135730007336757,70,0.05135730007336757
Building -> Deli / Bodega -> Office -> Deli / Bodega,4,0.05134474327628362,63,0.05134474327628362
Deli / Bodega -> Park -> Office -> Deli / Bodega,4,0.05134474327628362,63,0.05134474327628362
Office -> Building -> Coffee Shop -> Office -> Deli / Bodega,5,0.05134474327628362,63,0.05134474327628362
Train Station -> Office -> Coffee Shop -> Office -> Deli / Bodega,5,0.05134474327628362,63,0.05134474327628362
Train Station -> Office -> Train Station -> Office -> Deli / Bodega,5,0.05134474327628362,63,0.05134474327628362
Home (private) -> Medical Center,2,0.05116796440489433,46,0.05116796440489433
Coffee Shop -> Clothing Store -> Hotel,3,0.05112960760998811,43,0.05112960760998811
Gym / Fitness Center -> Subway -> Office -> Hotel,4,0.05112960760998811,43,0.05112960760998811
Office -> Gym / Fitness Center -> Bar -> Hotel,4,0.05112960760998811,43,0.05112960760998811
Building -> Office -> Building -> Office -> Hotel,5,0.05112960760998811,43,0.05112960760998811
Coffee Shop -> Office -> Clothing Store -> Office -> Hotel,5,0.05112960760998811,43,0.05112960760998811
Building -> Office -> Gym / Fitness Center -> Office,4,0.05110460473782273,192,0.05110460473782273
Gym / Fitness Center -> Coffee Shop -> Gym / Fitness Center -> Office,4,0.05110460473782273,192,0.05110460473782273
Building -> Office -> Gym / Fitness Center -> Office -> Clothing Store,5,0.05110460473782273,73,0.08333333333333333
Building -> Office -> Gym / Fitness Center -> Office -> Hotel,5,0.05110460473782273,47,0.0558858501783591
Food & Drink Shop -> Gym / Fitness Center -> Park,3,0.051027170311464545,77,0.051027170311464545
Gym / Fitness Center -> Clothing Store -> Park,3,0.051027170311464545,77,0.051027170311464545
Gym / Fitness Center -> Office -> Food & Drink Shop -> Park,4,0.051027170311464545,77,0.051027170311464545
Gym / Fitness Center -> Park -> Office -> Park,4,0.051027170311464545,77,0.051027170311464545
Gym / Fitness Center -> Subway -> Office -> Park,4,0.051027170311464545,77,0.051027170311464545
Deli / Bodega -> Office -> Gym / Fitness Center -> Office -> Park,5,0.051027170311464545,77,0.051027170311464545
Gym / Fitness Center -> Office -> Gym / Fitness Center -> Office -> Park,5,0.051027170311464545,77,0.051027170311464545
Office -> Subway -> Train Station,3,0.05102527420123987,107,0.05102527420123987
Building -> Office -> Gym / Fitness Center -> Train Station,4,0.05102527420123987,107,0.05102527420123987
Hotel -> Coffee Shop -> Office -> Coffee Shop,4,0.051015801354401806,113,0.051015801354401806
Deli / Bodega -> Office -> Deli / Bodega -> Office -> Coffee Shop,5,0.051015801354401806,113,0.051015801354401806
Train Station -> Office -> Coffee Shop -> Office -> Coffee Shop,5,0.051015801354401806,113,0.051015801354401806
Neighborhood -> Office -> Building,3,0.0507380073800738,55,0.0507380073800738
Coffee Shop -> Office -> Gym / Fitness Center -> Building,4,0.0507380073800738,55,0.0507380073800738
Coffee Shop -> Gym / Fitness Center -> Office -> American Restaurant,4,0.05071770334928229,53,0.05071770334928229
College Academic Building -> Coffee Shop -> College Academic Building,3,0.05062362435803375,69,0.05062362435803375
Office -> Gym / Fitness Center -> Office -> College Academic Building,4,0.05062362435803375,69,0.05062362435803375
Coffee Shop -> Clothing Store -> Office,3,0.05057226510513708,190,0.05057226510513708
Coffee Shop -> Clothing Store -> Office -> Clothing Store,4,0.05057226510513708,71,0.08105022831050228
Coffee Shop -> Clothing Store -> Office -> Hotel,4,0.05057226510513708,44,0.052318668252080855
Hotel -> Office -> Gym / Fitness Center -> Office,4,0.05057226510513708,190,0.05057226510513708
Park -> Office -> Deli / Bodega -> Office,4,0.05057226510513708,190,0.05057226510513708
Hotel -> Office -> Gym / Fitness Center -> Office -> Clothing Store,5,0.05057226510513708,57,0.06506849315068493
Drugstore / Pharmacy -> Coffee Shop,2,0.05056433408577878,112,0.05056433408577878
Coffee Shop -> Train Station -> Office -> Coffee Shop,4,0.05056433408577878,112,0.05056433408577878
Coffee Shop -> Office -> Train Station -> Office -> Coffee Shop,5,0.05056433408577878,112,0.05056433408577878
Coffee Shop -> Train Station -> Office -> Coffee Shop -> Clothing Store,5,0.05056433408577878,45,0.05136986301369863
Subway -> Office -> Coffee Shop -> Office -> Train Station,5,0.050548402479732954,106,0.050548402479732954
Drugstore / Pharmacy -> Deli / Bodega,2,0.05052974735126324,62,0.05052974735126324
Office -> Park -> Office -> Deli / Bodega,4,0.05052974735126324,62,0.05052974735126324
Coffee Shop -> Office -> Gym / Fitness Center -> Office -> Deli / Bodega,5,0.05052974735126324,62,0.05052974735126324
Office -> Deli / Bodega -> Office -> Coffee Shop -> Deli / Bodega,5,0.05052974735126324,62,0.05052974735126324
Coffee Shop -> Office -> Building -> Office -> Gym / Fitness Center,5,0.05047189167008617,123,0.05047189167008617
Food & Drink Shop -> Residential Building (Apartment / Condo),2,0.05042816365366318,53,0.05042816365366318
Subway -> Residential Building (Apartment / Condo),2,0.05042816365366318,53,0.05042816365366318
Drugstore / Pharmacy -> Park,2,0.05036447978793903,76,0.05036447978793903
Gym / Fitness Center -> Coffee Shop -> Park,3,0.05036447978793903,76,0.05036447978793903
Coffee Shop -> Office -> Deli / Bodega -> Office -> Park,5,0.05036447978793903,76,0.05036447978793903
Building -> Food & Drink Shop,2,0.050332383665717,106,0.050332383665717
Drugstore / Pharmacy -> Coffee Shop -> Office,3,0.05030609528879425,189,0.05030609528879425
Gym / Fitness Center -> Hotel -> Office,3,0.05030609528879425,189,0.05030609528879425
Office -> Bank -> Office,3,0.05030609528879425,189,0.05030609528879425
Gym / Fitness Center -> Hotel -> Office -> Clothing Store,4,0.05030609528879425,46,0.05251141552511415
Office -> Bank -> Office -> Clothing Store,4,0.05030609528879425,50,0.05707762557077625
Building -> Gym / Fitness Center -> Clothing Store,3,0.0502283105022831,44,0.0502283105022831
Food & Drink Shop -> Bar -> Clothing Store,3,0.0502283105022831,44,0.0502283105022831
Office -> American Restaurant -> Clothing Store,3,0.0502283105022831,44,0.0502283105022831
Subway -> Office -> Building -> Clothing Store,4,0.0502283105022831,44,0.0502283105022831
Office -> Subway -> Office -> Park -> Clothing Store,5,0.0502283105022831,44,0.0502283105022831
Deli / Bodega -> Office -> Coffee Shop -> Bank,4,0.05016181229773463,31,0.05016181229773463
Office -> Subway -> Office -> Bank,4,0.05016181229773463,31,0.05016181229773463
Coffee Shop -> Office -> Coffee Shop -> Office -> Bank,5,0.05016181229773463,31,0.05016181229773463
Office -> Building -> Coffee Shop -> Office -> Train Station,5,0.05007153075822604,105,0.05007153075822604
Deli / Bodega -> Office -> Coffee Shop -> Office -> Gym / Fitness Center,5,0.050061551087402546,122,0.050061551087402546
Coffee Shop -> Office -> Coffee Shop -> Building -> Office,5,0.050039925472451424,188,0.050039925472451424
Office -> Coffee Shop -> Bar,3,0.04994246260069045,217,0.04994246260069045
Office -> Coffee Shop -> Bar -> Hotel,4,0.04994246260069045,43,0.05112960760998811
Bar -> Gym / Fitness Center -> Hotel,3,0.04994054696789536,42,0.04994054696789536
Coffee Shop -> Deli / Bodega -> Hotel,3,0.04994054696789536,42,0.04994054696789536
Coffee Shop -> Office -> Train Station -> Hotel,4,0.04994054696789536,42,0.04994054696789536
Coffee Shop -> Office -> Train Station -> Office -> Hotel,5,0.04994054696789536,42,0.04994054696789536
Deli / Bodega -> Office -> Deli / Bodega -> Office -> Hotel,5,0.04994054696789536,42,0.04994054696789536
Deli / Bodega -> Office -> Gym / Fitness Center -> Office -> Hotel,5,0.04994054696789536,42,0.04994054696789536
Office -> Hotel -> Office -> Coffee Shop -> Hotel,5,0.04994054696789536,42,0.04994054696789536
Food & Drink Shop -> College Academic Building,2,0.049889948642699924,68,0.049889948642699924
Clothing Store -> Office -> Building,3,0.04981549815498155,54,0.04981549815498155
Office -> Building -> Office -> Coffee Shop -> Building,5,0.04981549815498155,54,0.04981549815498155
Building -> Office -> Train Station -> Office,4,0.049773755656108594,187,0.049773755656108594
Office -> Deli / Bodega -> Building -> Office,4,0.049773755656108594,187,0.049773755656108594
Building -> Office -> Train Station -> Office -> Clothing Store,5,0.049773755656108594,45,0.05136986301369863
Building -> Office -> Train Station -> Office -> Train Station,5,0.049773755656108594,123,0.058655221745350504
Office -> Deli / Bodega -> Building -> Office -> Deli / Bodega,5,0.049773755656108594,66,0.05378973105134474
Bar -> Gym / Fitness Center -> American Restaurant,3,0.049760765550239235,52,0.049760765550239235
Office -> Clothing Store -> American Restaurant,3,0.049760765550239235,52,0.049760765550239235
Coffee Shop -> Gym / Fitness Center -> Deli / Bodega,3,0.04971475142624287,61,0.04971475142624287
Park -> Deli / Bodega -> Office -> Deli / Bodega,4,0.04971475142624287,61,0.04971475142624287
Gym / Fitness Center -> Coffee Shop -> Office -> Coffee Shop -> Deli / Bodega,5,0.04971475142624287,61,0.04971475142624287
Coffee Shop -> Bar -> Park,3,0.04970178926441352,75,0.04970178926441352
Neighborhood -> Office -> Coffee Shop,3,0.04966139954853273,110,0.04966139954853273
Building -> Office -> Coffee Shop -> Office -> Gym / Fitness Center,5,0.049651210504718914,121,0.049651210504718914
Office -> Building -> Train Station,3,0.04959465903671912,104,0.04959465903671912
Office -> Hotel -> Coffee Shop -> Office,4,0.04950758583976577,186,0.04950758583976577
Office -> Hotel -> Coffee Shop -> Office -> Hotel,5,0.04950758583976577,42,0.04994054696789536
Bar -> Coffee Shop -> Bar,3,0.049252013808975835,214,0.049252013808975835
Subway -> Deli / Bodega -> Office,3,0.04924141602342295,185,0.04924141602342295
Office -> Park -> Gym / Fitness Center,3,0.04924086992203529,120,0.04924086992203529
Bank -> Coffee Shop,2,0.049209932279909704,109,0.049209932279909704
Bank -> Office -> Coffee Shop,3,0.049209932279909704,109,0.049209932279909704
Coffee Shop -> Subway -> Coffee Shop,3,0.049209932279909704,109,0.049209932279909704
Bank -> Office -> Coffee Shop -> Office,4,0.049209932279909704,187,0.049773755656108594
Coffee Shop -> Subway -> Coffee Shop -> Office,4,0.049209932279909704,226,0.06015437849347884
Gym / Fitness Center -> Office -> Deli / Bodega -> Coffee Shop,4,0.049209932279909704,109,0.049209932279909704
Coffee Shop -> Subway -> Coffee Shop -> Office -> Clothing Store,5,0.049209932279909704,53,0.06050228310502283
Gym / Fitness Center -> Office -> Deli / Bodega -> Coffee Shop -> Office,5,0.049209932279909704,206,0.05483098216662231
Building -> Office -> College Academic Building,3,0.0491562729273661,67,0.0491562729273661
Coffee Shop -> Office -> Coffee Shop -> Office -> Pizza Place,5,0.049132947976878616,34,0.049132947976878616
Coffee Shop -> Train Station -> Clothing Store,3,0.04908675799086758,43,0.04908675799086758
Gym / Fitness Center -> Deli / Bodega -> Clothing Store,3,0.04908675799086758,43,0.04908675799086758
Office -> College Academic Building -> Clothing Store,3,0.04908675799086758,43,0.04908675799086758
Train Station -> Coffee Shop -> Clothing Store,3,0.04908675799086758,43,0.04908675799086758
Bank -> Office -> Coffee Shop -> Clothing Store,4,0.04908675799086758,43,0.04908675799086758
Coffee Shop -> Gym / Fitness Center -> Bar -> Clothing Store,4,0.04908675799086758,43,0.04908675799086758
Coffee Shop -> Gym / Fitness Center -> Coffee Shop -> Clothing Store,4,0.04908675799086758,43,0.04908675799086758
Office -> Gym / Fitness Center -> Bar -> Clothing Store,4,0.04908675799086758,43,0.04908675799086758
Train Station -> Office -> Train Station -> Clothing Store,4,0.04908675799086758,43,0.04908675799086758
Bank -> Office -> Coffee Shop -> Office -> Clothing Store,5,0.04908675799086758,43,0.04908675799086758
Gym / Fitness Center -> Coffee Shop -> Gym / Fitness Center -> Office -> Clothing Store,5,0.04908675799086758,43,0.04908675799086758
College Academic Building -> Park,2,0.04903909874088801,74,0.04903909874088801
Coffee Shop -> Office -> Coffee Shop -> Park,4,0.04903909874088801,74,0.04903909874088801
Office -> Building -> Office -> Park,4,0.04903909874088801,74,0.04903909874088801
Office -> Food & Drink Shop -> Office -> Park,4,0.04903909874088801,74,0.04903909874088801
Park -> Gym / Fitness Center -> Office -> Park,4,0.04903909874088801,74,0.04903909874088801
Building -> Office -> Coffee Shop -> Office -> Park,5,0.04903909874088801,74,0.04903909874088801
Bar -> Office -> Coffee Shop -> Office,4,0.04897524620708012,184,0.04897524620708012
Office -> Coffee Shop -> Office -> Subway,4,0.048967355096602265,147,0.048967355096602265
Office -> Coffee Shop -> Office -> Subway -> Office,5,0.048967355096602265,225,0.05988820867713601
College Academic Building -> Medical Center,2,0.048943270300333706,44,0.048943270300333706
Drugstore / Pharmacy -> Office -> Deli / Bodega,3,0.0488997555012225,60,0.0488997555012225
Office -> Park -> Deli / Bodega,3,0.0488997555012225,60,0.0488997555012225
Train Station -> Office -> Coffee Shop -> Deli / Bodega,4,0.0488997555012225,60,0.0488997555012225
Subway -> Office -> Coffee Shop -> Office -> Deli / Bodega,5,0.0488997555012225,60,0.0488997555012225
Office -> Train Station -> Building,3,0.048892988929889296,53,0.048892988929889296
Coffee Shop -> Office -> Deli / Bodega -> Building,4,0.048892988929889296,53,0.048892988929889296
Gym / Fitness Center -> Office -> Deli / Bodega -> Building,4,0.048892988929889296,53,0.048892988929889296
Subway -> Coffee Shop -> Office -> Building,4,0.048892988929889296,53,0.048892988929889296
Building -> Office -> Building -> Office -> Building,5,0.048892988929889296,53,0.048892988929889296
Deli / Bodega -> Office -> Deli / Bodega -> Office -> Building,5,0.048892988929889296,53,0.048892988929889296
Hotel -> Office -> American Restaurant,3,0.04880382775119617,51,0.04880382775119617
Other Great Outdoors -> Bus Station,2,0.04878048780487805,72,0.04878048780487805
Clothing Store -> Office -> Coffee Shop,3,0.04875846501128668,108,0.04875846501128668
Clothing Store -> Office -> Coffee Shop -> Clothing Store,4,0.04875846501128668,44,0.0502283105022831
Bar -> Coffee Shop -> Hotel,3,0.04875148632580262,41,0.04875148632580262
Bar -> Subway -> Hotel,3,0.04875148632580262,41,0.04875148632580262
Coffee Shop -> Building -> Hotel,3,0.04875148632580262,41,0.04875148632580262
Office -> Deli / Bodega -> Hotel,3,0.04875148632580262,41,0.04875148632580262
Office -> Neighborhood -> Hotel,3,0.04875148632580262,41,0.04875148632580262
Subway -> Office -> Coffee Shop -> Hotel,4,0.04875148632580262,41,0.04875148632580262
Coffee Shop -> Deli / Bodega -> Coffee Shop -> Office -> Hotel,5,0.04875148632580262,41,0.04875148632580262
Office -> Gym / Fitness Center -> Coffee Shop -> Office -> Hotel,5,0.04875148632580262,41,0.04875148632580262
Office -> Subway -> Coffee Shop -> Office -> Hotel,5,0.04875148632580262,41,0.04875148632580262
Subway -> Office -> Building -> Office -> Hotel,5,0.04875148632580262,41,0.04875148632580262
Subway -> Office -> Gym / Fitness Center -> Office -> Hotel,5,0.04875148632580262,41,0.04875148632580262
Train Station -> Office -> Building -> Office -> Hotel,5,0.04875148632580262,41,0.04875148632580262
Train Station -> Office -> Train Station -> Office -> Hotel,5,0.04875148632580262,41,0.04875148632580262
Coffee Shop -> Bar -> Train Station,3,0.04864091559370529,102,0.04864091559370529
Office -> Hotel -> Office -> Train Station,4,0.04864091559370529,102,0.04864091559370529
Train Station -> Bar,2,0.04856156501726122,211,0.04856156501726122
Bar -> Pizza Place -> Bar,3,0.04856156501726122,211,0.04856156501726122
Train Station -> Bar -> Hotel,3,0.04856156501726122,50,0.059453032104637336
Train Station -> Bar -> Train Station,3,0.04856156501726122,207,0.09871244635193133
Train Station -> Bar -> Train Station -> Hotel,4,0.04856156501726122,43,0.05112960760998811
Drugstore / Pharmacy -> Bank,2,0.04854368932038835,30,0.04854368932038835
Coffee Shop -> Office -> Coffee Shop -> Bank,4,0.04854368932038835,30,0.04854368932038835
Gym / Fitness Center -> Coffee Shop -> Office -> Bank,4,0.04854368932038835,30,0.04854368932038835
Gym / Fitness Center -> Office -> Gym / Fitness Center -> Bank,4,0.04854368932038835,30,0.04854368932038835
Gym / Fitness Center -> Office -> Deli / Bodega -> Office -> Bank,5,0.04854368932038835,30,0.04854368932038835
Subway -> Office -> Deli / Bodega -> Office,4,0.04844290657439446,182,0.04844290657439446
Coffee Shop -> Gym / Fitness Center -> Food & Drink Shop,3,0.04843304843304843,102,0.04843304843304843
Office -> Food & Drink Shop -> Office -> Food & Drink Shop,4,0.04843304843304843,102,0.04843304843304843
Office -> Subway -> Office -> Food & Drink Shop,4,0.04843304843304843,102,0.04843304843304843
Drugstore / Pharmacy -> College Academic Building,2,0.04842259721203228,66,0.04842259721203228
Office -> Deli / Bodega -> College Academic Building,3,0.04842259721203228,66,0.04842259721203228
Other Great Outdoors -> Park,2,0.04837640821736249,73,0.04837640821736249
Coffee Shop -> Office -> Gym / Fitness Center -> Park,4,0.04837640821736249,73,0.04837640821736249
Hotel -> Drugstore / Pharmacy,2,0.04836759371221282,40,0.04836759371221282
Food & Drink Shop -> Office -> Drugstore / Pharmacy,3,0.04836759371221282,40,0.04836759371221282
Office -> Deli / Bodega -> Coffee Shop -> Office -> Coffee Shop,5,0.04830699774266366,107,0.04830699774266366
Subway -> Office -> Subway,3,0.04830113257828115,145,0.04830113257828115
Subway -> Office -> Subway -> Office,4,0.04830113257828115,231,0.06148522757519297
Subway -> Office -> Subway -> Office -> Clothing Store,5,0.04830113257828115,51,0.05821917808219178
Neighborhood -> Coffee Shop -> Office,3,0.04817673675805164,181,0.04817673675805164
Subway -> Building -> Office,3,0.04817673675805164,181,0.04817673675805164
Food & Drink Shop -> Bus Station,2,0.048102981029810296,71,0.048102981029810296
Bus Station -> Deli / Bodega,2,0.04808475957620212,59,0.04808475957620212
Clothing Store -> Deli / Bodega,2,0.04808475957620212,59,0.04808475957620212
Gym / Fitness Center -> Office -> Building -> Deli / Bodega,4,0.04808475957620212,59,0.04808475957620212
Office -> Neighborhood -> Office -> Deli / Bodega,4,0.04808475957620212,59,0.04808475957620212
Coffee Shop -> Building -> Office -> Coffee Shop -> Deli / Bodega,5,0.04808475957620212,59,0.04808475957620212
Coffee Shop -> Office -> Gym / Fitness Center -> Office -> Gym / Fitness Center,5,0.048009848173984404,117,0.048009848173984404
Deli / Bodega -> Office -> Deli / Bodega -> Building,4,0.04797047970479705,52,0.04797047970479705
Clothing Store -> Food & Drink Shop -> Clothing Store,3,0.04794520547945205,42,0.04794520547945205
Clothing Store -> Park -> Clothing Store,3,0.04794520547945205,42,0.04794520547945205
Deli / Bodega -> Building -> Clothing Store,3,0.04794520547945205,42,0.04794520547945205
Gym / Fitness Center -> Train Station -> Clothing Store,3,0.04794520547945205,42,0.04794520547945205
Subway -> Park -> Clothing Store,3,0.04794520547945205,42,0.04794520547945205
Building -> Office -> Building -> Clothing Store,4,0.04794520547945205,42,0.04794520547945205
Coffee Shop -> Office -> Bar -> Clothing Store,4,0.04794520547945205,42,0.04794520547945205
Deli / Bodega -> Office -> Gym / Fitness Center -> Clothing Store,4,0.04794520547945205,42,0.04794520547945205
Deli / Bodega -> Office -> Park -> Clothing Store,4,0.04794520547945205,42,0.04794520547945205
Food & Drink Shop -> Office -> Coffee Shop -> Clothing Store,4,0.04794520547945205,42,0.04794520547945205
Office -> Coffee Shop -> Food & Drink Shop -> Clothing Store,4,0.04794520547945205,42,0.04794520547945205
Bar -> Office -> Coffee Shop -> Office -> Clothing Store,5,0.04794520547945205,42,0.04794520547945205
Coffee Shop -> Gym / Fitness Center -> Office -> Coffee Shop -> Clothing Store,5,0.04794520547945205,42,0.04794520547945205
Office -> Gym / Fitness Center -> Coffee Shop -> Office -> Clothing Store,5,0.04794520547945205,42,0.04794520547945205
Bar -> Office -> Bar,3,0.04787111622554661,208,0.04787111622554661
Bar -> Office -> Bar -> Hotel,4,0.04787111622554661,43,0.05112960760998811
Gym / Fitness Center -> Building -> Office -> Coffee Shop,4,0.04785553047404063,106,0.04785553047404063
Coffee Shop -> Clothing Store -> American Restaurant,3,0.04784688995215311,50,0.04784688995215311
Hotel -> Bar -> American Restaurant,3,0.04784688995215311,50,0.04784688995215311
Office -> Hotel -> American Restaurant,3,0.04784688995215311,50,0.04784688995215311
Hotel -> Park,2,0.04771371769383698,72,0.04771371769383698
Bar -> Office -> Park,3,0.04771371769383698,72,0.04771371769383698
Gym / Fitness Center -> Office -> Park -> Office -> Park,5,0.04771371769383698,72,0.04771371769383698
Coffee Shop -> Gym / Fitness Center -> Pizza Place,3,0.0476878612716763,33,0.0476878612716763
Building -> Office -> Coffee Shop -> Train Station,4,0.047687172150691466,100,0.047687172150691466
Coffee Shop -> Office -> Gym / Fitness Center -> Office -> Train Station,5,0.047687172150691466,100,0.047687172150691466
Office -> Coffee Shop -> Building -> Office -> Train Station,5,0.047687172150691466,100,0.047687172150691466
Gym / Fitness Center -> Bar -> Office,3,0.047644397125365986,179,0.047644397125365986
Office -> Coffee Shop -> Building -> Coffee Shop -> Office,5,0.047644397125365986,179,0.047644397125365986
Train Station -> Coffee Shop -> Office -> Train Station -> Office,5,0.047644397125365986,179,0.047644397125365986
Gym / Fitness Center -> Park -> Gym / Fitness Center,3,0.04759950759130078,116,0.04759950759130078
Office -> Food & Drink Shop -> Gym / Fitness Center,3,0.04759950759130078,116,0.04759950759130078
Gym / Fitness Center -> Park -> Gym / Fitness Center -> Office,4,0.04759950759130078,187,0.049773755656108594
Hotel -> Train Station -> Hotel,3,0.04756242568370987,40,0.04756242568370987
Neighborhood -> Bar -> Hotel,3,0.04756242568370987,40,0.04756242568370987
Office -> Food & Drink Shop -> Hotel,3,0.04756242568370987,40,0.04756242568370987
Bar -> American Restaurant -> Bar -> Hotel,4,0.04756242568370987,40,0.04756242568370987
Deli / Bodega -> Office -> Coffee Shop -> Hotel,4,0.04756242568370987,40,0.04756242568370987
Gym / Fitness Center -> Building -> Office -> Hotel,4,0.04756242568370987,40,0.04756242568370987
Gym / Fitness Center -> Hotel -> Office -> Hotel,4,0.04756242568370987,40,0.04756242568370987
Office -> Park -> Office -> Hotel,4,0.04756242568370987,40,0.04756242568370987
Office -> Train Station -> Office -> Train Station -> Hotel,5,0.04756242568370987,40,0.04756242568370987
Office -> Clothing Store -> Coffee Shop,3,0.04740406320541761,105,0.04740406320541761
Office -> Clothing Store -> Coffee Shop -> Clothing Store,4,0.04740406320541761,66,0.07534246575342465
Train Station -> Office -> Train Station -> Coffee Shop,4,0.04740406320541761,105,0.04740406320541761
Train Station -> Office -> Train Station -> Coffee Shop -> Train Station,5,0.04740406320541761,111,0.05293276108726753
Gym / Fitness Center -> Office -> Food & Drink Shop -> Office,4,0.047378227309023156,178,0.047378227309023156
Park -> Neighborhood,2,0.047372316802368614,64,0.047372316802368614
Bank -> Deli / Bodega,2,0.04726976365118175,58,0.04726976365118175
Gym / Fitness Center -> Subway -> Office -> Deli / Bodega,4,0.04726976365118175,58,0.04726976365118175
Office -> Coffee Shop -> Building -> Deli / Bodega,4,0.04726976365118175,58,0.04726976365118175
Coffee Shop -> Office -> Train Station -> Office -> Deli / Bodega,5,0.04726976365118175,58,0.04726976365118175
Office -> Gym / Fitness Center -> Coffee Shop -> Train Station,4,0.04721030042918455,99,0.04721030042918455
Park -> Coffee Shop -> Gym / Fitness Center,3,0.04718916700861715,115,0.04718916700861715
Gym / Fitness Center -> Office -> Coffee Shop -> Gym / Fitness Center,4,0.04718916700861715,115,0.04718916700861715
Gym / Fitness Center -> Office -> Coffee Shop -> Gym / Fitness Center -> Clothing Store,5,0.04718916700861715,44,0.0502283105022831
Building -> Bar,2,0.047180667433831994,205,0.047180667433831994
Building -> Bar -> Hotel,3,0.047180667433831994,50,0.059453032104637336
Deli / Bodega -> Office -> Drugstore / Pharmacy,3,0.0471584038694075,39,0.0471584038694075
Coffee Shop -> Office -> Food & Drink Shop -> Park,4,0.04705102717031146,71,0.04705102717031146
Coffee Shop -> Subway -> Office -> Park,4,0.04705102717031146,71,0.04705102717031146
Deli / Bodega -> Coffee Shop -> Office -> Park,4,0.04705102717031146,71,0.04705102717031146
Office -> Building -> Coffee Shop -> Building,4,0.0470479704797048,51,0.0470479704797048
Office -> Deli / Bodega -> Office -> Coffee Shop -> Building,5,0.0470479704797048,51,0.0470479704797048
Park -> Office -> College Academic Building,3,0.04695524578136464,64,0.04695524578136464
Drugstore / Pharmacy -> Bar,2,0.046950517836593784,204,0.046950517836593784
Hotel -> Office -> Bank,3,0.04692556634304207,29,0.04692556634304207
Deli / Bodega -> Office -> Coffee Shop -> Office -> Bank,5,0.04692556634304207,29,0.04692556634304207
Subway -> Office -> Gym / Fitness Center -> Office -> Bank,5,0.04692556634304207,29,0.04692556634304207
Deli / Bodega -> Office -> Park -> Office,4,0.0468458876763375,176,0.0468458876763375
Deli / Bodega -> Office -> Train Station -> Office,4,0.0468458876763375,176,0.0468458876763375
Train Station -> Office -> Deli / Bodega -> Office,4,0.0468458876763375,176,0.0468458876763375
Deli / Bodega -> Office -> Train Station -> Office -> Clothing Store,5,0.0468458876763375,58,0.06621004566210045
Deli / Bodega -> Office -> Train Station -> Office -> Train Station,5,0.0468458876763375,137,0.0653314258464473
Train Station -> Office -> Deli / Bodega -> Office -> Clothing Store,5,0.0468458876763375,43,0.04908675799086758
Train Station -> Office -> Deli / Bodega -> Office -> Hotel,5,0.0468458876763375,42,0.04994054696789536
College Academic Building -> Office -> Clothing Store,3,0.04680365296803653,41,0.04680365296803653
Drugstore / Pharmacy -> Coffee Shop -> Clothing Store,3,0.04680365296803653,41,0.04680365296803653
Hotel -> Gym / Fitness Center -> Clothing Store,3,0.04680365296803653,41,0.04680365296803653
Coffee Shop -> Subway -> Coffee Shop -> Clothing Store,4,0.04680365296803653,41,0.04680365296803653
Deli / Bodega -> Subway -> Office -> Clothing Store,4,0.04680365296803653,41,0.04680365296803653
Office -> Food & Drink Shop -> Coffee Shop -> Clothing Store,4,0.04680365296803653,41,0.04680365296803653
Gym / Fitness Center -> Coffee Shop -> Office -> Building -> Clothing Store,5,0.04680365296803653,41,0.04680365296803653
Gym / Fitness Center -> Coffee Shop -> Office -> Gym / Fitness Center -> Clothing Store,5,0.04680365296803653,41,0.04680365296803653
Office -> Coffee Shop -> Deli / Bodega -> Office -> Clothing Store,5,0.04680365296803653,41,0.04680365296803653
Office -> Subway -> Office -> Gym / Fitness Center -> Clothing Store,5,0.04680365296803653,41,0.04680365296803653
Office -> Train Station -> Office -> Building -> Clothing Store,5,0.04680365296803653,41,0.04680365296803653
Park -> Coffee Shop -> Office -> Park -> Clothing Store,5,0.04680365296803653,41,0.04680365296803653
Park -> Office -> Gym / Fitness Center -> Office -> Clothing Store,5,0.04680365296803653,41,0.04680365296803653
Building -> Office -> Gym / Fitness Center -> Office -> Train Station,5,0.04673342870767763,98,0.04673342870767763
Deli / Bodega -> Neighborhood,2,0.046632124352331605,63,0.046632124352331605
Office -> Coffee Shop -> Hotel -> Office,4,0.04657971785999468,175,0.04657971785999468
Office -> Coffee Shop -> Hotel -> Office -> Clothing Store,5,0.04657971785999468,43,0.04908675799086758
Office -> Deli / Bodega -> Office -> Building -> Office,5,0.04657971785999468,175,0.04657971785999468
Gym / Fitness Center -> Coffee Shop -> Food & Drink Shop,3,0.04653371320037987,98,0.04653371320037987
Park -> Office -> Food & Drink Shop,3,0.04653371320037987,98,0.04653371320037987
Coffee Shop -> Office -> Gym / Fitness Center -> Office -> Coffee Shop,5,0.046501128668171555,103,0.046501128668171555
College Academic Building -> Office -> Deli / Bodega,3,0.04645476772616137,57,0.04645476772616137
Gym / Fitness Center -> Park -> Office -> Deli / Bodega,4,0.04645476772616137,57,0.04645476772616137
Hotel -> Coffee Shop -> Office -> Deli / Bodega,4,0.04645476772616137,57,0.04645476772616137
Food & Drink Shop -> Coffee Shop -> Park,3,0.04638833664678595,70,0.04638833664678595
Coffee Shop -> Deli / Bodega -> Office -> Park,4,0.04638833664678595,70,0.04638833664678595
Gym / Fitness Center -> Deli / Bodega -> Office -> Park,4,0.04638833664678595,70,0.04638833664678595
Gym / Fitness Center -> Office -> Clothing Store -> Park,4,0.04638833664678595,70,0.04638833664678595
Park -> Office -> Gym / Fitness Center -> Park,4,0.04638833664678595,70,0.04638833664678595
Bank -> Office -> Hotel,3,0.04637336504161712,39,0.04637336504161712
Hotel -> Gym / Fitness Center -> Hotel,3,0.04637336504161712,39,0.04637336504161712
American Restaurant -> Office -> Coffee Shop -> Hotel,4,0.04637336504161712,39,0.04637336504161712
Office -> Deli / Bodega -> Coffee Shop -> Hotel,4,0.04637336504161712,39,0.04637336504161712
Train Station -> Coffee Shop -> Train Station -> Hotel,4,0.04637336504161712,39,0.04637336504161712
Coffee Shop -> Office -> Gym / Fitness Center -> Coffee Shop -> Hotel,5,0.04637336504161712,39,0.04637336504161712
Gym / Fitness Center -> Office -> Subway -> Office -> Hotel,5,0.04637336504161712,39,0.04637336504161712
Hotel -> Office -> Gym / Fitness Center -> Office -> Hotel,5,0.04637336504161712,39,0.04637336504161712
Office -> Building -> Office -> Gym / Fitness Center -> Hotel,5,0.04637336504161712,39,0.04637336504161712
Coffee Shop -> Building -> Office -> Gym / Fitness Center,4,0.046368485843249894,113,0.046368485843249894
Subway -> Coffee Shop -> Office -> Gym / Fitness Center,4,0.046368485843249894,113,0.046368485843249894
Office -> American Restaurant -> Office,3,0.04631354804365185,174,0.04631354804365185
Office -> American Restaurant -> Office -> Clothing Store,4,0.04631354804365185,58,0.06621004566210045
Coffee Shop -> Deli / Bodega -> Office -> Deli / Bodega -> Office,5,0.04631354804365185,174,0.04631354804365185
Coffee Shop -> Train Station -> Office -> Coffee Shop -> Office,5,0.04631354804365185,174,0.04631354804365185
Office -> Coffee Shop -> Subway,3,0.046302465023317786,139,0.046302465023317786
Office -> Coffee Shop -> Subway -> Clothing Store,4,0.046302465023317786,44,0.0502283105022831
Office -> Coffee Shop -> Subway -> Office,4,0.046302465023317786,217,0.0577588501463934
Office -> Coffee Shop -> Subway -> Office -> Clothing Store,5,0.046302465023317786,45,0.05136986301369863
American Restaurant -> Train Station,2,0.04625655698617072,97,0.04625655698617072
Office -> Coffee Shop -> Office -> Gym / Fitness Center -> Train Station,5,0.04625655698617072,97,0.04625655698617072
Bar -> American Restaurant -> Pizza Place,3,0.046242774566473986,32,0.046242774566473986
Building -> Office -> Pizza Place,3,0.046242774566473986,32,0.046242774566473986
Deli / Bodega -> Office -> Coffee Shop -> Office -> Pizza Place,5,0.046242774566473986,32,0.046242774566473986
Office -> Building -> College Academic Building,3,0.046221570066030816,63,0.046221570066030816
Drugstore / Pharmacy -> Building,2,0.046125461254612546,50,0.046125461254612546
College Academic Building -> Office -> Building,3,0.046125461254612546,50,0.046125461254612546
Coffee Shop -> Office -> Gym / Fitness Center -> Office -> Building,5,0.046125461254612546,50,0.046125461254612546
Office -> Coffee Shop -> Train Station -> Office -> Building,5,0.046125461254612546,50,0.046125461254612546
Drugstore / Pharmacy -> Food & Drink Shop,2,0.046058879392212725,97,0.046058879392212725
Coffee Shop -> Office -> Subway -> Office -> Coffee Shop,5,0.04604966139954853,102,0.04604966139954853
Deli / Bodega -> Neighborhood -> Office,3,0.046047378227309026,173,0.046047378227309026
Hotel -> Office -> Building -> Office,4,0.046047378227309026,173,0.046047378227309026
Hotel -> Office -> Building -> Office -> Hotel,5,0.046047378227309026,46,0.054696789536266346
Gym / Fitness Center -> Office -> Building -> Office -> Gym / Fitness Center,5,0.04595814526056627,112,0.04595814526056627
Drugstore / Pharmacy -> American Restaurant,2,0.045933014354066985,48,0.045933014354066985
Gym / Fitness Center -> Park -> American Restaurant,3,0.045933014354066985,48,0.045933014354066985
Subway -> Bar -> American Restaurant,3,0.045933014354066985,48,0.045933014354066985
Office -> Deli / Bodega -> Office -> American Restaurant,4,0.045933014354066985,48,0.045933014354066985
Food & Drink Shop -> Neighborhood,2,0.0458919319022946,62,0.0458919319022946
Building -> Office -> Neighborhood,3,0.0458919319022946,62,0.0458919319022946
Deli / Bodega -> Office -> Neighborhood,3,0.0458919319022946,62,0.0458919319022946
Deli / Bodega -> Office -> Neighborhood -> Office,4,0.0458919319022946,224,0.05962203886079319
Office -> Coffee Shop -> Office -> Neighborhood,4,0.0458919319022946,62,0.0458919319022946
Office -> Coffee Shop -> Office -> Clothing Store -> Office,5,0.045781208410966195,172,0.045781208410966195
Train Station -> Office -> Train Station -> Coffee Shop -> Office,5,0.045781208410966195,172,0.045781208410966195
Office -> Building -> Office -> Gym / Fitness Center -> Train Station,5,0.045779685264663805,96,0.045779685264663805
Bank -> Office -> Park,3,0.04572564612326044,69,0.04572564612326044
Subway -> Coffee Shop -> Office -> Park,4,0.04572564612326044,69,0.04572564612326044
Office -> Residential Building (Apartment / Condo),2,0.04567078972407231,48,0.04567078972407231
College Academic Building -> Coffee Shop -> Clothing Store,3,0.045662100456621,40,0.045662100456621
Bar -> Coffee Shop -> Office -> Clothing Store,4,0.045662100456621,40,0.045662100456621
Building -> Office -> Deli / Bodega -> Clothing Store,4,0.045662100456621,40,0.045662100456621
Deli / Bodega -> Park -> Office -> Clothing Store,4,0.045662100456621,40,0.045662100456621
Drugstore / Pharmacy -> Coffee Shop -> Office -> Clothing Store,4,0.045662100456621,40,0.045662100456621
Food & Drink Shop -> Office -> Gym / Fitness Center -> Clothing Store,4,0.045662100456621,40,0.045662100456621
Office -> Coffee Shop -> Bar -> Clothing Store,4,0.045662100456621,40,0.045662100456621
Coffee Shop -> Deli / Bodega -> Office -> Coffee Shop -> Clothing Store,5,0.045662100456621,40,0.045662100456621
Gym / Fitness Center -> Office -> Neighborhood -> Office -> Clothing Store,5,0.045662100456621,40,0.045662100456621
Office -> Coffee Shop -> Office -> Subway -> Clothing Store,5,0.045662100456621,40,0.045662100456621
Office -> Deli / Bodega -> Building -> Office -> Clothing Store,5,0.045662100456621,40,0.045662100456621
Office -> Deli / Bodega -> Office -> Building -> Clothing Store,5,0.045662100456621,40,0.045662100456621
Office -> Deli / Bodega -> Office -> Deli / Bodega -> Clothing Store,5,0.045662100456621,40,0.045662100456621
Office -> Deli / Bodega -> Office -> Gym / Fitness Center -> Clothing Store,5,0.045662100456621,40,0.045662100456621
Office -> Gym / Fitness Center -> Office -> Park -> Clothing Store,5,0.045662100456621,40,0.045662100456621
Office -> Hotel -> Coffee Shop -> Office -> Clothing Store,5,0.045662100456621,40,0.045662100456621
Subway -> Coffee Shop -> Deli / Bodega,3,0.045639771801140996,56,0.045639771801140996
Coffee Shop -> Deli / Bodega -> Coffee Shop -> Deli / Bodega,4,0.045639771801140996,56,0.045639771801140996
Gym / Fitness Center -> Office -> Building -> Office -> Deli / Bodega,5,0.045639771801140996,56,0.045639771801140996
Gym / Fitness Center -> Subway -> Coffee Shop,3,0.04559819413092551,101,0.04559819413092551
Office -> Bar -> Coffee Shop,3,0.04559819413092551,101,0.04559819413092551
Gym / Fitness Center -> Subway -> Coffee Shop -> Office,4,0.04559819413092551,176,0.0468458876763375
Office -> Neighborhood -> Office -> Coffee Shop,4,0.04559819413092551,101,0.04559819413092551
Office -> Subway -> Gym / Fitness Center,3,0.04554780467788264,111,0.04554780467788264
Office -> Deli / Bodega -> Park -> Office,4,0.04551503859462337,171,0.04551503859462337
Coffee Shop -> Office -> Coffee Shop -> College Academic Building,4,0.04548789435069699,62,0.04548789435069699
Coffee Shop -> American Restaurant -> Bar,3,0.045339470655926355,197,0.045339470655926355
Building -> Office -> Coffee Shop -> Office -> Bank,5,0.045307443365695796,28,0.045307443365695796
Coffee Shop -> Office -> Building -> Office -> Bank,5,0.045307443365695796,28,0.045307443365695796
Deli / Bodega -> Office -> Gym / Fitness Center -> Office -> Bank,5,0.045307443365695796,28,0.045307443365695796
Office -> Coffee Shop -> Deli / Bodega -> Office -> Bank,5,0.045307443365695796,28,0.045307443365695796
Building -> Office -> Deli / Bodega -> Office -> Train Station,5,0.04530281354315689,95,0.04530281354315689
Bank -> Coffee Shop -> Office,3,0.04524886877828054,170,0.04524886877828054
Gym / Fitness Center -> Train Station -> Office,3,0.04524886877828054,170,0.04524886877828054
American Restaurant -> Office -> Coffee Shop -> Office,4,0.04524886877828054,170,0.04524886877828054
Gym / Fitness Center -> Train Station -> Office -> Clothing Store,4,0.04524886877828054,48,0.0547945205479452
Gym / Fitness Center -> Train Station -> Office -> Train Station,4,0.04524886877828054,144,0.06866952789699571
Hotel -> Office -> Deli / Bodega -> Office,4,0.04524886877828054,170,0.04524886877828054
American Restaurant -> Office -> Coffee Shop -> Office -> Clothing Store,5,0.04524886877828054,42,0.04794520547945205
Office -> Neighborhood -> Office -> Building,4,0.045202952029520294,49,0.045202952029520294
Train Station -> Office -> Building -> Office -> Building,5,0.045202952029520294,49,0.045202952029520294
Coffee Shop -> Gym / Fitness Center -> Bar -> Hotel,4,0.04518430439952437,38,0.04518430439952437
Office -> Gym / Fitness Center -> Office -> Coffee Shop -> Hotel,5,0.04518430439952437,38,0.04518430439952437
Subway -> Office -> Subway -> Office -> Hotel,5,0.04518430439952437,38,0.04518430439952437
Drugstore / Pharmacy -> Office -> Coffee Shop,3,0.045146726862302484,100,0.045146726862302484
Drugstore / Pharmacy -> Office -> Coffee Shop -> Office,4,0.045146726862302484,185,0.04924141602342295
Gym / Fitness Center -> Subway -> Office -> Coffee Shop,4,0.045146726862302484,100,0.045146726862302484
Building -> Office -> Building -> Office -> Coffee Shop,5,0.045146726862302484,100,0.045146726862302484
Coffee Shop -> Deli / Bodega -> Office -> Gym / Fitness Center,4,0.04513746409519902,110,0.04513746409519902
Office -> Hotel -> Office -> Gym / Fitness Center,4,0.04513746409519902,110,0.04513746409519902
Coffee Shop -> Deli / Bodega -> Office -> Gym / Fitness Center -> Office,5,0.04513746409519902,189,0.05030609528879425
Gym / Fitness Center -> Office -> Deli / Bodega -> Office -> Gym / Fitness Center,5,0.04513746409519902,110,0.04513746409519902
Office -> Hotel -> Office -> Gym / Fitness Center -> Clothing Store,5,0.04513746409519902,42,0.04794520547945205
Clothing Store -> Office -> Park,3,0.04506295559973492,68,0.04506295559973492
Gym / Fitness Center -> Park -> Gym / Fitness Center -> Park,4,0.04506295559973492,68,0.04506295559973492
Gym / Fitness Center -> Coffee Shop -> Gym / Fitness Center -> Office -> Park,5,0.04506295559973492,68,0.04506295559973492
Gym / Fitness Center -> Office -> Deli / Bodega -> Office -> Park,5,0.04506295559973492,68,0.04506295559973492
Subway -> Office -> Coffee Shop -> Office -> Park,5,0.04506295559973492,68,0.04506295559973492
Coffee Shop -> Food & Drink Shop -> Office,3,0.04498269896193772,169,0.04498269896193772
Coffee Shop -> Food & Drink Shop -> Office -> Clothing Store,4,0.04498269896193772,52,0.0593607305936073
Office -> Building -> Office -> Deli / Bodega -> Office,5,0.04498269896193772,169,0.04498269896193772
College Academic Building -> American Restaurant,2,0.044976076555023926,47,0.044976076555023926
Coffee Shop -> Office -> Coffee Shop -> American Restaurant,4,0.044976076555023926,47,0.044976076555023926
Office -> Subway -> Office -> American Restaurant,4,0.044976076555023926,47,0.044976076555023926
Coffee Shop -> Office -> Bar -> Train Station,4,0.04482594182164998,94,0.04482594182164998
Office -> Coffee Shop -> Gym / Fitness Center -> Train Station,4,0.04482594182164998,94,0.04482594182164998
Subway -> Coffee Shop -> Office -> Train Station,4,0.04482594182164998,94,0.04482594182164998
Deli / Bodega -> Office -> Building -> Deli / Bodega,4,0.04482477587612062,55,0.04482477587612062
Hotel -> Office -> Coffee Shop -> Deli / Bodega,4,0.04482477587612062,55,0.04482477587612062
Office -> Drugstore / Pharmacy -> Office -> Deli / Bodega,4,0.04482477587612062,55,0.04482477587612062
Building -> Office -> Deli / Bodega -> Office -> Deli / Bodega,5,0.04482477587612062,55,0.04482477587612062
Coffee Shop -> Deli / Bodega -> Coffee Shop -> Office -> Deli / Bodega,5,0.04482477587612062,55,0.04482477587612062
Coffee Shop -> Deli / Bodega -> Office -> Coffee Shop -> Deli / Bodega,5,0.04482477587612062,55,0.04482477587612062
Coffee Shop -> Office -> Building -> Coffee Shop -> Deli / Bodega,5,0.04482477587612062,55,0.04482477587612062
College Academic Building -> Pizza Place,2,0.044797687861271675,31,0.044797687861271675
Hotel -> Office -> Pizza Place,3,0.044797687861271675,31,0.044797687861271675
Office -> Gym / Fitness Center -> Pizza Place,3,0.044797687861271675,31,0.044797687861271675
Office -> Subway -> Pizza Place,3,0.044797687861271675,31,0.044797687861271675
Park -> Bar -> Pizza Place,3,0.044797687861271675,31,0.044797687861271675
Subway -> Office -> College Academic Building,3,0.04475421863536317,61,0.04475421863536317
Train Station -> Gym / Fitness Center,2,0.044727123512515385,109,0.044727123512515385
Train Station -> Gym / Fitness Center -> Clothing Store,3,0.044727123512515385,46,0.05251141552511415
Train Station -> Gym / Fitness Center -> Train Station,3,0.044727123512515385,174,0.08297567954220315
Subway -> Office -> Coffee Shop -> Office -> Gym / Fitness Center,5,0.044727123512515385,109,0.044727123512515385
Park -> Neighborhood -> Office,3,0.04471652914559489,168,0.04471652914559489
Bar -> Office -> Deli / Bodega -> Office,4,0.04471652914559489,168,0.04471652914559489
Hotel -> Coffee Shop -> Office -> Coffee Shop -> Office,5,0.04471652914559489,168,0.04471652914559489
Deli / Bodega -> Office -> Deli / Bodega -> Coffee Shop,4,0.04469525959367946,99,0.04469525959367946
Office -> Park -> Office -> Coffee Shop,4,0.04469525959367946,99,0.04469525959367946
Deli / Bodega -> Office -> Deli / Bodega -> Coffee Shop -> Office,5,0.04469525959367946,188,0.050039925472451424
Medical Center -> Clothing Store,2,0.04452054794520548,39,0.04452054794520548
American Restaurant -> Coffee Shop -> Clothing Store,3,0.04452054794520548,39,0.04452054794520548
American Restaurant -> Gym / Fitness Center -> Clothing Store,3,0.04452054794520548,39,0.04452054794520548
Building -> Deli / Bodega -> Clothing Store,3,0.04452054794520548,39,0.04452054794520548
Hotel -> Bar -> Clothing Store,3,0.04452054794520548,39,0.04452054794520548
Subway -> Food & Drink Shop -> Clothing Store,3,0.04452054794520548,39,0.04452054794520548
Bank -> Coffee Shop -> Office -> Clothing Store,4,0.04452054794520548,39,0.04452054794520548
Coffee Shop -> Neighborhood -> Office -> Clothing Store,4,0.04452054794520548,39,0.04452054794520548
Drugstore / Pharmacy -> Office -> Coffee Shop -> Clothing Store,4,0.04452054794520548,39,0.04452054794520548
Park -> Subway -> Office -> Clothing Store,4,0.04452054794520548,39,0.04452054794520548
Subway -> Building -> Office -> Clothing Store,4,0.04452054794520548,39,0.04452054794520548
Subway -> Deli / Bodega -> Office -> Clothing Store,4,0.04452054794520548,39,0.04452054794520548
Train Station -> Office -> Deli / Bodega -> Clothing Store,4,0.04452054794520548,39,0.04452054794520548
Gym / Fitness Center -> Coffee Shop -> Office -> Park -> Clothing Store,5,0.04452054794520548,39,0.04452054794520548
Gym / Fitness Center -> Office -> Food & Drink Shop -> Office -> Clothing Store,5,0.04452054794520548,39,0.04452054794520548
Gym / Fitness Center -> Subway -> Office -> Coffee Shop -> Clothing Store,5,0.04452054794520548,39,0.04452054794520548
Office -> Coffee Shop -> Building -> Coffee Shop -> Clothing Store,5,0.04452054794520548,39,0.04452054794520548
Office -> Coffee Shop -> Office -> Deli / Bodega -> Clothing Store,5,0.04452054794520548,39,0.04452054794520548
Park -> Office -> Coffee Shop -> Office -> Clothing Store,5,0.04452054794520548,39,0.04452054794520548
Subway -> Coffee Shop -> Office -> Gym / Fitness Center -> Clothing Store,5,0.04452054794520548,39,0.04452054794520548
Subway -> Office -> Deli / Bodega -> Office -> Clothing Store,5,0.04452054794520548,39,0.04452054794520548
Gym / Fitness Center -> Food & Drink Shop -> Office,3,0.044450359329252065,167,0.044450359329252065
Coffee Shop -> Office -> Food & Drink Shop -> Office,4,0.044450359329252065,167,0.044450359329252065
Coffee Shop -> Office -> Food & Drink Shop -> Office -> Clothing Store,5,0.044450359329252065,46,0.05251141552511415
Office -> Bar -> Park,3,0.04440026507620941,67,0.04440026507620941
Coffee Shop -> Office -> Deli / Bodega -> Park,4,0.04440026507620941,67,0.04440026507620941
Food & Drink Shop -> Office -> Food & Drink Shop -> Park,4,0.04440026507620941,67,0.04440026507620941
Building -> Office -> Building -> Office -> Train Station,5,0.044349070100143065,93,0.044349070100143065
Train Station -> Subway,2,0.04430379746835443,133,0.04430379746835443
Train Station -> Subway -> Train Station,3,0.04430379746835443,133,0.06342393896041965
Office -> Clothing Store -> Building,3,0.04428044280442804,48,0.04428044280442804
Building -> Deli / Bodega -> Office -> Building,4,0.04428044280442804,48,0.04428044280442804
Deli / Bodega -> Building -> Office -> Building,4,0.04428044280442804,48,0.04428044280442804
Office -> Deli / Bodega -> Coffee Shop -> Building,4,0.04428044280442804,48,0.04428044280442804
Hotel -> Office -> Coffee Shop -> Office -> Coffee Shop,5,0.04424379232505643,98,0.04424379232505643
Gym / Fitness Center -> Subway -> Office -> Coffee Shop -> Office,5,0.044184189512909235,166,0.044184189512909235
Coffee Shop -> Office -> Coffee Shop -> Office -> Food & Drink Shop,5,0.04415954415954416,93,0.04415954415954416
Bar -> Hotel -> Bus Station,3,0.04403794037940379,65,0.04403794037940379
Coffee Shop -> Office -> Bus Station,3,0.04403794037940379,65,0.04403794037940379
American Restaurant -> College Academic Building,2,0.04402054292002935,60,0.04402054292002935
Train Station -> American Restaurant,2,0.04401913875598086,46,0.04401913875598086
Gym / Fitness Center -> Office -> Coffee Shop -> Office -> American Restaurant,5,0.04401913875598086,46,0.04401913875598086
Coffee Shop -> Subway -> Deli / Bodega,3,0.044009779951100246,54,0.044009779951100246
Deli / Bodega -> Park -> Deli / Bodega,3,0.044009779951100246,54,0.044009779951100246
Coffee Shop -> Hotel -> Office -> Deli / Bodega,4,0.044009779951100246,54,0.044009779951100246
Park -> Office -> Coffee Shop -> Deli / Bodega,4,0.044009779951100246,54,0.044009779951100246
Hotel -> Office -> Gym / Fitness Center -> Hotel,4,0.04399524375743163,37,0.04399524375743163
Office -> Gym / Fitness Center -> Train Station -> Hotel,4,0.04399524375743163,37,0.04399524375743163
Park -> Coffee Shop -> Office -> Hotel,4,0.04399524375743163,37,0.04399524375743163
Office -> Coffee Shop -> Office -> Gym / Fitness Center -> Hotel,5,0.04399524375743163,37,0.04399524375743163
Bar -> Gym / Fitness Center -> Office,3,0.04391801969656641,165,0.04391801969656641
Subway -> Neighborhood -> Office,3,0.04391801969656641,165,0.04391801969656641
Bar -> Gym / Fitness Center -> Office -> Clothing Store,4,0.04391801969656641,42,0.04794520547945205
Gym / Fitness Center -> Office -> Clothing Store -> Office,4,0.04391801969656641,165,0.04391801969656641
Gym / Fitness Center -> Office -> Train Station -> Office,4,0.04391801969656641,165,0.04391801969656641
Neighborhood -> Office -> Coffee Shop -> Office,4,0.04391801969656641,165,0.04391801969656641
Gym / Fitness Center -> Office -> Clothing Store -> Office -> Clothing Store,5,0.04391801969656641,62,0.07077625570776255
Gym / Fitness Center -> Office -> Clothing Store -> Office -> Hotel,5,0.04391801969656641,38,0.04518430439952437
Gym / Fitness Center -> Office -> Train Station -> Office -> Clothing Store,5,0.04391801969656641,47,0.05365296803652968
Gym / Fitness Center -> Office -> Train Station -> Office -> Train Station,5,0.04391801969656641,110,0.05245588936576061
Office -> Deli / Bodega -> Office -> Train Station -> Office,5,0.04391801969656641,165,0.04391801969656641
Office -> Train Station -> Office -> Building -> Office,5,0.04391801969656641,165,0.04391801969656641
Neighborhood -> Gym / Fitness Center,2,0.043906442347148134,107,0.043906442347148134
Neighborhood -> Gym / Fitness Center -> Office,3,0.043906442347148134,167,0.044450359329252065
Coffee Shop -> Office -> Deli / Bodega -> Office -> Gym / Fitness Center,5,0.043906442347148134,107,0.043906442347148134
Bar -> Gym / Fitness Center -> Train Station,3,0.043872198378636144,92,0.043872198378636144
Coffee Shop -> Clothing Store -> Office -> Train Station,4,0.043872198378636144,92,0.043872198378636144
Hotel -> Office -> Coffee Shop -> Train Station,4,0.043872198378636144,92,0.043872198378636144
Office -> Gym / Fitness Center -> Coffee Shop -> Office -> Train Station,5,0.043872198378636144,92,0.043872198378636144
Coffee Shop -> Office -> Train Station -> Coffee Shop,4,0.04379232505643341,97,0.04379232505643341
Deli / Bodega -> Office -> Gym / Fitness Center -> Coffee Shop,4,0.04379232505643341,97,0.04379232505643341
Coffee Shop -> Office -> Train Station -> Coffee Shop -> Train Station,5,0.04379232505643341,105,0.05007153075822604
Gym / Fitness Center -> Subway -> Park,3,0.0437375745526839,66,0.0437375745526839
Deli / Bodega -> Gym / Fitness Center -> Office -> Park,4,0.0437375745526839,66,0.0437375745526839
Gym / Fitness Center -> Office -> Coffee Shop -> Park,4,0.0437375745526839,66,0.0437375745526839
Office -> Coffee Shop -> Gym / Fitness Center -> Park,4,0.0437375745526839,66,0.0437375745526839
Subway -> Office -> Food & Drink Shop -> Park,4,0.0437375745526839,66,0.0437375745526839
Deli / Bodega -> Office -> Deli / Bodega -> Office -> Park,5,0.0437375745526839,66,0.0437375745526839
Gym / Fitness Center -> Office -> Food & Drink Shop -> Office -> Park,5,0.0437375745526839,66,0.0437375745526839
Office -> Coffee Shop -> Gym / Fitness Center -> Office -> Park,5,0.0437375745526839,66,0.0437375745526839
Gym / Fitness Center -> American Restaurant -> Bar,3,0.04372842347525892,190,0.04372842347525892
Park -> Bank,2,0.043689320388349516,27,0.043689320388349516
Building -> Deli / Bodega -> Bank,3,0.043689320388349516,27,0.043689320388349516
Deli / Bodega -> Office -> Deli / Bodega -> Bank,4,0.043689320388349516,27,0.043689320388349516
Deli / Bodega -> Office -> Gym / Fitness Center -> Bank,4,0.043689320388349516,27,0.043689320388349516
Subway -> Office -> Gym / Fitness Center -> Bank,4,0.043689320388349516,27,0.043689320388349516
Office -> Coffee Shop -> Office -> Deli / Bodega -> Bank,5,0.043689320388349516,27,0.043689320388349516
Office -> Coffee Shop -> Office -> Gym / Fitness Center -> Bank,5,0.043689320388349516,27,0.043689320388349516
Coffee Shop -> Gym / Fitness Center -> Coffee Shop -> Office,4,0.04365184988022358,164,0.04365184988022358
Office -> Building -> Office -> Train Station -> Office,5,0.04365184988022358,164,0.04365184988022358
Deli / Bodega -> Office -> Subway,3,0.043637574950033314,131,0.043637574950033314
Deli / Bodega -> Office -> Subway -> Clothing Store,4,0.043637574950033314,40,0.045662100456621
Deli / Bodega -> Office -> Subway -> Office,4,0.043637574950033314,289,0.07692307692307693
Deli / Bodega -> Office -> Subway -> Office -> Clothing Store,5,0.043637574950033314,58,0.06621004566210045
Deli / Bodega -> Office -> Subway -> Office -> Hotel,5,0.043637574950033314,44,0.052318668252080855
American Restaurant -> Drugstore / Pharmacy,2,0.04353083434099154,36,0.04353083434099154
Gym / Fitness Center -> Coffee Shop -> Office -> Drugstore / Pharmacy,4,0.04353083434099154,36,0.04353083434099154
Office -> Gym / Fitness Center -> Office -> Drugstore / Pharmacy,4,0.04353083434099154,36,0.04353083434099154
Coffee Shop -> Office -> Coffee Shop -> Office -> Drugstore / Pharmacy,5,0.04353083434099154,36,0.04353083434099154
Office -> Park -> Office -> Gym / Fitness Center,4,0.04349610176446451,106,0.04349610176446451
Coffee Shop -> Office -> Clothing Store -> Office -> Train Station,5,0.04339532665712923,91,0.04339532665712923
Office -> Building -> Office -> Coffee Shop -> Train Station,5,0.04339532665712923,91,0.04339532665712923
Food & Drink Shop -> Coffee Shop -> Office,3,0.04338568006388076,163,0.04338568006388076
Hotel -> Gym / Fitness Center -> Office,3,0.04338568006388076,163,0.04338568006388076
Building -> Office -> Neighborhood -> Office,4,0.04338568006388076,163,0.04338568006388076
Food & Drink Shop -> Coffee Shop -> Office -> Clothing Store,4,0.04338568006388076,48,0.0547945205479452
Hotel -> Gym / Fitness Center -> Office -> Clothing Store,4,0.04338568006388076,49,0.05593607305936073
Food & Drink Shop -> Subway -> Clothing Store,3,0.04337899543378995,38,0.04337899543378995
Office -> Drugstore / Pharmacy -> Clothing Store,3,0.04337899543378995,38,0.04337899543378995
Food & Drink Shop -> Office -> Park -> Clothing Store,4,0.04337899543378995,38,0.04337899543378995
Office -> Coffee Shop -> Park -> Clothing Store,4,0.04337899543378995,38,0.04337899543378995
Office -> Train Station -> Coffee Shop -> Clothing Store,4,0.04337899543378995,38,0.04337899543378995
Building -> Office -> Neighborhood -> Office -> Clothing Store,5,0.04337899543378995,38,0.04337899543378995
Coffee Shop -> Gym / Fitness Center -> Office -> Gym / Fitness Center -> Clothing Store,5,0.04337899543378995,38,0.04337899543378995
Coffee Shop -> Gym / Fitness Center -> Office -> Park -> Clothing Store,5,0.04337899543378995,38,0.04337899543378995
Deli / Bodega -> Office -> Park -> Office -> Clothing Store,5,0.04337899543378995,38,0.04337899543378995
Gym / Fitness Center -> Building -> Office -> Coffee Shop -> Clothing Store,5,0.04337899543378995,38,0.04337899543378995
Gym / Fitness Center -> Deli / Bodega -> Office -> Coffee Shop -> Clothing Store,5,0.04337899543378995,38,0.04337899543378995
American Restaurant -> Bus Station,2,0.04336043360433604,64,0.04336043360433604
Deli / Bodega -> Gym / Fitness Center -> Building,3,0.043357933579335796,47,0.043357933579335796
Gym / Fitness Center -> Deli / Bodega -> Building,3,0.043357933579335796,47,0.043357933579335796
Coffee Shop -> Hotel -> Office -> Building,4,0.043357933579335796,47,0.043357933579335796
Office -> Clothing Store -> Office -> Building,4,0.043357933579335796,47,0.043357933579335796
Building -> Office -> Deli / Bodega -> Office -> Building,5,0.043357933579335796,47,0.043357933579335796
Coffee Shop -> Office -> Subway -> Office -> Building,5,0.043357933579335796,47,0.043357933579335796
Deli / Bodega -> Office -> Building -> Office -> Building,5,0.043357933579335796,47,0.043357933579335796
Deli / Bodega -> Office -> Subway -> Office -> Building,5,0.043357933579335796,47,0.043357933579335796
Hotel -> Office -> Coffee Shop -> Office -> Building,5,0.043357933579335796,47,0.043357933579335796
Office -> Train Station -> Coffee Shop -> Office -> Building,5,0.043357933579335796,47,0.043357933579335796
Office -> Train Station -> Office -> Coffee Shop -> Building,5,0.043357933579335796,47,0.043357933579335796
Home (private) -> Pizza Place,2,0.04335260115606936,30,0.04335260115606936
Coffee Shop -> Office -> Coffee Shop -> Pizza Place,4,0.04335260115606936,30,0.04335260115606936
Subway -> Coffee Shop -> Office -> Pizza Place,4,0.04335260115606936,30,0.04335260115606936
Deli / Bodega -> Office -> Building -> Office -> Coffee Shop,5,0.04334085778781038,96,0.04334085778781038
Coffee Shop -> Deli / Bodega -> College Academic Building,3,0.043286867204695524,59,0.043286867204695524
Bus Station -> Bar,2,0.043268124280782506,188,0.043268124280782506
Bus Station -> Bar -> Bus Station,3,0.043268124280782506,73,0.0494579945799458
Bus Station -> Bar -> Hotel,3,0.043268124280782506,59,0.07015457788347206
Office -> Gym / Fitness Center -> Coffee Shop -> Deli / Bodega,4,0.04319478402607987,53,0.04319478402607987
Gym / Fitness Center -> Office -> Neighborhood -> Office -> Deli / Bodega,5,0.04319478402607987,53,0.04319478402607987
Office -> Gym / Fitness Center -> Office -> Coffee Shop -> Deli / Bodega,5,0.04319478402607987,53,0.04319478402607987
Subway -> Coffee Shop -> Office -> Gym / Fitness Center -> Office,5,0.04311951024753793,162,0.04311951024753793
Neighborhood -> Office -> Gym / Fitness Center,3,0.043085761181780875,105,0.043085761181780875
Deli / Bodega -> Office -> Coffee Shop -> Gym / Fitness Center,4,0.043085761181780875,105,0.043085761181780875
Neighborhood -> Office -> Gym / Fitness Center -> Office,4,0.043085761181780875,179,0.047644397125365986
Office -> Food & Drink Shop -> Office -> Gym / Fitness Center,4,0.043085761181780875,105,0.043085761181780875
Neighborhood -> Office -> Gym / Fitness Center -> Office -> Clothing Store,5,0.043085761181780875,45,0.05136986301369863
College Academic Building -> Office -> Park,3,0.043074884029158385,65,0.043074884029158385
Gym / Fitness Center -> Bar -> Park,3,0.043074884029158385,65,0.043074884029158385
Deli / Bodega -> Office -> Park -> Office -> Park,5,0.043074884029158385,65,0.043074884029158385
Subway -> Office -> Gym / Fitness Center -> Office -> Park,5,0.043074884029158385,65,0.043074884029158385
Pizza Place -> American Restaurant,2,0.0430622009569378,45,0.0430622009569378
Bar -> Coffee Shop -> American Restaurant,3,0.0430622009569378,45,0.0430622009569378
Coffee Shop -> Food & Drink Shop -> American Restaurant,3,0.0430622009569378,45,0.0430622009569378
Food & Drink Shop -> Office -> American Restaurant,3,0.0430622009569378,45,0.0430622009569378
Office -> Subway -> American Restaurant,3,0.0430622009569378,45,0.0430622009569378
Hotel -> Neighborhood,2,0.04293116210214656,58,0.04293116210214656
Bar -> Coffee Shop -> Office -> Train Station,4,0.04291845493562232,90,0.04291845493562232
Gym / Fitness Center -> Office -> Coffee Shop -> Train Station,4,0.04291845493562232,90,0.04291845493562232
Coffee Shop -> Deli / Bodega -> Coffee Shop -> Office -> Train Station,5,0.04291845493562232,90,0.04291845493562232
Deli / Bodega -> Office -> Gym / Fitness Center -> Office -> Train Station,5,0.04291845493562232,90,0.04291845493562232
Office -> Hotel -> Coffee Shop -> Office -> Train Station,5,0.04291845493562232,90,0.04291845493562232
Building -> Deli / Bodega -> Coffee Shop,3,0.04288939051918736,95,0.04288939051918736
Coffee Shop -> Bar -> Coffee Shop,3,0.04288939051918736,95,0.04288939051918736
Park -> Deli / Bodega -> Office -> Coffee Shop,4,0.04288939051918736,95,0.04288939051918736
Office -> Coffee Shop -> Office -> Building -> Coffee Shop,5,0.04288939051918736,95,0.04288939051918736
Office -> Coffee Shop -> Office -> Deli / Bodega -> Coffee Shop,5,0.04288939051918736,95,0.04288939051918736
Bar -> Subway -> Bar,3,0.0428078250863061,186,0.0428078250863061
Clothing Store -> Coffee Shop -> Hotel,3,0.04280618311533888,36,0.04280618311533888
Hotel -> Clothing Store -> Hotel,3,0.04280618311533888,36,0.04280618311533888
Office -> Bank -> Hotel,3,0.04280618311533888,36,0.04280618311533888
Train Station -> Coffee Shop -> Hotel,3,0.04280618311533888,36,0.04280618311533888
Coffee Shop -> Gym / Fitness Center -> Coffee Shop -> Hotel,4,0.04280618311533888,36,0.04280618311533888
Coffee Shop -> Office -> Building -> Hotel,4,0.04280618311533888,36,0.04280618311533888
Coffee Shop -> Train Station -> Office -> Hotel,4,0.04280618311533888,36,0.04280618311533888
Deli / Bodega -> Gym / Fitness Center -> Office -> Hotel,4,0.04280618311533888,36,0.04280618311533888
Gym / Fitness Center -> Office -> Gym / Fitness Center -> Hotel,4,0.04280618311533888,36,0.04280618311533888
Office -> American Restaurant -> Office -> Hotel,4,0.04280618311533888,36,0.04280618311533888
Office -> Hotel -> Coffee Shop -> Hotel,4,0.04280618311533888,36,0.04280618311533888
Train Station -> Gym / Fitness Center -> Train Station -> Hotel,4,0.04280618311533888,36,0.04280618311533888
Building -> Office -> Deli / Bodega -> Office -> Hotel,5,0.04280618311533888,36,0.04280618311533888
Deli / Bodega -> Office -> Building -> Office -> Hotel,5,0.04280618311533888,36,0.04280618311533888
Gym / Fitness Center -> Office -> Neighborhood -> Office -> Hotel,5,0.04280618311533888,36,0.04280618311533888
Office -> Coffee Shop -> Office -> Subway -> Hotel,5,0.04280618311533888,36,0.04280618311533888
Bar -> Office -> Food & Drink Shop,3,0.042735042735042736,90,0.042735042735042736
Gym / Fitness Center -> Subway -> Office -> Gym / Fitness Center,4,0.04267542059909725,104,0.04267542059909725
Deli / Bodega -> Office -> Deli / Bodega -> Office -> Gym / Fitness Center,5,0.04267542059909725,104,0.04267542059909725
Office -> Gym / Fitness Center -> Subway,3,0.04263824117255163,128,0.04263824117255163
Office -> Gym / Fitness Center -> Subway -> Office,4,0.04263824117255163,206,0.05483098216662231
Coffee Shop -> Office -> Gym / Fitness Center -> Coffee Shop -> Office,5,0.042587170614852274,160,0.042587170614852274
Gym / Fitness Center -> Subway -> Office -> Gym / Fitness Center -> Office,5,0.042587170614852274,160,0.042587170614852274
Office -> Gym / Fitness Center -> Office -> Gym / Fitness Center -> Office,5,0.042587170614852274,160,0.042587170614852274
Bank -> Office -> Train Station,3,0.042441583214115404,89,0.042441583214115404
Coffee Shop -> Subway -> Office -> Train Station,4,0.042441583214115404,89,0.042441583214115404
Gym / Fitness Center -> Office -> Gym / Fitness Center -> Train Station,4,0.042441583214115404,89,0.042441583214115404
Subway -> Office -> Gym / Fitness Center -> Train Station,4,0.042441583214115404,89,0.042441583214115404
Gym / Fitness Center -> Office -> Deli / Bodega -> Office -> Train Station,5,0.042441583214115404,89,0.042441583214115404
Office -> Clothing Store -> Office -> Coffee Shop,4,0.042437923250564336,94,0.042437923250564336
Deli / Bodega -> Office -> Subway -> Office -> Coffee Shop,5,0.042437923250564336,94,0.042437923250564336
Office -> Clothing Store -> Office -> Coffee Shop -> Clothing Store,5,0.042437923250564336,41,0.04680365296803653
Drugstore / Pharmacy -> Office -> Building,3,0.042435424354243544,46,0.042435424354243544
Train Station -> Coffee Shop -> Building,3,0.042435424354243544,46,0.042435424354243544
Deli / Bodega -> Gym / Fitness Center -> Office -> Building,4,0.042435424354243544,46,0.042435424354243544
Coffee Shop -> Deli / Bodega -> Coffee Shop -> Office -> Building,5,0.042435424354243544,46,0.042435424354243544
Train Station -> Coffee Shop -> Train Station -> Office -> Building,5,0.042435424354243544,46,0.042435424354243544
Coffee Shop -> Deli / Bodega -> Park,3,0.04241219350563287,64,0.04241219350563287
Subway -> Coffee Shop -> Park,3,0.04241219350563287,64,0.04241219350563287
Deli / Bodega -> Park -> Office -> Park,4,0.04241219350563287,64,0.04241219350563287
Park -> Subway -> Office -> Park,4,0.04241219350563287,64,0.04241219350563287
Coffee Shop -> Office -> Building -> Office -> Park,5,0.04241219350563287,64,0.04241219350563287
Park -> Office -> Gym / Fitness Center -> Office -> Park,5,0.04241219350563287,64,0.04241219350563287
Gym / Fitness Center -> Building -> Deli / Bodega,3,0.042379788101059496,52,0.042379788101059496
Gym / Fitness Center -> Park -> Deli / Bodega,3,0.042379788101059496,52,0.042379788101059496
Gym / Fitness Center -> Building -> Office -> Deli / Bodega,4,0.042379788101059496,52,0.042379788101059496
Office -> Deli / Bodega -> Building -> Deli / Bodega,4,0.042379788101059496,52,0.042379788101059496
Train Station -> Coffee Shop -> Office -> Deli / Bodega,4,0.042379788101059496,52,0.042379788101059496
Coffee Shop -> Office -> Subway -> Office -> Deli / Bodega,5,0.042379788101059496,52,0.042379788101059496
Coffee Shop -> Bar -> American Restaurant -> Bar,4,0.04234752589182969,184,0.04234752589182969
Bank -> Drugstore / Pharmacy,2,0.04232164449818621,35,0.04232164449818621
Coffee Shop -> Gym / Fitness Center -> Office -> Drugstore / Pharmacy,4,0.04232164449818621,35,0.04232164449818621
Coffee Shop -> Office -> Coffee Shop -> Drugstore / Pharmacy,4,0.04232164449818621,35,0.04232164449818621
Office -> Building -> Office -> Drugstore / Pharmacy,4,0.04232164449818621,35,0.04232164449818621
Coffee Shop -> Train Station -> Office -> Train Station -> Office,5,0.04232100079850945,159,0.04232100079850945
Gym / Fitness Center -> Coffee Shop -> Office -> Building -> Office,5,0.04232100079850945,159,0.04232100079850945
Office -> Building -> Office -> Building -> Office,5,0.04232100079850945,159,0.04232100079850945
Office -> Coffee Shop -> Office -> Neighborhood -> Office,5,0.04232100079850945,159,0.04232100079850945
Drugstore / Pharmacy -> Gym / Fitness Center,2,0.042265080016413624,103,0.042265080016413624
Building -> Coffee Shop -> Office -> Gym / Fitness Center,4,0.042265080016413624,103,0.042265080016413624
Coffee Shop -> Subway -> Office -> Gym / Fitness Center,4,0.042265080016413624,103,0.042265080016413624
Home (private) -> Food & Drink Shop,2,0.04226020892687559,89,0.04226020892687559
Gym / Fitness Center -> Hotel -> Clothing Store,3,0.04223744292237443,37,0.04223744292237443
Park -> Bar -> Clothing Store,3,0.04223744292237443,37,0.04223744292237443
Office -> Deli / Bodega -> Building -> Clothing Store,4,0.04223744292237443,37,0.04223744292237443
Hotel -> Office -> Building -> Office -> Clothing Store,5,0.04223744292237443,37,0.04223744292237443
Office -> Deli / Bodega -> Park -> Office -> Clothing Store,5,0.04223744292237443,37,0.04223744292237443
Office -> Subway -> Office -> Building -> Clothing Store,5,0.04223744292237443,37,0.04223744292237443
Office -> Coffee Shop -> Neighborhood,3,0.04219096965210955,57,0.04219096965210955
Subway -> Office -> Neighborhood,3,0.04219096965210955,57,0.04219096965210955
Office -> Coffee Shop -> Neighborhood -> Office,4,0.04219096965210955,159,0.04232100079850945
Office -> Coffee Shop -> Neighborhood -> Office -> Clothing Store,5,0.04219096965210955,38,0.04337899543378995
Gym / Fitness Center -> Coffee Shop -> Bar,3,0.04211737629459148,183,0.04211737629459148
Office -> Hotel -> Bar,3,0.04211737629459148,183,0.04211737629459148
Office -> Hotel -> Bar -> Hotel,4,0.04211737629459148,55,0.06539833531510107
Coffee Shop -> Hotel -> American Restaurant,3,0.042105263157894736,44,0.042105263157894736
Gym / Fitness Center -> Coffee Shop -> Office -> American Restaurant,4,0.042105263157894736,44,0.042105263157894736
Building -> Office -> Coffee Shop -> Office -> American Restaurant,5,0.042105263157894736,44,0.042105263157894736
Coffee Shop -> Office -> Gym / Fitness Center -> Office -> American Restaurant,5,0.042105263157894736,44,0.042105263157894736
Bus Station -> Bank,2,0.042071197411003236,26,0.042071197411003236
Coffee Shop -> Building -> Office -> Bank,4,0.042071197411003236,26,0.042071197411003236
Coffee Shop -> Office -> Building -> Bank,4,0.042071197411003236,26,0.042071197411003236
Hotel -> Office -> Gym / Fitness Center -> Bank,4,0.042071197411003236,26,0.042071197411003236
Office -> Coffee Shop -> Deli / Bodega -> Bank,4,0.042071197411003236,26,0.042071197411003236
Park -> Deli / Bodega -> Office -> Bank,4,0.042071197411003236,26,0.042071197411003236
Subway -> Office -> Deli / Bodega -> Bank,4,0.042071197411003236,26,0.042071197411003236
Gym / Fitness Center -> Office -> Gym / Fitness Center -> Office -> Bank,5,0.042071197411003236,26,0.042071197411003236
Office -> Deli / Bodega -> Office -> Coffee Shop -> Bank,5,0.042071197411003236,26,0.042071197411003236
Coffee Shop -> Park -> Office,3,0.04205483098216662,158,0.04205483098216662
Coffee Shop -> Park -> Office -> Clothing Store,4,0.04205483098216662,47,0.05365296803652968
Office -> Coffee Shop -> Clothing Store -> Office,4,0.04205483098216662,158,0.04205483098216662
Office -> Coffee Shop -> Clothing Store -> Office -> Clothing Store,5,0.04205483098216662,63,0.07191780821917808
Office -> Coffee Shop -> Clothing Store -> Office -> Hotel,5,0.04205483098216662,39,0.04637336504161712
Deli / Bodega -> Bus Station,2,0.04200542005420054,62,0.04200542005420054
Hotel -> Bar -> Bus Station,3,0.04200542005420054,62,0.04200542005420054
Building -> Deli / Bodega -> Office -> Coffee Shop,4,0.04198645598194131,93,0.04198645598194131
Deli / Bodega -> Building -> Office -> Coffee Shop,4,0.04198645598194131,93,0.04198645598194131
Gym / Fitness Center -> Office -> Building -> Coffee Shop,4,0.04198645598194131,93,0.04198645598194131
Gym / Fitness Center -> Office -> Building -> Coffee Shop -> Clothing Store,5,0.04198645598194131,38,0.04337899543378995
Office -> Coffee Shop -> Train Station -> Office -> Coffee Shop,5,0.04198645598194131,93,0.04198645598194131
Coffee Shop -> Gym / Fitness Center -> Office -> Train Station,4,0.04196471149260849,88,0.04196471149260849
Office -> Coffee Shop -> Clothing Store -> Office -> Train Station,5,0.04196471149260849,88,0.04196471149260849
Office -> Coffee Shop -> Deli / Bodega -> Office -> Train Station,5,0.04196471149260849,88,0.04196471149260849
Train Station -> Office -> Deli / Bodega -> Office -> Train Station,5,0.04196471149260849,88,0.04196471149260849
Hotel -> Bar -> Pizza Place,3,0.04190751445086705,29,0.04190751445086705
Gym / Fitness Center -> Coffee Shop -> Office -> Pizza Place,4,0.04190751445086705,29,0.04190751445086705
Office -> Deli / Bodega -> Office -> Pizza Place,4,0.04190751445086705,29,0.04190751445086705
Food & Drink Shop -> American Restaurant -> Bar,3,0.04188722669735328,182,0.04188722669735328
Deli / Bodega -> Coffee Shop -> Office -> Gym / Fitness Center,4,0.04185473943373,102,0.04185473943373
Office -> Other Great Outdoors,2,0.04184884447220487,67,0.04184884447220487
Home (private) -> College Academic Building,2,0.04181951577402788,57,0.04181951577402788
Deli / Bodega -> Coffee Shop -> College Academic Building,3,0.04181951577402788,57,0.04181951577402788
Coffee Shop -> Gym / Fitness Center -> Office -> College Academic Building,4,0.04181951577402788,57,0.04181951577402788
Park -> Building -> Office,3,0.0417886611658238,157,0.0417886611658238
Gym / Fitness Center -> Office -> Hotel -> Office,4,0.0417886611658238,157,0.0417886611658238
Coffee Shop -> Building -> Office -> Deli / Bodega -> Office,5,0.0417886611658238,157,0.0417886611658238
Gym / Fitness Center -> Office -> Coffee Shop -> Gym / Fitness Center -> Office,5,0.0417886611658238,157,0.0417886611658238
Gym / Fitness Center -> Office -> Hotel -> Office -> Clothing Store,5,0.0417886611658238,40,0.045662100456621
Food & Drink Shop -> Park -> Food & Drink Shop,3,0.04178537511870845,88,0.04178537511870845
Coffee Shop -> Gym / Fitness Center -> Office -> Food & Drink Shop,4,0.04178537511870845,88,0.04178537511870845
Coffee Shop -> Office -> Coffee Shop -> Food & Drink Shop,4,0.04178537511870845,88,0.04178537511870845
Coffee Shop -> Gym / Fitness Center -> Office -> Food & Drink Shop -> Clothing Store,5,0.04178537511870845,37,0.04223744292237443
Gym / Fitness Center -> Office -> Coffee Shop -> Office -> Food & Drink Shop,5,0.04178537511870845,88,0.04178537511870845
Neighborhood -> Park,2,0.041749502982107355,63,0.041749502982107355
Food & Drink Shop -> Clothing Store -> Park,3,0.041749502982107355,63,0.041749502982107355
Clothing Store -> Gym / Fitness Center -> Hotel,3,0.041617122473246136,35,0.041617122473246136
Drugstore / Pharmacy -> Office -> Hotel,3,0.041617122473246136,35,0.041617122473246136
Deli / Bodega -> Building -> Office -> Hotel,4,0.041617122473246136,35,0.041617122473246136
Hotel -> Gym / Fitness Center -> Office -> Hotel,4,0.041617122473246136,35,0.041617122473246136
Train Station -> Coffee Shop -> Office -> Hotel,4,0.041617122473246136,35,0.041617122473246136
Coffee Shop -> Office -> Neighborhood -> Office -> Hotel,5,0.041617122473246136,35,0.041617122473246136
Office -> Coffee Shop -> Deli / Bodega -> Office -> Hotel,5,0.041617122473246136,35,0.041617122473246136
Office -> Coffee Shop -> Gym / Fitness Center -> Office -> Hotel,5,0.041617122473246136,35,0.041617122473246136
Office -> Deli / Bodega -> Office -> Coffee Shop -> Hotel,5,0.041617122473246136,35,0.041617122473246136
American Restaurant -> Coffee Shop -> Deli / Bodega,3,0.04156479217603912,51,0.04156479217603912
Coffee Shop -> Building -> Coffee Shop -> Deli / Bodega,4,0.04156479217603912,51,0.04156479217603912
Park -> Subway -> Office -> Deli / Bodega,4,0.04156479217603912,51,0.04156479217603912
Hotel -> Office -> Coffee Shop -> Office -> Deli / Bodega,5,0.04156479217603912,51,0.04156479217603912
Office -> Coffee Shop -> Gym / Fitness Center -> Office -> Deli / Bodega,5,0.04156479217603912,51,0.04156479217603912
Coffee Shop -> Train Station -> Coffee Shop,3,0.04153498871331828,92,0.04153498871331828
Coffee Shop -> Train Station -> Coffee Shop -> Train Station,4,0.04153498871331828,91,0.04339532665712923
Building -> Office -> Deli / Bodega -> Office -> Coffee Shop,5,0.04153498871331828,92,0.04153498871331828
Coffee Shop -> Bar -> Office,3,0.04152249134948097,156,0.04152249134948097
Office -> Neighborhood -> Office -> Coffee Shop -> Office,5,0.04152249134948097,156,0.04152249134948097
Train Station -> Office -> Coffee Shop -> Train Station -> Office,5,0.04152249134948097,156,0.04152249134948097
Coffee Shop -> Clothing Store -> Building,3,0.04151291512915129,45,0.04151291512915129
Coffee Shop -> Office -> Subway -> Building,4,0.04151291512915129,45,0.04151291512915129
Deli / Bodega -> Office -> Gym / Fitness Center -> Building,4,0.04151291512915129,45,0.04151291512915129
Gym / Fitness Center -> Subway -> Office -> Building,4,0.04151291512915129,45,0.04151291512915129
Hotel -> Office -> Coffee Shop -> Building,4,0.04151291512915129,45,0.04151291512915129
Gym / Fitness Center -> Office -> Subway -> Office -> Building,5,0.04151291512915129,45,0.04151291512915129
Bar -> Coffee Shop -> Train Station,3,0.04148783977110158,87,0.04148783977110158
Building -> Coffee Shop -> Train Station,3,0.04148783977110158,87,0.04148783977110158
Office -> Train Station -> Hotel -> Train Station,4,0.04148783977110158,87,0.04148783977110158
Deli / Bodega -> Office -> Deli / Bodega -> Office -> Train Station,5,0.04148783977110158,87,0.04148783977110158
Coffee Shop -> Bar -> Gym / Fitness Center,3,0.041444398851046366,101,0.041444398851046366
Gym / Fitness Center -> Office -> Gym / Fitness Center -> Office -> Gym / Fitness Center,5,0.041444398851046366,101,0.041444398851046366
Coffee Shop -> Office -> Coffee Shop -> Deli / Bodega -> Office,5,0.04125632153313814,155,0.04125632153313814
Gym / Fitness Center -> Building -> Office -> Coffee Shop -> Office,5,0.04125632153313814,155,0.04125632153313814
Office -> Building -> Office -> Gym / Fitness Center -> Office,5,0.04125632153313814,155,0.04125632153313814
Clothing Store -> Office -> American Restaurant,3,0.04114832535885168,43,0.04114832535885168
Coffee Shop -> Park -> American Restaurant,3,0.04114832535885168,43,0.04114832535885168
College Academic Building -> Drugstore / Pharmacy,2,0.041112454655380895,34,0.041112454655380895
Pizza Place -> Drugstore / Pharmacy,2,0.041112454655380895,34,0.041112454655380895
Gym / Fitness Center -> Bar -> Drugstore / Pharmacy,3,0.041112454655380895,34,0.041112454655380895
Office -> Subway -> Office -> Drugstore / Pharmacy,4,0.041112454655380895,34,0.041112454655380895
Park -> American Restaurant -> Clothing Store,3,0.0410958904109589,36,0.0410958904109589
Subway -> Deli / Bodega -> Clothing Store,3,0.0410958904109589,36,0.0410958904109589
Bar -> Office -> Deli / Bodega -> Clothing Store,4,0.0410958904109589,36,0.0410958904109589
Coffee Shop -> Office -> Train Station -> Clothing Store,4,0.0410958904109589,36,0.0410958904109589
Gym / Fitness Center -> Coffee Shop -> Building -> Clothing Store,4,0.0410958904109589,36,0.0410958904109589
Gym / Fitness Center -> Office -> Train Station -> Clothing Store,4,0.0410958904109589,36,0.0410958904109589
Coffee Shop -> Gym / Fitness Center -> Coffee Shop -> Office -> Clothing Store,5,0.0410958904109589,36,0.0410958904109589
Drugstore / Pharmacy -> Office -> Coffee Shop -> Office -> Clothing Store,5,0.0410958904109589,36,0.0410958904109589
Gym / Fitness Center -> Subway -> Office -> Park -> Clothing Store,5,0.0410958904109589,36,0.0410958904109589
Office -> Coffee Shop -> Office -> Park -> Clothing Store,5,0.0410958904109589,36,0.0410958904109589
Office -> Train Station -> Office -> Train Station -> Clothing Store,5,0.0410958904109589,36,0.0410958904109589
Coffee Shop -> Park -> Office -> Park,4,0.04108681245858184,62,0.04108681245858184
Gym / Fitness Center -> Office -> Deli / Bodega -> Park,4,0.04108681245858184,62,0.04108681245858184
Office -> Deli / Bodega -> Office -> College Academic Building,4,0.041085840058694055,56,0.041085840058694055
Coffee Shop -> Clothing Store -> Coffee Shop,3,0.04108352144469526,91,0.04108352144469526
Coffee Shop -> Park -> Coffee Shop,3,0.04108352144469526,91,0.04108352144469526
Coffee Shop -> Clothing Store -> Coffee Shop -> Clothing Store,4,0.04108352144469526,51,0.05821917808219178
Coffee Shop -> Park -> Coffee Shop -> Clothing Store,4,0.04108352144469526,40,0.045662100456621
Office -> Clothing Store -> Gym / Fitness Center,3,0.04103405826836274,100,0.04103405826836274
Office -> Clothing Store -> Gym / Fitness Center -> Clothing Store,4,0.04103405826836274,49,0.05593607305936073
Subway -> Office -> Gym / Fitness Center -> Office -> Gym / Fitness Center,5,0.04103405826836274,100,0.04103405826836274
Office -> Clothing Store -> Train Station,3,0.04101096804959466,86,0.04101096804959466
Coffee Shop -> Deli / Bodega -> Office -> Gym / Fitness Center -> Train Station,5,0.04101096804959466,86,0.04101096804959466
Bus Station -> Subway,2,0.040972684876748836,123,0.040972684876748836
Coffee Shop -> Office -> Park -> Food & Drink Shop,4,0.04083570750237417,86,0.04083570750237417
Residential Building (Apartment / Condo) -> Deli / Bodega,2,0.040749796251018745,50,0.040749796251018745
Coffee Shop -> Train Station -> Office -> Deli / Bodega,4,0.040749796251018745,50,0.040749796251018745
Park -> Coffee Shop -> Office -> Deli / Bodega,4,0.040749796251018745,50,0.040749796251018745
Coffee Shop -> Building -> Coffee Shop -> Office -> Deli / Bodega,5,0.040749796251018745,50,0.040749796251018745
Coffee Shop -> Office -> Deli / Bodega -> Coffee Shop -> Deli / Bodega,5,0.040749796251018745,50,0.040749796251018745
Deli / Bodega -> Office -> Subway -> Office -> Deli / Bodega,5,0.040749796251018745,50,0.040749796251018745
Gym / Fitness Center -> Deli / Bodega -> Office -> Coffee Shop -> Deli / Bodega,5,0.040749796251018745,50,0.040749796251018745
Office -> Coffee Shop -> Office -> Building -> Deli / Bodega,5,0.040749796251018745,50,0.040749796251018745
Subway -> Office -> Deli / Bodega -> Office -> Deli / Bodega,5,0.040749796251018745,50,0.040749796251018745
Building -> Office -> Clothing Store -> Office,4,0.04072398190045249,153,0.04072398190045249
Food & Drink Shop -> Office -> Coffee Shop -> Office,4,0.04072398190045249,153,0.04072398190045249
Gym / Fitness Center -> Office -> Bar -> Office,4,0.04072398190045249,153,0.04072398190045249
Building -> Office -> Clothing Store -> Office -> Clothing Store,5,0.04072398190045249,53,0.06050228310502283
Building -> Office -> Clothing Store -> Office -> Hotel,5,0.04072398190045249,38,0.04518430439952437
Building -> Office -> Clothing Store -> Office -> Train Station,5,0.04072398190045249,86,0.04101096804959466
Coffee Shop -> Gym / Fitness Center -> Office -> Coffee Shop -> Office,5,0.04072398190045249,153,0.04072398190045249
Coffee Shop -> Office -> Train Station -> Coffee Shop -> Office,5,0.04072398190045249,153,0.04072398190045249
Food & Drink Shop -> Office -> Coffee Shop -> Office -> Clothing Store,5,0.04072398190045249,43,0.04908675799086758
Office -> Subway -> Bus Station,3,0.04065040650406504,60,0.04065040650406504
Gym / Fitness Center -> Building -> Coffee Shop,3,0.040632054176072234,90,0.040632054176072234
Gym / Fitness Center -> Deli / Bodega -> Coffee Shop,3,0.040632054176072234,90,0.040632054176072234
Gym / Fitness Center -> Deli / Bodega -> Coffee Shop -> Office,4,0.040632054176072234,178,0.047378227309023156
Office -> Coffee Shop -> Gym / Fitness Center -> Coffee Shop,4,0.040632054176072234,90,0.040632054176072234
Office -> Drugstore / Pharmacy -> Office -> Coffee Shop,4,0.040632054176072234,90,0.040632054176072234
Office -> Food & Drink Shop -> Office -> Coffee Shop,4,0.040632054176072234,90,0.040632054176072234
Park -> Coffee Shop -> Office -> Coffee Shop,4,0.040632054176072234,90,0.040632054176072234
Deli / Bodega -> Office -> Gym / Fitness Center -> Office -> Coffee Shop,5,0.040632054176072234,90,0.040632054176072234
Gym / Fitness Center -> Deli / Bodega -> Coffee Shop -> Office -> Deli / Bodega,5,0.040632054176072234,52,0.042379788101059496
Gym / Fitness Center -> Office -> Subway -> Office -> Coffee Shop,5,0.040632054176072234,90,0.040632054176072234
Office -> Drugstore / Pharmacy -> Office -> Coffee Shop -> Clothing Store,5,0.040632054176072234,38,0.04337899543378995
Office -> Drugstore / Pharmacy -> Office -> Coffee Shop -> Office,5,0.040632054176072234,171,0.04551503859462337
Office -> Food & Drink Shop -> Office -> Coffee Shop -> Clothing Store,5,0.040632054176072234,36,0.0410958904109589
Office -> Train Station -> Coffee Shop -> Office -> Coffee Shop,5,0.040632054176072234,90,0.040632054176072234
Clothing Store -> Office -> Gym / Fitness Center,3,0.040623717685679114,99,0.040623717685679114
Gym / Fitness Center -> Bar -> Gym / Fitness Center,3,0.040623717685679114,99,0.040623717685679114
Coffee Shop -> Office -> Subway -> Office -> Gym / Fitness Center,5,0.040623717685679114,99,0.040623717685679114
Office -> Coffee Shop -> Office -> Coffee Shop -> Gym / Fitness Center,5,0.040623717685679114,99,0.040623717685679114
Office -> Bar -> Building,3,0.04059040590405904,44,0.04059040590405904
Coffee Shop -> Building -> Coffee Shop -> Office -> Building,5,0.04059040590405904,44,0.04059040590405904
Coffee Shop -> Building -> Office -> Coffee Shop -> Building,5,0.04059040590405904,44,0.04059040590405904
Deli / Bodega -> Office -> Gym / Fitness Center -> Office -> Building,5,0.04059040590405904,44,0.04059040590405904
Office -> Coffee Shop -> Gym / Fitness Center -> Office -> Building,5,0.04059040590405904,44,0.04059040590405904
Deli / Bodega -> Gym / Fitness Center -> Office -> Train Station,4,0.04053409632808774,85,0.04053409632808774
Hotel -> Office -> Building -> Office -> Train Station,5,0.04053409632808774,85,0.04053409632808774
Train Station -> Coffee Shop -> Office -> Coffee Shop -> Train Station,5,0.04053409632808774,85,0.04053409632808774
Gym / Fitness Center -> Coffee Shop -> Pizza Place,3,0.04046242774566474,28,0.04046242774566474
Deli / Bodega -> Coffee Shop -> Office -> Pizza Place,4,0.04046242774566474,28,0.04046242774566474
Office -> Building -> Office -> Pizza Place,4,0.04046242774566474,28,0.04046242774566474
Bus Station -> Office,2,0.04045781208410966,152,0.04045781208410966
Bus Station -> Office -> Clothing Store,3,0.04045781208410966,41,0.04680365296803653
Bus Station -> Office -> Hotel,3,0.04045781208410966,49,0.05826397146254459
Subway -> Office -> Neighborhood -> Office,4,0.04045781208410966,152,0.04045781208410966
Coffee Shop -> Subway -> Bank,3,0.040453074433656956,25,0.040453074433656956
Deli / Bodega -> Subway -> Bank,3,0.040453074433656956,25,0.040453074433656956
Gym / Fitness Center -> Deli / Bodega -> Bank,3,0.040453074433656956,25,0.040453074433656956
Deli / Bodega -> Coffee Shop -> Office -> Bank,4,0.040453074433656956,25,0.040453074433656956
Deli / Bodega -> Gym / Fitness Center -> Office -> Bank,4,0.040453074433656956,25,0.040453074433656956
Deli / Bodega -> Office -> Subway -> Bank,4,0.040453074433656956,25,0.040453074433656956
Gym / Fitness Center -> Office -> Coffee Shop -> Bank,4,0.040453074433656956,25,0.040453074433656956
Deli / Bodega -> Office -> Subway -> Office -> Bank,5,0.040453074433656956,25,0.040453074433656956
Gym / Fitness Center -> Office -> Coffee Shop -> Office -> Bank,5,0.040453074433656956,25,0.040453074433656956
Office -> Coffee Shop -> Gym / Fitness Center -> Office -> Bank,5,0.040453074433656956,25,0.040453074433656956
Office -> Gym / Fitness Center -> Office -> Deli / Bodega -> Bank,5,0.040453074433656956,25,0.040453074433656956
Park -> Office -> Deli / Bodega -> Office -> Bank,5,0.040453074433656956,25,0.040453074433656956
Subway -> Office -> Coffee Shop -> Office -> Bank,5,0.040453074433656956,25,0.040453074433656956
American Restaurant -> Bus Station -> Hotel,3,0.04042806183115339,34,0.04042806183115339
Gym / Fitness Center -> Neighborhood -> Hotel,3,0.04042806183115339,34,0.04042806183115339
Bar -> Coffee Shop -> Office -> Hotel,4,0.04042806183115339,34,0.04042806183115339
Bar -> Gym / Fitness Center -> Office -> Hotel,4,0.04042806183115339,34,0.04042806183115339
Coffee Shop -> Bar -> Office -> Hotel,4,0.04042806183115339,34,0.04042806183115339
Coffee Shop -> Office -> Clothing Store -> Hotel,4,0.04042806183115339,34,0.04042806183115339
Coffee Shop -> Office -> Deli / Bodega -> Hotel,4,0.04042806183115339,34,0.04042806183115339
Deli / Bodega -> Subway -> Office -> Hotel,4,0.04042806183115339,34,0.04042806183115339
Office -> Coffee Shop -> Subway -> Hotel,4,0.04042806183115339,34,0.04042806183115339
Office -> Hotel -> American Restaurant -> Hotel,4,0.04042806183115339,34,0.04042806183115339
Bank -> Office -> Coffee Shop -> Office -> Hotel,5,0.04042806183115339,34,0.04042806183115339
Drugstore / Pharmacy -> Office -> Coffee Shop -> Office -> Hotel,5,0.04042806183115339,34,0.04042806183115339
Office -> Coffee Shop -> Office -> Train Station -> Hotel,5,0.04042806183115339,34,0.04042806183115339
Coffee Shop -> Office -> Subway -> Park,4,0.04042412193505633,61,0.04042412193505633
Gym / Fitness Center -> Office -> Subway -> Park,4,0.04042412193505633,61,0.04042412193505633
Office -> Park -> Clothing Store -> Park,4,0.04042412193505633,61,0.04042412193505633
Coffee Shop -> Office -> Food & Drink Shop -> Office -> Park,5,0.04042412193505633,61,0.04042412193505633
Building -> Office -> Food & Drink Shop,3,0.04036087369420703,85,0.04036087369420703
Neighborhood -> Office -> Food & Drink Shop,3,0.04036087369420703,85,0.04036087369420703
Gym / Fitness Center -> Office -> Subway -> Office -> Food & Drink Shop,5,0.04036087369420703,85,0.04036087369420703
Building -> Office -> Coffee Shop -> Gym / Fitness Center,4,0.04021337710299549,98,0.04021337710299549
Office -> Neighborhood -> Office -> Gym / Fitness Center,4,0.04021337710299549,98,0.04021337710299549
Park -> Coffee Shop -> Office -> Gym / Fitness Center,4,0.04021337710299549,98,0.04021337710299549
Deli / Bodega -> Office -> Gym / Fitness Center -> Office -> Gym / Fitness Center,5,0.04021337710299549,98,0.04021337710299549
Office -> Neighborhood -> Office -> Gym / Fitness Center -> Office,5,0.04021337710299549,165,0.04391801969656641
Park -> Office -> Building -> Office,4,0.040191642267766836,151,0.040191642267766836
Office -> Train Station -> Coffee Shop -> Train Station -> Office,5,0.040191642267766836,151,0.040191642267766836
Park -> Office -> American Restaurant,3,0.04019138755980861,42,0.04019138755980861
Building -> Coffee Shop -> Office -> American Restaurant,4,0.04019138755980861,42,0.04019138755980861
Coffee Shop -> Hotel -> Office -> Coffee Shop,4,0.04018058690744921,89,0.04018058690744921
Gym / Fitness Center -> Office -> Gym / Fitness Center -> Coffee Shop,4,0.04018058690744921,89,0.04018058690744921
Coffee Shop -> Deli / Bodega -> Coffee Shop -> Office -> Coffee Shop,5,0.04018058690744921,89,0.04018058690744921
Gym / Fitness Center -> Bar -> Train Station,3,0.04005722460658083,84,0.04005722460658083
Hotel -> Office -> Gym / Fitness Center -> Train Station,4,0.04005722460658083,84,0.04005722460658083
Gym / Fitness Center -> Office -> Building -> Office -> Train Station,5,0.04005722460658083,84,0.04005722460658083
Office -> Clothing Store -> Bar,3,0.04004602991944764,174,0.04004602991944764
Office -> Clothing Store -> Bar -> Clothing Store,4,0.04004602991944764,38,0.04337899543378995
Office -> Clothing Store -> Bar -> Hotel,4,0.04004602991944764,49,0.05826397146254459
Deli / Bodega -> Medical Center,2,0.04004449388209121,36,0.04004449388209121
Deli / Bodega -> Gym / Fitness Center -> Clothing Store,3,0.03995433789954338,35,0.03995433789954338
Coffee Shop -> Office -> Hotel -> Clothing Store,4,0.03995433789954338,35,0.03995433789954338
Gym / Fitness Center -> Coffee Shop -> Food & Drink Shop -> Clothing Store,4,0.03995433789954338,35,0.03995433789954338
Office -> Coffee Shop -> Hotel -> Clothing Store,4,0.03995433789954338,35,0.03995433789954338
Bar -> Office -> Deli / Bodega -> Office -> Clothing Store,5,0.03995433789954338,35,0.03995433789954338
Building -> Office -> Coffee Shop -> Gym / Fitness Center -> Clothing Store,5,0.03995433789954338,35,0.03995433789954338
Coffee Shop -> Office -> Gym / Fitness Center -> Coffee Shop -> Clothing Store,5,0.03995433789954338,35,0.03995433789954338
Deli / Bodega -> Building -> Office -> Coffee Shop -> Clothing Store,5,0.03995433789954338,35,0.03995433789954338
Hotel -> Office -> Deli / Bodega -> Office -> Clothing Store,5,0.03995433789954338,35,0.03995433789954338
Office -> Gym / Fitness Center -> Office -> Deli / Bodega -> Clothing Store,5,0.03995433789954338,35,0.03995433789954338
Office -> Gym / Fitness Center -> Subway -> Office -> Clothing Store,5,0.03995433789954338,35,0.03995433789954338
Office -> Subway -> Office -> Food & Drink Shop -> Clothing Store,5,0.03995433789954338,35,0.03995433789954338
Bank -> Office -> Deli / Bodega,3,0.03993480032599837,49,0.03993480032599837
Food & Drink Shop -> Office -> Deli / Bodega,3,0.03993480032599837,49,0.03993480032599837
Building -> Office -> Gym / Fitness Center -> Office -> Deli / Bodega,5,0.03993480032599837,49,0.03993480032599837
Office -> Subway -> Office -> Coffee Shop -> Deli / Bodega,5,0.03993480032599837,49,0.03993480032599837
Park -> Office -> Gym / Fitness Center -> Office -> Deli / Bodega,5,0.03993480032599837,49,0.03993480032599837
Building -> Office -> Hotel -> Office,4,0.039925472451424006,150,0.039925472451424006
Building -> Office -> Hotel -> Office -> Clothing Store,5,0.039925472451424006,50,0.05707762557077625
Building -> Office -> Hotel -> Office -> Hotel,5,0.039925472451424006,37,0.04399524375743163
Bar -> Office -> Drugstore / Pharmacy,3,0.03990326481257558,33,0.03990326481257558
Hotel -> Office -> Drugstore / Pharmacy,3,0.03990326481257558,33,0.03990326481257558
Office -> Bar -> Drugstore / Pharmacy,3,0.03990326481257558,33,0.03990326481257558
Office -> Building -> Drugstore / Pharmacy,3,0.03990326481257558,33,0.03990326481257558
Deli / Bodega -> Office -> Coffee Shop -> Office -> Drugstore / Pharmacy,5,0.03990326481257558,33,0.03990326481257558
Park -> Gym / Fitness Center -> Food & Drink Shop,3,0.039886039886039885,84,0.039886039886039885
Gym / Fitness Center -> Office -> Coffee Shop -> Food & Drink Shop,4,0.039886039886039885,84,0.039886039886039885
Park -> Gym / Fitness Center -> Food & Drink Shop -> Clothing Store,4,0.039886039886039885,37,0.04223744292237443
Coffee Shop -> Office -> Gym / Fitness Center -> Office -> Food & Drink Shop,5,0.039886039886039885,84,0.039886039886039885
Coffee Shop -> Food & Drink Shop -> Gym / Fitness Center,3,0.039803036520311856,97,0.039803036520311856
Office -> Hotel -> Gym / Fitness Center,3,0.039803036520311856,97,0.039803036520311856
Coffee Shop -> Food & Drink Shop -> Gym / Fitness Center -> Clothing Store,4,0.039803036520311856,35,0.03995433789954338
Coffee Shop -> Clothing Store -> Park,3,0.039761431411530816,60,0.039761431411530816
Park -> Subway -> Park,3,0.039761431411530816,60,0.039761431411530816
Gym / Fitness Center -> Food & Drink Shop -> Office -> Park,4,0.039761431411530816,60,0.039761431411530816
Deli / Bodega -> Office -> Subway -> Office -> Park,5,0.039761431411530816,60,0.039761431411530816
Office -> Gym / Fitness Center -> Coffee Shop -> Office -> Park,5,0.039761431411530816,60,0.039761431411530816
Office -> Park -> Coffee Shop -> Office -> Park,5,0.039761431411530816,60,0.039761431411530816
Subway -> Office -> Building -> Office -> Coffee Shop,5,0.03972911963882619,88,0.03972911963882619
Train Station -> Coffee Shop -> Train Station -> Office -> Coffee Shop,5,0.03972911963882619,88,0.03972911963882619
Hotel -> Coffee Shop -> Building,3,0.03966789667896679,43,0.03966789667896679
Office -> American Restaurant -> Office -> Building,4,0.03966789667896679,43,0.03966789667896679
Hotel -> Office -> Building -> Office -> Building,5,0.03966789667896679,43,0.03966789667896679
Office -> Gym / Fitness Center -> Coffee Shop -> Office -> Building,5,0.03966789667896679,43,0.03966789667896679
Gym / Fitness Center -> Coffee Shop -> Building -> Office,4,0.03965930263508118,149,0.03965930263508118
Office -> Subway -> Office -> Building -> Office,5,0.03965930263508118,149,0.03965930263508118
Office -> Park -> Office -> College Academic Building,4,0.03961848862802641,54,0.03961848862802641
Gym / Fitness Center -> Office -> Coffee Shop -> Office -> College Academic Building,5,0.03961848862802641,54,0.03961848862802641
Train Station -> Clothing Store -> Train Station,3,0.039580352885073916,83,0.039580352885073916
Train Station -> Office -> Building -> Train Station,4,0.039580352885073916,83,0.039580352885073916
Coffee Shop -> Building -> Office -> Gym / Fitness Center -> Train Station,5,0.039580352885073916,83,0.039580352885073916
Park -> Coffee Shop -> Office -> Food & Drink Shop,4,0.03941120607787275,83,0.03941120607787275
Deli / Bodega -> Office -> Coffee Shop -> Office -> Food & Drink Shop,5,0.03941120607787275,83,0.03941120607787275
Gym / Fitness Center -> Office -> Food & Drink Shop -> Office -> Food & Drink Shop,5,0.03941120607787275,83,0.03941120607787275
Park -> Coffee Shop -> Office -> Food & Drink Shop -> Clothing Store,5,0.03941120607787275,40,0.045662100456621
Subway -> Office -> Clothing Store -> Office,4,0.03939313281873835,148,0.03939313281873835
Gym / Fitness Center -> Deli / Bodega -> Office -> Deli / Bodega -> Office,5,0.03939313281873835,148,0.03939313281873835
Park -> Deli / Bodega -> Office -> Coffee Shop -> Office,5,0.03939313281873835,148,0.03939313281873835
Subway -> Office -> Clothing Store -> Office -> Clothing Store,5,0.03939313281873835,61,0.06963470319634703
Subway -> Office -> Clothing Store -> Office -> Hotel,5,0.03939313281873835,34,0.04042806183115339
Office -> Food & Drink Shop -> Bar,3,0.039355581127733026,171,0.039355581127733026
Building -> Office -> Deli / Bodega -> Coffee Shop,4,0.03927765237020316,87,0.03927765237020316
Coffee Shop -> Building -> Coffee Shop -> Office -> Coffee Shop,5,0.03927765237020316,87,0.03927765237020316
American Restaurant -> Gym / Fitness Center -> Hotel,3,0.039239001189060645,33,0.039239001189060645
Coffee Shop -> American Restaurant -> Hotel,3,0.039239001189060645,33,0.039239001189060645
Deli / Bodega -> Bar -> Hotel,3,0.039239001189060645,33,0.039239001189060645
Food & Drink Shop -> Coffee Shop -> Hotel,3,0.039239001189060645,33,0.039239001189060645
Park -> Coffee Shop -> Hotel,3,0.039239001189060645,33,0.039239001189060645
Pizza Place -> Bar -> Hotel,3,0.039239001189060645,33,0.039239001189060645
Gym / Fitness Center -> Office -> Subway -> Hotel,4,0.039239001189060645,33,0.039239001189060645
Gym / Fitness Center -> Office -> Train Station -> Hotel,4,0.039239001189060645,33,0.039239001189060645
Hotel -> Office -> Clothing Store -> Hotel,4,0.039239001189060645,33,0.039239001189060645
Subway -> Building -> Office -> Hotel,4,0.039239001189060645,33,0.039239001189060645
Coffee Shop -> Building -> Office -> Gym / Fitness Center -> Hotel,5,0.039239001189060645,33,0.039239001189060645
Coffee Shop -> Subway -> Coffee Shop -> Office -> Hotel,5,0.039239001189060645,33,0.039239001189060645
Office -> Coffee Shop -> Subway -> Office -> Hotel,5,0.039239001189060645,33,0.039239001189060645
Subway -> Office -> Deli / Bodega -> Office -> Hotel,5,0.039239001189060645,33,0.039239001189060645
Office -> Building -> American Restaurant,3,0.03923444976076555,41,0.03923444976076555
Train Station -> Office -> American Restaurant,3,0.03923444976076555,41,0.03923444976076555
Coffee Shop -> Office -> Bar -> American Restaurant,4,0.03923444976076555,41,0.03923444976076555
Deli / Bodega -> Office -> Coffee Shop -> Office -> American Restaurant,5,0.03923444976076555,41,0.03923444976076555
Subway -> Office -> Coffee Shop -> Office -> American Restaurant,5,0.03923444976076555,41,0.03923444976076555
Deli / Bodega -> Park -> Deli / Bodega -> Office,4,0.03912696300239553,147,0.03912696300239553
Coffee Shop -> Office -> Coffee Shop -> Gym / Fitness Center -> Office,5,0.03912696300239553,147,0.03912696300239553
Gym / Fitness Center -> Coffee Shop -> Office -> Deli / Bodega -> Office,5,0.03912696300239553,147,0.03912696300239553
Bar -> Clothing Store -> Bar,3,0.039125431530494824,170,0.039125431530494824
Office -> Bar -> Deli / Bodega,3,0.039119804400977995,48,0.039119804400977995
Deli / Bodega -> Office -> Gym / Fitness Center -> Deli / Bodega,4,0.039119804400977995,48,0.039119804400977995
Deli / Bodega -> Coffee Shop -> Office -> Coffee Shop -> Deli / Bodega,5,0.039119804400977995,48,0.039119804400977995
Deli / Bodega -> Office -> Deli / Bodega -> Coffee Shop -> Deli / Bodega,5,0.039119804400977995,48,0.039119804400977995
Office -> Gym / Fitness Center -> Coffee Shop -> Office -> Deli / Bodega,5,0.039119804400977995,48,0.039119804400977995
Park -> Office -> Deli / Bodega -> Office -> Deli / Bodega,5,0.039119804400977995,48,0.039119804400977995
Food & Drink Shop -> Office -> Train Station,3,0.039103481163567,82,0.039103481163567
Neighborhood -> Office -> Train Station,3,0.039103481163567,82,0.039103481163567
Gym / Fitness Center -> Train Station -> Hotel -> Train Station,4,0.039103481163567,82,0.039103481163567
Office -> Neighborhood -> Office -> Train Station,4,0.039103481163567,82,0.039103481163567
Office -> Gym / Fitness Center -> Office -> Gym / Fitness Center -> Train Station,5,0.039103481163567,82,0.039103481163567
Bank -> Park,2,0.0390987408880053,59,0.0390987408880053
Gym / Fitness Center -> Coffee Shop -> Gym / Fitness Center -> Park,4,0.0390987408880053,59,0.0390987408880053
Office -> Park -> Gym / Fitness Center -> Park,4,0.0390987408880053,59,0.0390987408880053
Deli / Bodega -> Office -> Building -> Office -> Park,5,0.0390987408880053,59,0.0390987408880053
Park -> Office -> Coffee Shop -> Office -> Park,5,0.0390987408880053,59,0.0390987408880053
Neighborhood -> Bar -> Pizza Place,3,0.03901734104046243,27,0.03901734104046243
Office -> Food & Drink Shop -> Pizza Place,3,0.03901734104046243,27,0.03901734104046243
Bar -> American Restaurant -> Bar -> Pizza Place,4,0.03901734104046243,27,0.03901734104046243
Coffee Shop -> Gym / Fitness Center -> Bar -> Pizza Place,4,0.03901734104046243,27,0.03901734104046243
Home (private) -> Residential Building (Apartment / Condo),2,0.0390104662226451,41,0.0390104662226451
Bar -> Office -> Gym / Fitness Center,3,0.038982355354944605,95,0.038982355354944605
Coffee Shop -> Park -> Gym / Fitness Center,3,0.038982355354944605,95,0.038982355354944605
Bar -> Office -> Gym / Fitness Center -> Clothing Store,4,0.038982355354944605,35,0.03995433789954338
Coffee Shop -> Park -> Gym / Fitness Center -> Park,4,0.038982355354944605,60,0.039761431411530816
Building -> Subway,2,0.03897401732178547,117,0.03897401732178547
Building -> Office -> Subway,3,0.03897401732178547,117,0.03897401732178547
Building -> Subway -> Hotel,3,0.03897401732178547,42,0.04994054696789536
Building -> Subway -> Office,3,0.03897401732178547,192,0.05110460473782273
Building -> Office -> Subway -> Clothing Store,4,0.03897401732178547,36,0.0410958904109589
Building -> Office -> Subway -> Hotel,4,0.03897401732178547,44,0.052318668252080855
Building -> Office -> Subway -> Office,4,0.03897401732178547,239,0.06361458610593558
Building -> Subway -> Office -> Clothing Store,4,0.03897401732178547,43,0.04908675799086758
Building -> Subway -> Office -> Hotel,4,0.03897401732178547,35,0.041617122473246136
Building -> Office -> Subway -> Office -> Clothing Store,5,0.03897401732178547,61,0.06963470319634703
Building -> Office -> Subway -> Office -> Hotel,5,0.03897401732178547,48,0.057074910820451845
Neighborhood -> Food & Drink Shop,2,0.0389363722697056,82,0.0389363722697056
Coffee Shop -> Park -> Food & Drink Shop,3,0.0389363722697056,82,0.0389363722697056
Gym / Fitness Center -> Bar -> Food & Drink Shop,3,0.0389363722697056,82,0.0389363722697056
Food & Drink Shop -> Medical Center,2,0.0389321468298109,35,0.0389321468298109
Office -> Subway -> Bar,3,0.038895281933256615,169,0.038895281933256615
Office -> Subway -> Bar -> Hotel,4,0.038895281933256615,41,0.04875148632580262
Gym / Fitness Center -> Office -> Coffee Shop -> College Academic Building,4,0.03888481291269259,53,0.03888481291269259
Coffee Shop -> Office -> Coffee Shop -> Office -> College Academic Building,5,0.03888481291269259,53,0.03888481291269259
Building -> Hotel -> Office,3,0.0388607931860527,146,0.0388607931860527
Building -> Hotel -> Office -> Hotel,4,0.0388607931860527,34,0.04042806183115339
Coffee Shop -> Deli / Bodega -> Office -> Building -> Office,5,0.0388607931860527,146,0.0388607931860527
Coffee Shop -> Office -> Coffee Shop -> Train Station -> Office,5,0.0388607931860527,146,0.0388607931860527
Building -> Office -> Coffee Shop -> Bank,4,0.038834951456310676,24,0.038834951456310676
Building -> Office -> Deli / Bodega -> Bank,4,0.038834951456310676,24,0.038834951456310676
Coffee Shop -> Subway -> Office -> Bank,4,0.038834951456310676,24,0.038834951456310676
Gym / Fitness Center -> Deli / Bodega -> Office -> Bank,4,0.038834951456310676,24,0.038834951456310676
Office -> Coffee Shop -> Gym / Fitness Center -> Bank,4,0.038834951456310676,24,0.038834951456310676
Office -> Hotel -> Office -> Bank,4,0.038834951456310676,24,0.038834951456310676
Park -> Office -> Deli / Bodega -> Bank,4,0.038834951456310676,24,0.038834951456310676
Subway -> Coffee Shop -> Office -> Bank,4,0.038834951456310676,24,0.038834951456310676
Coffee Shop -> Office -> Subway -> Office -> Bank,5,0.038834951456310676,24,0.038834951456310676
Deli / Bodega -> Office -> Building -> Office -> Bank,5,0.038834951456310676,24,0.038834951456310676
Office -> Coffee Shop -> Office -> Coffee Shop -> Bank,5,0.038834951456310676,24,0.038834951456310676
Office -> Deli / Bodega -> Office -> Deli / Bodega -> Bank,5,0.038834951456310676,24,0.038834951456310676
College Academic Building -> Office -> Coffee Shop,3,0.03882618510158013,86,0.03882618510158013
Coffee Shop -> Office -> Subway -> Coffee Shop,4,0.03882618510158013,86,0.03882618510158013
Building -> Office -> Subway -> Office -> Coffee Shop,5,0.03882618510158013,86,0.03882618510158013
Office -> Subway -> Coffee Shop -> Office -> Coffee Shop,5,0.03882618510158013,86,0.03882618510158013
American Restaurant -> Bar -> Clothing Store,3,0.03881278538812785,34,0.03881278538812785
Bar -> Train Station -> Clothing Store,3,0.03881278538812785,34,0.03881278538812785
Train Station -> Bar -> Clothing Store,3,0.03881278538812785,34,0.03881278538812785
Building -> Hotel -> Office -> Clothing Store,4,0.03881278538812785,34,0.03881278538812785
Coffee Shop -> Bar -> Office -> Clothing Store,4,0.03881278538812785,34,0.03881278538812785
Gym / Fitness Center -> Building -> Coffee Shop -> Clothing Store,4,0.03881278538812785,34,0.03881278538812785
Gym / Fitness Center -> Coffee Shop -> Bar -> Clothing Store,4,0.03881278538812785,34,0.03881278538812785
Gym / Fitness Center -> Food & Drink Shop -> Office -> Clothing Store,4,0.03881278538812785,34,0.03881278538812785
Office -> Food & Drink Shop -> Park -> Clothing Store,4,0.03881278538812785,34,0.03881278538812785
Subway -> Office -> Subway -> Clothing Store,4,0.03881278538812785,34,0.03881278538812785
Deli / Bodega -> Coffee Shop -> Office -> Building -> Clothing Store,5,0.03881278538812785,34,0.03881278538812785
Gym / Fitness Center -> Deli / Bodega -> Coffee Shop -> Office -> Clothing Store,5,0.03881278538812785,34,0.03881278538812785
Office -> Coffee Shop -> Office -> Food & Drink Shop -> Clothing Store,5,0.03881278538812785,34,0.03881278538812785
Office -> Deli / Bodega -> Office -> Park -> Clothing Store,5,0.03881278538812785,34,0.03881278538812785
Office -> Food & Drink Shop -> Office -> Gym / Fitness Center -> Clothing Store,5,0.03881278538812785,34,0.03881278538812785
Train Station -> Office -> Coffee Shop -> Building -> Clothing Store,5,0.03881278538812785,34,0.03881278538812785
Food & Drink Shop -> Office -> Building,3,0.03874538745387454,42,0.03874538745387454
Subway -> Coffee Shop -> Building,3,0.03874538745387454,42,0.03874538745387454
Gym / Fitness Center -> Train Station -> Office -> Building,4,0.03874538745387454,42,0.03874538745387454
Gym / Fitness Center -> Deli / Bodega -> Coffee Shop -> Office -> Building,5,0.03874538745387454,42,0.03874538745387454
Gym / Fitness Center -> Office -> Train Station -> Office -> Building,5,0.03874538745387454,42,0.03874538745387454
Office -> Coffee Shop -> Deli / Bodega -> Office -> Building,5,0.03874538745387454,42,0.03874538745387454
Office -> Hotel -> Coffee Shop -> Office -> Building,5,0.03874538745387454,42,0.03874538745387454
Home (private) -> Drugstore / Pharmacy,2,0.03869407496977025,32,0.03869407496977025
Train Station -> Office -> Drugstore / Pharmacy,3,0.03869407496977025,32,0.03869407496977025
Office -> Deli / Bodega -> Office -> Drugstore / Pharmacy,4,0.03869407496977025,32,0.03869407496977025
Bar -> Food & Drink Shop -> Bar,3,0.03866513233601841,168,0.03866513233601841
Food & Drink Shop -> Bar -> American Restaurant -> Bar,4,0.03866513233601841,168,0.03866513233601841
Office -> Gym / Fitness Center -> Office -> Subway,4,0.038640906062624915,116,0.038640906062624915
Office -> Gym / Fitness Center -> Office -> Subway -> Office,5,0.038640906062624915,184,0.04897524620708012
Building -> Gym / Fitness Center -> Train Station,3,0.03862660944206009,81,0.03862660944206009
Coffee Shop -> Office -> Subway -> Train Station,4,0.03862660944206009,81,0.03862660944206009
Deli / Bodega -> Office -> Coffee Shop -> Train Station,4,0.03862660944206009,81,0.03862660944206009
Coffee Shop -> Office -> Subway -> Office -> Train Station,5,0.03862660944206009,81,0.03862660944206009
Office -> Subway -> Coffee Shop -> Office -> Train Station,5,0.03862660944206009,81,0.03862660944206009
Hotel -> Building -> Office,3,0.038594623369709875,145,0.038594623369709875
Building -> Deli / Bodega -> Coffee Shop -> Office,4,0.038594623369709875,145,0.038594623369709875
Hotel -> Building -> Office -> Clothing Store,4,0.038594623369709875,37,0.04223744292237443
Hotel -> Building -> Office -> Hotel,4,0.038594623369709875,34,0.04042806183115339
Coffee Shop -> Office -> Subway -> Coffee Shop -> Office,5,0.038594623369709875,145,0.038594623369709875
Office -> Park -> Office -> Coffee Shop -> Office,5,0.038594623369709875,145,0.038594623369709875
Deli / Bodega -> Coffee Shop -> Gym / Fitness Center,3,0.03857201477226098,94,0.03857201477226098
Subway -> Office -> Coffee Shop -> Gym / Fitness Center,4,0.03857201477226098,94,0.03857201477226098
Hotel -> Office -> Coffee Shop -> Office -> Gym / Fitness Center,5,0.03857201477226098,94,0.03857201477226098
Hotel -> Office -> Neighborhood,3,0.0384900074019245,52,0.0384900074019245
Hotel -> Office -> Neighborhood -> Office,4,0.0384900074019245,149,0.03965930263508118
Office -> Deli / Bodega -> Office -> Food & Drink Shop,4,0.038461538461538464,81,0.038461538461538464
Coffee Shop -> Office -> Food & Drink Shop -> Office -> Food & Drink Shop,5,0.038461538461538464,81,0.038461538461538464
Gym / Fitness Center -> Office -> Gym / Fitness Center -> Office -> Food & Drink Shop,5,0.038461538461538464,81,0.038461538461538464
American Restaurant -> Office -> Park,3,0.038436050364479786,58,0.038436050364479786
Bar -> Gym / Fitness Center -> Park,3,0.038436050364479786,58,0.038436050364479786
Food & Drink Shop -> Bar -> Park,3,0.038436050364479786,58,0.038436050364479786
Building -> Coffee Shop -> Office -> Park,4,0.038436050364479786,58,0.038436050364479786
Coffee Shop -> Office -> Clothing Store -> Park,4,0.038436050364479786,58,0.038436050364479786
Office -> Park -> Coffee Shop -> Park,4,0.038436050364479786,58,0.038436050364479786
Park -> Office -> Food & Drink Shop -> Park,4,0.038436050364479786,58,0.038436050364479786
Coffee Shop -> Gym / Fitness Center -> Office -> Food & Drink Shop -> Park,5,0.038436050364479786,58,0.038436050364479786
Coffee Shop -> Gym / Fitness Center -> Office -> Gym / Fitness Center -> Park,5,0.038436050364479786,58,0.038436050364479786
Gym / Fitness Center -> Office -> Building -> Office -> Park,5,0.038436050364479786,58,0.038436050364479786
Neighborhood -> Office -> Gym / Fitness Center -> Office -> Park,5,0.038436050364479786,58,0.038436050364479786
Office -> College Academic Building -> Coffee Shop,3,0.03837471783295711,85,0.03837471783295711
Building -> Office -> Building -> Coffee Shop,4,0.03837471783295711,85,0.03837471783295711
Building -> Office -> Gym / Fitness Center -> Coffee Shop,4,0.03837471783295711,85,0.03837471783295711
Park -> Subway -> Office -> Coffee Shop,4,0.03837471783295711,85,0.03837471783295711
Building -> Office -> Building -> Coffee Shop -> Clothing Store,5,0.03837471783295711,35,0.03995433789954338
Park -> Subway -> Office -> Coffee Shop -> Office,5,0.03837471783295711,164,0.04365184988022358
Train Station -> Office -> Building -> Office -> Coffee Shop,5,0.03837471783295711,85,0.03837471783295711
Subway -> Office -> Hotel -> Office,4,0.038328453553367045,144,0.038328453553367045
Building -> Office -> Coffee Shop -> Deli / Bodega -> Office,5,0.038328453553367045,144,0.038328453553367045
Subway -> Office -> Hotel -> Office -> Clothing Store,5,0.038328453553367045,35,0.03995433789954338
Clothing Store -> Subway,2,0.03830779480346436,115,0.03830779480346436
Clothing Store -> Subway -> Clothing Store,3,0.03830779480346436,35,0.03995433789954338
College Academic Building -> Coffee Shop -> Deli / Bodega,3,0.03830480847595762,47,0.03830480847595762
Deli / Bodega -> Gym / Fitness Center -> Deli / Bodega,3,0.03830480847595762,47,0.03830480847595762
Office -> Clothing Store -> Deli / Bodega,3,0.03830480847595762,47,0.03830480847595762
American Restaurant -> Office -> Coffee Shop -> Deli / Bodega,4,0.03830480847595762,47,0.03830480847595762
Building -> Office -> Building -> Deli / Bodega,4,0.03830480847595762,47,0.03830480847595762
Coffee Shop -> Subway -> Office -> Coffee Shop -> Deli / Bodega,5,0.03830480847595762,47,0.03830480847595762
Deli / Bodega -> Office -> Neighborhood -> Office -> Deli / Bodega,5,0.03830480847595762,47,0.03830480847595762
Gym / Fitness Center -> Office -> Deli / Bodega -> Coffee Shop -> Deli / Bodega,5,0.03830480847595762,47,0.03830480847595762
Gym / Fitness Center -> Office -> Gym / Fitness Center -> Office -> Deli / Bodega,5,0.03830480847595762,47,0.03830480847595762
Office -> Deli / Bodega -> Office -> Building -> Deli / Bodega,5,0.03830480847595762,47,0.03830480847595762
American Restaurant -> Gym / Fitness Center -> American Restaurant,3,0.03827751196172249,40,0.03827751196172249
Clothing Store -> Gym / Fitness Center -> American Restaurant,3,0.03827751196172249,40,0.03827751196172249
Gym / Fitness Center -> Office -> Bar -> American Restaurant,4,0.03827751196172249,40,0.03827751196172249
Gym / Fitness Center -> Office -> Deli / Bodega -> Office -> American Restaurant,5,0.03827751196172249,40,0.03827751196172249
Food & Drink Shop -> Coffee Shop -> Gym / Fitness Center,3,0.038161674189577346,93,0.038161674189577346
Gym / Fitness Center -> Food & Drink Shop -> Gym / Fitness Center,3,0.038161674189577346,93,0.038161674189577346
Subway -> Coffee Shop -> Gym / Fitness Center,3,0.038161674189577346,93,0.038161674189577346
Subway -> Coffee Shop -> Gym / Fitness Center -> Clothing Store,4,0.038161674189577346,38,0.04337899543378995
Subway -> Coffee Shop -> Gym / Fitness Center -> Office,4,0.038161674189577346,144,0.038328453553367045
Gym / Fitness Center -> Bar -> College Academic Building,3,0.03815113719735877,52,0.03815113719735877
Coffee Shop -> Office -> Gym / Fitness Center -> Coffee Shop -> Train Station,5,0.03814973772055317,80,0.03814973772055317
Park -> Other Great Outdoors,2,0.038101186758276076,61,0.038101186758276076
Bus Station -> Subway -> Office,3,0.03806228373702422,143,0.03806228373702422
Coffee Shop -> Office -> Park -> Office,4,0.03806228373702422,143,0.03806228373702422
Office -> Building -> Deli / Bodega -> Office,4,0.03806228373702422,143,0.03806228373702422
Coffee Shop -> Office -> Park -> Office -> Clothing Store,5,0.03806228373702422,38,0.04337899543378995
Coffee Shop -> Office -> Park -> Office -> Park,5,0.03806228373702422,70,0.04638833664678595
Office -> Gym / Fitness Center -> Office -> Deli / Bodega -> Office,5,0.03806228373702422,143,0.03806228373702422
Bar -> Clothing Store -> Hotel,3,0.03804994054696789,32,0.03804994054696789
Building -> Gym / Fitness Center -> Hotel,3,0.03804994054696789,32,0.03804994054696789
Coffee Shop -> Neighborhood -> Hotel,3,0.03804994054696789,32,0.03804994054696789
Gym / Fitness Center -> Food & Drink Shop -> Hotel,3,0.03804994054696789,32,0.03804994054696789
Train Station -> Gym / Fitness Center -> Hotel,3,0.03804994054696789,32,0.03804994054696789
Bar -> Clothing Store -> Bar -> Hotel,4,0.03804994054696789,32,0.03804994054696789
Coffee Shop -> Office -> American Restaurant -> Hotel,4,0.03804994054696789,32,0.03804994054696789
Office -> Coffee Shop -> Gym / Fitness Center -> Hotel,4,0.03804994054696789,32,0.03804994054696789
Park -> Subway -> Office -> Hotel,4,0.03804994054696789,32,0.03804994054696789
Train Station -> Office -> Coffee Shop -> Hotel,4,0.03804994054696789,32,0.03804994054696789
American Restaurant -> Office -> Coffee Shop -> Office -> Hotel,5,0.03804994054696789,32,0.03804994054696789
Building -> Office -> Gym / Fitness Center -> Coffee Shop -> Hotel,5,0.03804994054696789,32,0.03804994054696789
Coffee Shop -> Building -> Coffee Shop -> Office -> Hotel,5,0.03804994054696789,32,0.03804994054696789
Coffee Shop -> Building -> Office -> Coffee Shop -> Hotel,5,0.03804994054696789,32,0.03804994054696789
Office -> Coffee Shop -> Hotel -> Office -> Hotel,5,0.03804994054696789,32,0.03804994054696789
Office -> Deli / Bodega -> Building -> Office -> Hotel,5,0.03804994054696789,32,0.03804994054696789
Food & Drink Shop -> Coffee Shop -> Food & Drink Shop,3,0.03798670465337132,80,0.03798670465337132
Clothing Store -> Office -> Bar,3,0.0379746835443038,165,0.0379746835443038
Gym / Fitness Center -> Clothing Store -> Bar,3,0.0379746835443038,165,0.0379746835443038
Gym / Fitness Center -> Food & Drink Shop -> Bar,3,0.0379746835443038,165,0.0379746835443038
Clothing Store -> Bar -> American Restaurant -> Bar,4,0.0379746835443038,165,0.0379746835443038
Clothing Store -> Office -> Bar -> Clothing Store,4,0.0379746835443038,34,0.03881278538812785
Clothing Store -> Office -> Bar -> Hotel,4,0.0379746835443038,40,0.04756242568370987
Gym / Fitness Center -> Clothing Store -> Bar -> Clothing Store,4,0.0379746835443038,40,0.045662100456621
Office -> Coffee Shop -> Office -> Bar,4,0.0379746835443038,165,0.0379746835443038
Office -> Coffee Shop -> Office -> Bar -> Clothing Store,5,0.0379746835443038,36,0.0410958904109589
Office -> Coffee Shop -> Office -> Bar -> Hotel,5,0.0379746835443038,39,0.04637336504161712
Bus Station -> Hotel -> Bus Station,3,0.037940379403794036,56,0.037940379403794036
Medical Center -> Coffee Shop,2,0.037923250564334085,84,0.037923250564334085
Bar -> Gym / Fitness Center -> Coffee Shop,3,0.037923250564334085,84,0.037923250564334085
Coffee Shop -> College Academic Building -> Coffee Shop,3,0.037923250564334085,84,0.037923250564334085
Office -> Coffee Shop -> Office -> Gym / Fitness Center -> Coffee Shop,5,0.037923250564334085,84,0.037923250564334085
Building -> Office -> Deli / Bodega -> Building,4,0.03782287822878229,41,0.03782287822878229
Train Station -> Office -> Train Station -> Building,4,0.03782287822878229,41,0.03782287822878229
Building -> Office -> Train Station -> Office -> Building,5,0.03782287822878229,41,0.03782287822878229
Gym / Fitness Center -> Coffee Shop -> Deli / Bodega -> Office,4,0.03779611392068139,142,0.03779611392068139
Building -> Office -> Coffee Shop -> Park,4,0.03777335984095427,57,0.03777335984095427
Gym / Fitness Center -> Building -> Office -> Park,4,0.03777335984095427,57,0.03777335984095427
Subway -> Office -> Coffee Shop -> Park,4,0.03777335984095427,57,0.03777335984095427
Building -> Office -> Gym / Fitness Center -> Office -> Park,5,0.03777335984095427,57,0.03777335984095427
Gym / Fitness Center -> Coffee Shop -> Office -> Food & Drink Shop -> Park,5,0.03777335984095427,57,0.03777335984095427
Office -> Gym / Fitness Center -> Office -> Food & Drink Shop -> Park,5,0.03777335984095427,57,0.03777335984095427
Train Station -> Office -> Gym / Fitness Center,3,0.03775133360689372,92,0.03775133360689372
Train Station -> Office -> Gym / Fitness Center -> Train Station,4,0.03775133360689372,116,0.055317119694802096
Building -> Neighborhood,2,0.03774981495188749,51,0.03774981495188749
Subway -> Office -> Bar,3,0.03774453394706559,164,0.03774453394706559
Subway -> Office -> Bar -> Clothing Store,4,0.03774453394706559,45,0.05136986301369863
Subway -> Office -> Bar -> Hotel,4,0.03774453394706559,48,0.057074910820451845
Drugstore / Pharmacy -> Train Station,2,0.037672865999046255,79,0.037672865999046255
Coffee Shop -> Train Station -> Office -> Coffee Shop -> Train Station,5,0.037672865999046255,79,0.037672865999046255
Office -> Hotel -> Office -> Coffee Shop -> Train Station,5,0.037672865999046255,79,0.037672865999046255
Clothing Store -> Deli / Bodega -> Clothing Store,3,0.03767123287671233,33,0.03767123287671233
Park -> Subway -> Clothing Store,3,0.03767123287671233,33,0.03767123287671233
Bar -> Gym / Fitness Center -> Coffee Shop -> Clothing Store,4,0.03767123287671233,33,0.03767123287671233
Clothing Store -> Office -> Gym / Fitness Center -> Clothing Store,4,0.03767123287671233,33,0.03767123287671233
Coffee Shop -> Deli / Bodega -> Coffee Shop -> Clothing Store,4,0.03767123287671233,33,0.03767123287671233
Gym / Fitness Center -> Coffee Shop -> Park -> Clothing Store,4,0.03767123287671233,33,0.03767123287671233
Gym / Fitness Center -> Deli / Bodega -> Coffee Shop -> Clothing Store,4,0.03767123287671233,33,0.03767123287671233
Neighborhood -> Gym / Fitness Center -> Office -> Clothing Store,4,0.03767123287671233,33,0.03767123287671233
Neighborhood -> Office -> Coffee Shop -> Clothing Store,4,0.03767123287671233,33,0.03767123287671233
Office -> Coffee Shop -> Deli / Bodega -> Clothing Store,4,0.03767123287671233,33,0.03767123287671233
Office -> Gym / Fitness Center -> Subway -> Clothing Store,4,0.03767123287671233,33,0.03767123287671233
Train Station -> Office -> Gym / Fitness Center -> Clothing Store,4,0.03767123287671233,33,0.03767123287671233
Building -> Office -> Gym / Fitness Center -> Coffee Shop -> Clothing Store,5,0.03767123287671233,33,0.03767123287671233
Coffee Shop -> Office -> Coffee Shop -> Building -> Clothing Store,5,0.03767123287671233,33,0.03767123287671233
Coffee Shop -> Office -> Subway -> Coffee Shop -> Clothing Store,5,0.03767123287671233,33,0.03767123287671233
Deli / Bodega -> Office -> Coffee Shop -> Gym / Fitness Center -> Clothing Store,5,0.03767123287671233,33,0.03767123287671233
Neighborhood -> Office -> Coffee Shop -> Office -> Clothing Store,5,0.03767123287671233,33,0.03767123287671233
Office -> Gym / Fitness Center -> Office -> Subway -> Clothing Store,5,0.03767123287671233,33,0.03767123287671233
Office -> Neighborhood -> Office -> Coffee Shop -> Clothing Store,5,0.03767123287671233,33,0.03767123287671233
Subway -> Coffee Shop -> Gym / Fitness Center -> Office -> Clothing Store,5,0.03767123287671233,33,0.03767123287671233
Office -> Gym / Fitness Center -> Office -> Pizza Place,4,0.03757225433526012,26,0.03757225433526012
Office -> Hotel -> Office -> Pizza Place,4,0.03757225433526012,26,0.03757225433526012
Office -> Subway -> Office -> Pizza Place,4,0.03757225433526012,26,0.03757225433526012
Coffee Shop -> Building -> Office -> Building -> Office,5,0.03752994410433857,141,0.03752994410433857
Coffee Shop -> Subway -> Office -> Food & Drink Shop,4,0.03751187084520418,79,0.03751187084520418
Hotel -> Coffee Shop -> Deli / Bodega,3,0.037489812550937245,46,0.037489812550937245
Coffee Shop -> Office -> Gym / Fitness Center -> Deli / Bodega,4,0.037489812550937245,46,0.037489812550937245
Gym / Fitness Center -> Deli / Bodega -> Coffee Shop -> Deli / Bodega,4,0.037489812550937245,46,0.037489812550937245
Office -> Bar -> Office -> Deli / Bodega,4,0.037489812550937245,46,0.037489812550937245
Subway -> Office -> Building -> Office -> Deli / Bodega,5,0.037489812550937245,46,0.037489812550937245
Train Station -> Office -> Deli / Bodega -> Office -> Deli / Bodega,5,0.037489812550937245,46,0.037489812550937245
Office -> Subway -> Drugstore / Pharmacy,3,0.037484885126964934,31,0.037484885126964934
Subway -> Office -> Coffee Shop -> Drugstore / Pharmacy,4,0.037484885126964934,31,0.037484885126964934
Coffee Shop -> Food & Drink Shop -> Coffee Shop,3,0.03747178329571106,83,0.03747178329571106
Coffee Shop -> Food & Drink Shop -> Coffee Shop -> Clothing Store,4,0.03747178329571106,35,0.03995433789954338
Office -> Bar -> Office -> Coffee Shop,4,0.03747178329571106,83,0.03747178329571106
Deli / Bodega -> Gym / Fitness Center -> Office -> College Academic Building,4,0.03741746148202495,51,0.03741746148202495
Deli / Bodega -> Office -> Coffee Shop -> College Academic Building,4,0.03741746148202495,51,0.03741746148202495
Gym / Fitness Center -> Deli / Bodega -> Office -> College Academic Building,4,0.03741746148202495,51,0.03741746148202495
Office -> Building -> Office -> College Academic Building,4,0.03741746148202495,51,0.03741746148202495
Deli / Bodega -> Office -> Coffee Shop -> Office -> College Academic Building,5,0.03741746148202495,51,0.03741746148202495
Office -> Building -> Gym / Fitness Center,3,0.037340993024210095,91,0.037340993024210095
Park -> Subway -> Office -> Gym / Fitness Center,4,0.037340993024210095,91,0.037340993024210095
Deli / Bodega -> Office -> Building -> Office -> Gym / Fitness Center,5,0.037340993024210095,91,0.037340993024210095
Office -> Coffee Shop -> Building -> Office -> Gym / Fitness Center,5,0.037340993024210095,91,0.037340993024210095
Park -> Subway -> Office -> Gym / Fitness Center -> Office,5,0.037340993024210095,166,0.044184189512909235
Food & Drink Shop -> Park -> American Restaurant,3,0.03732057416267943,39,0.03732057416267943
Park -> Gym / Fitness Center -> American Restaurant,3,0.03732057416267943,39,0.03732057416267943
Deli / Bodega -> Coffee Shop -> Office -> American Restaurant,4,0.03732057416267943,39,0.03732057416267943
Office -> Hotel -> Office -> American Restaurant,4,0.03732057416267943,39,0.03732057416267943
American Restaurant -> Gym / Fitness Center -> Bar,3,0.037284234752589185,162,0.037284234752589185
Clothing Store -> Gym / Fitness Center -> Bar,3,0.037284234752589185,162,0.037284234752589185
Office -> American Restaurant -> Bar,3,0.037284234752589185,162,0.037284234752589185
Office -> American Restaurant -> Bar -> Hotel,4,0.037284234752589185,32,0.03804994054696789
Food & Drink Shop -> Gym / Fitness Center -> Office,3,0.03726377428799574,140,0.03726377428799574
Food & Drink Shop -> Gym / Fitness Center -> Office -> Clothing Store,4,0.03726377428799574,35,0.03995433789954338
Office -> Park -> Gym / Fitness Center -> Office,4,0.03726377428799574,140,0.03726377428799574
Office -> Coffee Shop -> Office -> Hotel -> Office,5,0.03726377428799574,140,0.03726377428799574
Office -> Park -> Office -> Gym / Fitness Center -> Office,5,0.03726377428799574,140,0.03726377428799574
American Restaurant -> Bank,2,0.0372168284789644,23,0.0372168284789644
Clothing Store -> Bank,2,0.0372168284789644,23,0.0372168284789644
Train Station -> Bank,2,0.0372168284789644,23,0.0372168284789644
Building -> Coffee Shop -> Bank,3,0.0372168284789644,23,0.0372168284789644
Deli / Bodega -> Coffee Shop -> Bank,3,0.0372168284789644,23,0.0372168284789644
Food & Drink Shop -> Office -> Bank,3,0.0372168284789644,23,0.0372168284789644
Gym / Fitness Center -> Coffee Shop -> Bank,3,0.0372168284789644,23,0.0372168284789644
Building -> Office -> Gym / Fitness Center -> Bank,4,0.0372168284789644,23,0.0372168284789644
Building -> Office -> Subway -> Bank,4,0.0372168284789644,23,0.0372168284789644
Coffee Shop -> Office -> Subway -> Bank,4,0.0372168284789644,23,0.0372168284789644
Deli / Bodega -> Office -> Building -> Bank,4,0.0372168284789644,23,0.0372168284789644
Park -> Office -> Gym / Fitness Center -> Bank,4,0.0372168284789644,23,0.0372168284789644
Gym / Fitness Center -> Coffee Shop -> Office -> Gym / Fitness Center -> Bank,5,0.0372168284789644,23,0.0372168284789644
Gym / Fitness Center -> Office -> Subway -> Office -> Bank,5,0.0372168284789644,23,0.0372168284789644
Hotel -> Office -> Gym / Fitness Center -> Office -> Bank,5,0.0372168284789644,23,0.0372168284789644
Office -> Building -> Office -> Coffee Shop -> Bank,5,0.0372168284789644,23,0.0372168284789644
Office -> Deli / Bodega -> Office -> Gym / Fitness Center -> Bank,5,0.0372168284789644,23,0.0372168284789644
Office -> Hotel -> Office -> Gym / Fitness Center -> Bank,5,0.0372168284789644,23,0.0372168284789644
Subway -> Office -> Deli / Bodega -> Office -> Bank,5,0.0372168284789644,23,0.0372168284789644
Drugstore / Pharmacy -> Office -> Train Station,3,0.03719599427753934,78,0.03719599427753934
American Restaurant -> Gym / Fitness Center -> Park,3,0.03711066931742876,56,0.03711066931742876
Coffee Shop -> Subway -> Park,3,0.03711066931742876,56,0.03711066931742876
Neighborhood -> Office -> Park,3,0.03711066931742876,56,0.03711066931742876
Subway -> Clothing Store -> Park,3,0.03711066931742876,56,0.03711066931742876
Office -> Clothing Store -> Office -> Park,4,0.03711066931742876,56,0.03711066931742876
Office -> Park -> Food & Drink Shop -> Park,4,0.03711066931742876,56,0.03711066931742876
Park -> Coffee Shop -> Gym / Fitness Center -> Park,4,0.03711066931742876,56,0.03711066931742876
Subway -> Office -> Gym / Fitness Center -> Park,4,0.03711066931742876,56,0.03711066931742876
Gym / Fitness Center -> Deli / Bodega -> Coffee Shop -> Office -> Park,5,0.03711066931742876,56,0.03711066931742876
Hotel -> Office -> Gym / Fitness Center -> Office -> Park,5,0.03711066931742876,56,0.03711066931742876
Office -> Coffee Shop -> Office -> Gym / Fitness Center -> Park,5,0.03711066931742876,56,0.03711066931742876
Office -> Deli / Bodega -> Coffee Shop -> Office -> Park,5,0.03711066931742876,56,0.03711066931742876
Park -> Coffee Shop -> Office -> Food & Drink Shop -> Park,5,0.03711066931742876,56,0.03711066931742876
Bar -> Neighborhood -> Bar,3,0.037054085155350976,161,0.037054085155350976
Food & Drink Shop -> Office -> Bar,3,0.037054085155350976,161,0.037054085155350976
Gym / Fitness Center -> Park -> Food & Drink Shop,3,0.037037037037037035,78,0.037037037037037035
Gym / Fitness Center -> Subway -> Office -> Food & Drink Shop,4,0.037037037037037035,78,0.037037037037037035
Office -> American Restaurant -> Coffee Shop,3,0.03702031602708804,82,0.03702031602708804
Deli / Bodega -> Park -> Office -> Coffee Shop,4,0.03702031602708804,82,0.03702031602708804
Deli / Bodega -> Park -> Office -> Coffee Shop -> Office,5,0.03702031602708804,142,0.03779611392068139
American Restaurant -> Coffee Shop -> Office,3,0.036997604471652915,139,0.036997604471652915
Gym / Fitness Center -> Clothing Store -> Office,3,0.036997604471652915,139,0.036997604471652915
American Restaurant -> Coffee Shop -> Office -> Building,4,0.036997604471652915,42,0.03874538745387454
American Restaurant -> Coffee Shop -> Office -> Clothing Store,4,0.036997604471652915,39,0.04452054794520548
American Restaurant -> Coffee Shop -> Office -> Hotel,4,0.036997604471652915,33,0.039239001189060645
Gym / Fitness Center -> Clothing Store -> Office -> Clothing Store,4,0.036997604471652915,49,0.05593607305936073
Park -> Office -> Park -> Office,4,0.036997604471652915,139,0.036997604471652915
Building -> Coffee Shop -> Office -> Building -> Office,5,0.036997604471652915,139,0.036997604471652915
Park -> Office -> Park -> Office -> Park,5,0.036997604471652915,57,0.03777335984095427
Drugstore / Pharmacy -> Office -> Gym / Fitness Center,3,0.03693065244152647,90,0.03693065244152647
Office -> American Restaurant -> Building,3,0.03690036900369004,40,0.03690036900369004
Building -> Office -> Gym / Fitness Center -> Building,4,0.03690036900369004,40,0.03690036900369004
Coffee Shop -> Deli / Bodega -> Coffee Shop -> Building,4,0.03690036900369004,40,0.03690036900369004
Park -> Office -> Coffee Shop -> Building,4,0.03690036900369004,40,0.03690036900369004
Coffee Shop -> Office -> Clothing Store -> Office -> Building,5,0.03690036900369004,40,0.03690036900369004
Coffee Shop -> Office -> Hotel -> Office -> Building,5,0.03690036900369004,40,0.03690036900369004
Deli / Bodega -> Office -> Train Station -> Office -> Building,5,0.03690036900369004,40,0.03690036900369004
Gym / Fitness Center -> Clothing Store -> Office -> Hotel,4,0.036860879904875146,31,0.036860879904875146
Gym / Fitness Center -> Neighborhood -> Office -> Hotel,4,0.036860879904875146,31,0.036860879904875146
Gym / Fitness Center -> Office -> Building -> Hotel,4,0.036860879904875146,31,0.036860879904875146
Gym / Fitness Center -> Park -> Office -> Hotel,4,0.036860879904875146,31,0.036860879904875146
Gym / Fitness Center -> Train Station -> Office -> Hotel,4,0.036860879904875146,31,0.036860879904875146
Neighborhood -> Office -> Coffee Shop -> Hotel,4,0.036860879904875146,31,0.036860879904875146
Office -> Coffee Shop -> Train Station -> Hotel,4,0.036860879904875146,31,0.036860879904875146
Subway -> Office -> Gym / Fitness Center -> Hotel,4,0.036860879904875146,31,0.036860879904875146
Train Station -> Hotel -> Train Station -> Hotel,4,0.036860879904875146,31,0.036860879904875146
Building -> Coffee Shop -> Office -> Coffee Shop -> Hotel,5,0.036860879904875146,31,0.036860879904875146
Deli / Bodega -> Office -> Neighborhood -> Office -> Hotel,5,0.036860879904875146,31,0.036860879904875146
Gym / Fitness Center -> Office -> Hotel -> Office -> Hotel,5,0.036860879904875146,31,0.036860879904875146
Office -> Coffee Shop -> Gym / Fitness Center -> Coffee Shop -> Hotel,5,0.036860879904875146,31,0.036860879904875146
Office -> Gym / Fitness Center -> Office -> Bar,4,0.03682393555811277,160,0.03682393555811277
Office -> Gym / Fitness Center -> Office -> Bar -> Clothing Store,5,0.03682393555811277,47,0.05365296803652968
Office -> Gym / Fitness Center -> Office -> Bar -> Hotel,5,0.03682393555811277,36,0.04280618311533888
Subway -> Office -> Food & Drink Shop -> Office,4,0.03673143465531009,138,0.03673143465531009
Building -> Office -> Coffee Shop -> Building -> Office,5,0.03673143465531009,138,0.03673143465531009
Subway -> Office -> Food & Drink Shop -> Office -> Park,5,0.03673143465531009,60,0.039761431411530816
Building -> Deli / Bodega -> Office -> Train Station,4,0.03671912255603243,77,0.03671912255603243
Coffee Shop -> Office -> Hotel -> Train Station,4,0.03671912255603243,77,0.03671912255603243
Building -> Coffee Shop -> Office -> Coffee Shop -> Train Station,5,0.03671912255603243,77,0.03671912255603243
Coffee Shop -> Office -> Neighborhood -> Office -> Train Station,5,0.03671912255603243,77,0.03671912255603243
Neighborhood -> Office -> Coffee Shop -> Office -> Train Station,5,0.03671912255603243,77,0.03671912255603243
Office -> Train Station -> Office -> Building -> Train Station,5,0.03671912255603243,77,0.03671912255603243
Office -> Hotel -> Deli / Bodega,3,0.03667481662591687,45,0.03667481662591687
Coffee Shop -> Office -> Clothing Store -> Deli / Bodega,4,0.03667481662591687,45,0.03667481662591687
Deli / Bodega -> Building -> Office -> Coffee Shop -> Deli / Bodega,5,0.03667481662591687,45,0.03667481662591687
Gym / Fitness Center -> Coffee Shop -> Building -> Office -> Deli / Bodega,5,0.03667481662591687,45,0.03667481662591687
Office -> Train Station -> Office -> Coffee Shop -> Deli / Bodega,5,0.03667481662591687,45,0.03667481662591687
Gym / Fitness Center -> Food & Drink Shop -> Coffee Shop,3,0.036568848758465014,81,0.036568848758465014
Building -> Office -> Train Station -> Coffee Shop,4,0.036568848758465014,81,0.036568848758465014
Gym / Fitness Center -> Food & Drink Shop -> Coffee Shop -> Clothing Store,4,0.036568848758465014,33,0.03767123287671233
Office -> Coffee Shop -> Deli / Bodega -> Coffee Shop,4,0.036568848758465014,81,0.036568848758465014
Building -> Office -> Train Station -> Coffee Shop -> Train Station,5,0.036568848758465014,92,0.043872198378636144
Gym / Fitness Center -> Office -> Neighborhood -> Office -> Coffee Shop,5,0.036568848758465014,81,0.036568848758465014
Hotel -> Office -> Building -> Office -> Coffee Shop,5,0.036568848758465014,81,0.036568848758465014
Office -> Coffee Shop -> Gym / Fitness Center -> Office -> Coffee Shop,5,0.036568848758465014,81,0.036568848758465014
Office -> Coffee Shop -> Office -> Train Station -> Coffee Shop,5,0.036568848758465014,81,0.036568848758465014
Subway -> Office -> Subway -> Office -> Coffee Shop,5,0.036568848758465014,81,0.036568848758465014
Coffee Shop -> Office -> Subway -> Office -> Food & Drink Shop,5,0.0365622032288699,77,0.0365622032288699
Subway -> Office -> Coffee Shop -> Office -> Food & Drink Shop,5,0.0365622032288699,77,0.0365622032288699
Pizza Place -> Clothing Store,2,0.0365296803652968,32,0.0365296803652968
Bank -> Coffee Shop -> Clothing Store,3,0.0365296803652968,32,0.0365296803652968
Deli / Bodega -> Bar -> Clothing Store,3,0.0365296803652968,32,0.0365296803652968
Subway -> Building -> Clothing Store,3,0.0365296803652968,32,0.0365296803652968
Coffee Shop -> Gym / Fitness Center -> Food & Drink Shop -> Clothing Store,4,0.0365296803652968,32,0.0365296803652968
Coffee Shop -> Gym / Fitness Center -> Park -> Clothing Store,4,0.0365296803652968,32,0.0365296803652968
Coffee Shop -> Office -> American Restaurant -> Clothing Store,4,0.0365296803652968,32,0.0365296803652968
Gym / Fitness Center -> Food & Drink Shop -> Gym / Fitness Center -> Clothing Store,4,0.0365296803652968,32,0.0365296803652968
Hotel -> Office -> Building -> Clothing Store,4,0.0365296803652968,32,0.0365296803652968
Neighborhood -> Office -> Gym / Fitness Center -> Clothing Store,4,0.0365296803652968,32,0.0365296803652968
Office -> Bar -> Coffee Shop -> Clothing Store,4,0.0365296803652968,32,0.0365296803652968
Office -> Subway -> Bar -> Clothing Store,4,0.0365296803652968,32,0.0365296803652968
Office -> Subway -> Park -> Clothing Store,4,0.0365296803652968,32,0.0365296803652968
Park -> Office -> Coffee Shop -> Clothing Store,4,0.0365296803652968,32,0.0365296803652968
Park -> Office -> Park -> Clothing Store,4,0.0365296803652968,32,0.0365296803652968
Hotel -> Coffee Shop -> Office -> Coffee Shop -> Clothing Store,5,0.0365296803652968,32,0.0365296803652968
Office -> Building -> Deli / Bodega -> Office -> Clothing Store,5,0.0365296803652968,32,0.0365296803652968
Office -> Building -> Office -> Building -> Clothing Store,5,0.0365296803652968,32,0.0365296803652968
Office -> Coffee Shop -> Office -> Train Station -> Clothing Store,5,0.0365296803652968,32,0.0365296803652968
Office -> Gym / Fitness Center -> Office -> Building -> Clothing Store,5,0.0365296803652968,32,0.0365296803652968
Subway -> Office -> Food & Drink Shop -> Office -> Clothing Store,5,0.0365296803652968,32,0.0365296803652968
Coffee Shop -> Clothing Store -> Gym / Fitness Center,3,0.03652031185884284,89,0.03652031185884284
Coffee Shop -> Clothing Store -> Gym / Fitness Center -> Clothing Store,4,0.03652031185884284,41,0.04680365296803653
Gym / Fitness Center -> Deli / Bodega -> Office -> Gym / Fitness Center,4,0.03652031185884284,89,0.03652031185884284
Gym / Fitness Center -> Deli / Bodega -> Office -> Gym / Fitness Center -> Office,5,0.03652031185884284,186,0.04950758583976577
Office -> Hotel -> Office -> Gym / Fitness Center -> Office,5,0.03646526483896726,137,0.03646526483896726
Train Station -> Coffee Shop -> Office -> Building -> Office,5,0.03646526483896726,137,0.03646526483896726
Train Station -> Office -> Coffee Shop -> Building -> Office,5,0.03646526483896726,137,0.03646526483896726
Clothing Store -> Bar -> Park,3,0.03644797879390325,55,0.03644797879390325
Clothing Store -> Gym / Fitness Center -> Park,3,0.03644797879390325,55,0.03644797879390325
Gym / Fitness Center -> Deli / Bodega -> Park,3,0.03644797879390325,55,0.03644797879390325
Hotel -> Office -> Park,3,0.03644797879390325,55,0.03644797879390325
Office -> Building -> Park,3,0.03644797879390325,55,0.03644797879390325
Subway -> Food & Drink Shop -> Park,3,0.03644797879390325,55,0.03644797879390325
Subway -> Gym / Fitness Center -> Park,3,0.03644797879390325,55,0.03644797879390325
Building -> Office -> Gym / Fitness Center -> Park,4,0.03644797879390325,55,0.03644797879390325
Coffee Shop -> Food & Drink Shop -> Office -> Park,4,0.03644797879390325,55,0.03644797879390325
Coffee Shop -> Gym / Fitness Center -> Clothing Store -> Park,4,0.03644797879390325,55,0.03644797879390325
Deli / Bodega -> Office -> Gym / Fitness Center -> Park,4,0.03644797879390325,55,0.03644797879390325
Gym / Fitness Center -> Deli / Bodega -> Park -> Office,4,0.03644797879390325,145,0.038594623369709875
Office -> Gym / Fitness Center -> Office -> Gym / Fitness Center -> Park,5,0.03644797879390325,55,0.03644797879390325
Office -> Subway -> Office -> Food & Drink Shop -> Park,5,0.03644797879390325,55,0.03644797879390325
Coffee Shop -> Park -> Bar,3,0.03636363636363636,158,0.03636363636363636
Coffee Shop -> Gym / Fitness Center -> Bar -> American Restaurant,4,0.03636363636363636,38,0.03636363636363636
Coffee Shop -> Office -> Gym / Fitness Center -> American Restaurant,4,0.03636363636363636,38,0.03636363636363636
Office -> Building -> Office -> American Restaurant,4,0.03636363636363636,38,0.03636363636363636
Subway -> Coffee Shop -> Office -> American Restaurant,4,0.03636363636363636,38,0.03636363636363636
Deli / Bodega -> Office -> Gym / Fitness Center -> Office -> American Restaurant,5,0.03636363636363636,38,0.03636363636363636
Coffee Shop -> Bar -> Drugstore / Pharmacy,3,0.036275695284159616,30,0.036275695284159616
Office -> Clothing Store -> Drugstore / Pharmacy,3,0.036275695284159616,30,0.036275695284159616
Office -> Deli / Bodega -> Drugstore / Pharmacy,3,0.036275695284159616,30,0.036275695284159616
Office -> Food & Drink Shop -> Drugstore / Pharmacy,3,0.036275695284159616,30,0.036275695284159616
Office -> Park -> Drugstore / Pharmacy,3,0.036275695284159616,30,0.036275695284159616
Building -> Office -> Coffee Shop -> Office -> Drugstore / Pharmacy,5,0.036275695284159616,30,0.036275695284159616
Gym / Fitness Center -> Office -> Coffee Shop -> Office -> Drugstore / Pharmacy,5,0.036275695284159616,30,0.036275695284159616
American Restaurant -> Neighborhood,2,0.03626943005181347,49,0.03626943005181347
Office -> Deli / Bodega -> Office -> Neighborhood,4,0.03626943005181347,49,0.03626943005181347
Office -> Deli / Bodega -> Office -> Neighborhood -> Office,5,0.03626943005181347,145,0.038594623369709875
Deli / Bodega -> Gym / Fitness Center -> Train Station,3,0.036242250834525515,76,0.036242250834525515
Office -> Deli / Bodega -> Train Station,3,0.036242250834525515,76,0.036242250834525515
Park -> Office -> Train Station,3,0.036242250834525515,76,0.036242250834525515
Coffee Shop -> Train Station -> Hotel -> Train Station,4,0.036242250834525515,76,0.036242250834525515
Office -> Coffee Shop -> Bar -> Train Station,4,0.036242250834525515,76,0.036242250834525515
Office -> Train Station -> Building -> Train Station,4,0.036242250834525515,76,0.036242250834525515
Bar -> Other Great Outdoors,2,0.03622735790131168,58,0.03622735790131168
Building -> Gym / Fitness Center -> Office,3,0.03619909502262444,136,0.03619909502262444
Building -> Gym / Fitness Center -> Office -> Clothing Store,4,0.03619909502262444,40,0.045662100456621
Coffee Shop -> Train Station -> Coffee Shop -> Office,4,0.03619909502262444,136,0.03619909502262444
Coffee Shop -> Train Station -> Coffee Shop -> Office -> Clothing Store,5,0.03619909502262444,37,0.04223744292237443
Coffee Shop -> Train Station -> Coffee Shop -> Office -> Train Station,5,0.03619909502262444,79,0.037672865999046255
Hotel -> Coffee Shop -> Office -> Building -> Office,5,0.03619909502262444,136,0.03619909502262444
Bar -> Coffee Shop -> Pizza Place,3,0.036127167630057806,25,0.036127167630057806
Coffee Shop -> Food & Drink Shop -> Pizza Place,3,0.036127167630057806,25,0.036127167630057806
Office -> Building -> Pizza Place,3,0.036127167630057806,25,0.036127167630057806
Subway -> Coffee Shop -> Pizza Place,3,0.036127167630057806,25,0.036127167630057806
Building -> Office -> Coffee Shop -> Office -> Pizza Place,5,0.036127167630057806,25,0.036127167630057806
Coffee Shop -> Office -> Deli / Bodega -> Office -> Pizza Place,5,0.036127167630057806,25,0.036127167630057806
Gym / Fitness Center -> Office -> Coffee Shop -> Office -> Pizza Place,5,0.036127167630057806,25,0.036127167630057806
Subway -> Office -> Coffee Shop -> Office -> Pizza Place,5,0.036127167630057806,25,0.036127167630057806
Coffee Shop -> Office -> Clothing Store -> Coffee Shop,4,0.03611738148984198,80,0.03611738148984198
Coffee Shop -> Office -> Clothing Store -> Coffee Shop -> Clothing Store,5,0.03611738148984198,48,0.0547945205479452
Office -> Deli / Bodega -> Building -> Office -> Coffee Shop,5,0.03611738148984198,80,0.03611738148984198
Office -> Deli / Bodega -> Office -> Deli / Bodega -> Coffee Shop,5,0.03611738148984198,80,0.03611738148984198
Gym / Fitness Center -> Park -> Office -> Gym / Fitness Center,4,0.03610997127615921,88,0.03610997127615921
Gym / Fitness Center -> Office -> Neighborhood -> Office -> Gym / Fitness Center,5,0.03610997127615921,88,0.03610997127615921
Gym / Fitness Center -> Park -> Office -> Gym / Fitness Center -> Office,5,0.03610997127615921,178,0.047378227309023156
Office -> Building -> Coffee Shop -> Office -> Gym / Fitness Center,5,0.03610997127615921,88,0.03610997127615921
Office -> Building -> Office -> Coffee Shop -> Gym / Fitness Center,5,0.03610997127615921,88,0.03610997127615921
Office -> Park -> Office -> Food & Drink Shop,4,0.03608736942070275,76,0.03608736942070275
Subway -> Coffee Shop -> Office -> Food & Drink Shop,4,0.03608736942070275,76,0.03608736942070275
Subway -> Office -> Food & Drink Shop -> Office -> Food & Drink Shop,5,0.03608736942070275,76,0.03608736942070275
Coffee Shop -> Train Station -> Building,3,0.035977859778597784,39,0.035977859778597784
Office -> Food & Drink Shop -> Building,3,0.035977859778597784,39,0.035977859778597784
Coffee Shop -> Office -> Clothing Store -> Building,4,0.035977859778597784,39,0.035977859778597784
Office -> Bar -> Office -> Building,4,0.035977859778597784,39,0.035977859778597784
Office -> Coffee Shop -> Deli / Bodega -> Building,4,0.035977859778597784,39,0.035977859778597784
Office -> Coffee Shop -> Gym / Fitness Center -> Building,4,0.035977859778597784,39,0.035977859778597784
Subway -> Office -> Coffee Shop -> Building,4,0.035977859778597784,39,0.035977859778597784
Gym / Fitness Center -> Coffee Shop -> Office -> Coffee Shop -> Building,5,0.035977859778597784,39,0.035977859778597784
Office -> Coffee Shop -> Office -> Deli / Bodega -> Building,5,0.035977859778597784,39,0.035977859778597784
Office -> Coffee Shop -> Office -> Gym / Fitness Center -> Building,5,0.035977859778597784,39,0.035977859778597784
Clothing Store -> College Academic Building,2,0.0359501100513573,49,0.0359501100513573
Park -> Gym / Fitness Center -> College Academic Building,3,0.0359501100513573,49,0.0359501100513573
Coffee Shop -> Deli / Bodega -> Office -> College Academic Building,4,0.0359501100513573,49,0.0359501100513573
Coffee Shop -> Office -> Deli / Bodega -> College Academic Building,4,0.0359501100513573,49,0.0359501100513573
Gym / Fitness Center -> Office -> Deli / Bodega -> College Academic Building,4,0.0359501100513573,49,0.0359501100513573
Gym / Fitness Center -> Office -> Deli / Bodega -> Office -> College Academic Building,5,0.0359501100513573,49,0.0359501100513573
Coffee Shop -> Gym / Fitness Center -> Office -> Gym / Fitness Center -> Office,5,0.03593292520628161,135,0.03593292520628161
Coffee Shop -> Hotel -> Office -> Coffee Shop -> Office,5,0.03593292520628161,135,0.03593292520628161
Park -> Coffee Shop -> Office -> Gym / Fitness Center -> Office,5,0.03593292520628161,135,0.03593292520628161
Food & Drink Shop -> Gym / Fitness Center -> Bar,3,0.03590333716915996,156,0.03590333716915996
Medical Center -> Deli / Bodega,2,0.035859820700896494,44,0.035859820700896494
Clothing Store -> Office -> Deli / Bodega,3,0.035859820700896494,44,0.035859820700896494
Coffee Shop -> Hotel -> Deli / Bodega,3,0.035859820700896494,44,0.035859820700896494
Deli / Bodega -> Subway -> Deli / Bodega,3,0.035859820700896494,44,0.035859820700896494
Office -> College Academic Building -> Deli / Bodega,3,0.035859820700896494,44,0.035859820700896494
Office -> Deli / Bodega -> Office -> Gym / Fitness Center -> Deli / Bodega,5,0.035859820700896494,44,0.035859820700896494
Food & Drink Shop -> Coffee Shop -> Office -> Park,4,0.03578528827037773,54,0.03578528827037773
Food & Drink Shop -> Office -> Gym / Fitness Center -> Park,4,0.03578528827037773,54,0.03578528827037773
Office -> Coffee Shop -> Food & Drink Shop -> Park,4,0.03578528827037773,54,0.03578528827037773
Hotel -> Office -> Coffee Shop -> Office -> Park,5,0.03578528827037773,54,0.03578528827037773
Office -> Building -> Office -> Coffee Shop -> Park,5,0.03578528827037773,54,0.03578528827037773
Office -> Coffee Shop -> Office -> Coffee Shop -> Park,5,0.03578528827037773,54,0.03578528827037773
Coffee Shop -> Neighborhood -> Office -> Train Station,4,0.0357653791130186,75,0.0357653791130186
Office -> American Restaurant -> Office -> Train Station,4,0.0357653791130186,75,0.0357653791130186
Office -> Coffee Shop -> Gym / Fitness Center -> Office -> Train Station,5,0.0357653791130186,75,0.0357653791130186
Office -> Subway -> Office -> Gym / Fitness Center -> Train Station,5,0.0357653791130186,75,0.0357653791130186
Building -> Coffee Shop -> Gym / Fitness Center,3,0.035699630693475586,87,0.035699630693475586
Clothing Store -> American Restaurant -> Bar,3,0.03567318757192175,155,0.03567318757192175
Bar -> Neighborhood -> Hotel,3,0.0356718192627824,30,0.0356718192627824
Bus Station -> American Restaurant -> Hotel,3,0.0356718192627824,30,0.0356718192627824
Gym / Fitness Center -> Building -> Hotel,3,0.0356718192627824,30,0.0356718192627824
Bar -> Coffee Shop -> Bar -> Hotel,4,0.0356718192627824,30,0.0356718192627824
Bus Station -> Subway -> Office -> Hotel,4,0.0356718192627824,30,0.0356718192627824
Clothing Store -> Office -> Coffee Shop -> Hotel,4,0.0356718192627824,30,0.0356718192627824
Coffee Shop -> Building -> Coffee Shop -> Hotel,4,0.0356718192627824,30,0.0356718192627824
Coffee Shop -> Neighborhood -> Office -> Hotel,4,0.0356718192627824,30,0.0356718192627824
Deli / Bodega -> Office -> Subway -> Hotel,4,0.0356718192627824,30,0.0356718192627824
Deli / Bodega -> Office -> Train Station -> Hotel,4,0.0356718192627824,30,0.0356718192627824
Deli / Bodega -> Park -> Office -> Hotel,4,0.0356718192627824,30,0.0356718192627824
Gym / Fitness Center -> Coffee Shop -> Bar -> Hotel,4,0.0356718192627824,30,0.0356718192627824
Gym / Fitness Center -> Office -> Clothing Store -> Hotel,4,0.0356718192627824,30,0.0356718192627824
Hotel -> Office -> Building -> Hotel,4,0.0356718192627824,30,0.0356718192627824
Office -> American Restaurant -> Coffee Shop -> Hotel,4,0.0356718192627824,30,0.0356718192627824
Office -> Clothing Store -> Coffee Shop -> Hotel,4,0.0356718192627824,30,0.0356718192627824
Office -> Food & Drink Shop -> Office -> Hotel,4,0.0356718192627824,30,0.0356718192627824
Subway -> Deli / Bodega -> Office -> Hotel,4,0.0356718192627824,30,0.0356718192627824
Building -> Deli / Bodega -> Coffee Shop -> Office -> Hotel,5,0.0356718192627824,30,0.0356718192627824
Building -> Office -> Train Station -> Office -> Hotel,5,0.0356718192627824,30,0.0356718192627824
Coffee Shop -> Hotel -> Office -> Coffee Shop -> Hotel,5,0.0356718192627824,30,0.0356718192627824
Deli / Bodega -> Coffee Shop -> Office -> Coffee Shop -> Hotel,5,0.0356718192627824,30,0.0356718192627824
Deli / Bodega -> Office -> Train Station -> Office -> Hotel,5,0.0356718192627824,30,0.0356718192627824
Office -> Hotel -> Office -> Gym / Fitness Center -> Hotel,5,0.0356718192627824,30,0.0356718192627824
Coffee Shop -> Subway -> Deli / Bodega -> Office,4,0.035666755389938784,134,0.035666755389938784
Office -> Gym / Fitness Center -> Deli / Bodega -> Office,4,0.035666755389938784,134,0.035666755389938784
Office -> Subway -> Deli / Bodega -> Office,4,0.035666755389938784,134,0.035666755389938784
Deli / Bodega -> Building -> Office -> Coffee Shop -> Office,5,0.035666755389938784,134,0.035666755389938784
Office -> Gym / Fitness Center -> Deli / Bodega -> Office -> Clothing Store,5,0.035666755389938784,35,0.03995433789954338
Office -> Subway -> Deli / Bodega -> Office -> Clothing Store,5,0.035666755389938784,33,0.03767123287671233
Office -> Subway -> Office -> Clothing Store -> Office,5,0.035666755389938784,134,0.035666755389938784
Office -> Subway -> Office -> Gym / Fitness Center -> Office,5,0.035666755389938784,134,0.035666755389938784
Bus Station -> Coffee Shop,2,0.03566591422121896,79,0.03566591422121896
Bus Station -> Coffee Shop -> Bus Station,3,0.03566591422121896,57,0.03861788617886179
Bus Station -> Coffee Shop -> Office,3,0.03566591422121896,135,0.03593292520628161
Gym / Fitness Center -> Park -> Coffee Shop,3,0.03566591422121896,79,0.03566591422121896
Coffee Shop -> Clothing Store -> Office -> Coffee Shop,4,0.03566591422121896,79,0.03566591422121896
Gym / Fitness Center -> Park -> Coffee Shop -> Office,4,0.03566591422121896,148,0.03939313281873835
Coffee Shop -> Clothing Store -> Office -> Coffee Shop -> Clothing Store,5,0.03566591422121896,39,0.04452054794520548
Coffee Shop -> Office -> Clothing Store -> Office -> Coffee Shop,5,0.03566591422121896,79,0.03566591422121896
Coffee Shop -> Subway -> Coffee Shop -> Office -> Coffee Shop,5,0.03566591422121896,79,0.03566591422121896
Gym / Fitness Center -> Office -> Gym / Fitness Center -> Office -> Coffee Shop,5,0.03566591422121896,79,0.03566591422121896
Office -> Coffee Shop -> Deli / Bodega -> Office -> Coffee Shop,5,0.03566591422121896,79,0.03566591422121896
Office -> Train Station -> Office -> Train Station -> Coffee Shop,5,0.03566591422121896,79,0.03566591422121896
Office -> Bar -> Food & Drink Shop,3,0.03561253561253561,75,0.03561253561253561
Coffee Shop -> Office -> Gym / Fitness Center -> Food & Drink Shop,4,0.03561253561253561,75,0.03561253561253561
Office -> Neighborhood -> Office -> Food & Drink Shop,4,0.03561253561253561,75,0.03561253561253561
Subway -> Office -> Gym / Fitness Center -> Office -> Food & Drink Shop,5,0.03561253561253561,75,0.03561253561253561
College Academic Building -> Bank,2,0.03559870550161812,22,0.03559870550161812
Building -> Subway -> Bank,3,0.03559870550161812,22,0.03559870550161812
Coffee Shop -> Building -> Bank,3,0.03559870550161812,22,0.03559870550161812
Deli / Bodega -> Building -> Bank,3,0.03559870550161812,22,0.03559870550161812
Deli / Bodega -> Gym / Fitness Center -> Bank,3,0.03559870550161812,22,0.03559870550161812
Subway -> Gym / Fitness Center -> Bank,3,0.03559870550161812,22,0.03559870550161812
Deli / Bodega -> Building -> Office -> Bank,4,0.03559870550161812,22,0.03559870550161812
Gym / Fitness Center -> Office -> Building -> Bank,4,0.03559870550161812,22,0.03559870550161812
Gym / Fitness Center -> Subway -> Office -> Bank,4,0.03559870550161812,22,0.03559870550161812
Office -> Building -> Coffee Shop -> Bank,4,0.03559870550161812,22,0.03559870550161812
Office -> Building -> Deli / Bodega -> Bank,4,0.03559870550161812,22,0.03559870550161812
Office -> Park -> Office -> Bank,4,0.03559870550161812,22,0.03559870550161812
Building -> Office -> Gym / Fitness Center -> Office -> Bank,5,0.03559870550161812,22,0.03559870550161812
Gym / Fitness Center -> Coffee Shop -> Office -> Deli / Bodega -> Bank,5,0.03559870550161812,22,0.03559870550161812
Gym / Fitness Center -> Office -> Building -> Office -> Bank,5,0.03559870550161812,22,0.03559870550161812
Office -> Deli / Bodega -> Coffee Shop -> Office -> Bank,5,0.03559870550161812,22,0.03559870550161812
Office -> Subway -> Office -> Deli / Bodega -> Bank,5,0.03559870550161812,22,0.03559870550161812
Office -> Gym / Fitness Center -> Office -> Neighborhood,4,0.03552923760177646,48,0.03552923760177646
Park -> American Restaurant -> Bar,3,0.035443037974683546,154,0.035443037974683546
Bank -> American Restaurant,2,0.0354066985645933,37,0.0354066985645933
Home (private) -> American Restaurant,2,0.0354066985645933,37,0.0354066985645933
Coffee Shop -> Office -> Deli / Bodega -> Office -> American Restaurant,5,0.0354066985645933,37,0.0354066985645933
Deli / Bodega -> Office -> Food & Drink Shop -> Office,4,0.035400585573595954,133,0.035400585573595954
Office -> Park -> Deli / Bodega -> Office,4,0.035400585573595954,133,0.035400585573595954
Building -> Coffee Shop -> Office -> Train Station -> Office,5,0.035400585573595954,133,0.035400585573595954
Coffee Shop -> Subway -> Office -> Building -> Office,5,0.035400585573595954,133,0.035400585573595954
Deli / Bodega -> Coffee Shop -> Office -> Gym / Fitness Center -> Office,5,0.035400585573595954,133,0.035400585573595954
Deli / Bodega -> Office -> Food & Drink Shop -> Office -> Clothing Store,5,0.035400585573595954,32,0.0365296803652968
Deli / Bodega -> Office -> Food & Drink Shop -> Office -> Park,5,0.035400585573595954,58,0.038436050364479786
American Restaurant -> Food & Drink Shop -> Clothing Store,3,0.03538812785388128,31,0.03538812785388128
Bar -> Food & Drink Shop -> Clothing Store,3,0.03538812785388128,31,0.03538812785388128
Bar -> Park -> Clothing Store,3,0.03538812785388128,31,0.03538812785388128
Building -> Office -> Hotel -> Clothing Store,4,0.03538812785388128,31,0.03538812785388128
Building -> Office -> Train Station -> Clothing Store,4,0.03538812785388128,31,0.03538812785388128
Bus Station -> Subway -> Office -> Clothing Store,4,0.03538812785388128,31,0.03538812785388128
Coffee Shop -> Park -> Food & Drink Shop -> Clothing Store,4,0.03538812785388128,31,0.03538812785388128
Deli / Bodega -> Coffee Shop -> Building -> Clothing Store,4,0.03538812785388128,31,0.03538812785388128
Deli / Bodega -> Office -> Food & Drink Shop -> Clothing Store,4,0.03538812785388128,31,0.03538812785388128
Food & Drink Shop -> Park -> Food & Drink Shop -> Clothing Store,4,0.03538812785388128,31,0.03538812785388128
Gym / Fitness Center -> Neighborhood -> Office -> Clothing Store,4,0.03538812785388128,31,0.03538812785388128
Gym / Fitness Center -> Office -> College Academic Building -> Clothing Store,4,0.03538812785388128,31,0.03538812785388128
Office -> Subway -> Gym / Fitness Center -> Clothing Store,4,0.03538812785388128,31,0.03538812785388128
Park -> Coffee Shop -> Gym / Fitness Center -> Clothing Store,4,0.03538812785388128,31,0.03538812785388128
Train Station -> Gym / Fitness Center -> Train Station -> Clothing Store,4,0.03538812785388128,31,0.03538812785388128
Coffee Shop -> Office -> Coffee Shop -> Food & Drink Shop -> Clothing Store,5,0.03538812785388128,31,0.03538812785388128
Coffee Shop -> Subway -> Deli / Bodega -> Office -> Clothing Store,5,0.03538812785388128,31,0.03538812785388128
Coffee Shop -> Subway -> Office -> Gym / Fitness Center -> Clothing Store,5,0.03538812785388128,31,0.03538812785388128
Deli / Bodega -> Office -> Coffee Shop -> Building -> Clothing Store,5,0.03538812785388128,31,0.03538812785388128
Deli / Bodega -> Office -> Deli / Bodega -> Coffee Shop -> Clothing Store,5,0.03538812785388128,31,0.03538812785388128
Deli / Bodega -> Office -> Neighborhood -> Office -> Clothing Store,5,0.03538812785388128,31,0.03538812785388128
Gym / Fitness Center -> Coffee Shop -> Deli / Bodega -> Office -> Clothing Store,5,0.03538812785388128,31,0.03538812785388128
Gym / Fitness Center -> Deli / Bodega -> Office -> Building -> Clothing Store,5,0.03538812785388128,31,0.03538812785388128
Gym / Fitness Center -> Office -> Coffee Shop -> Building -> Clothing Store,5,0.03538812785388128,31,0.03538812785388128
Gym / Fitness Center -> Office -> Deli / Bodega -> Coffee Shop -> Clothing Store,5,0.03538812785388128,31,0.03538812785388128
Gym / Fitness Center -> Office -> Gym / Fitness Center -> Coffee Shop -> Clothing Store,5,0.03538812785388128,31,0.03538812785388128
Office -> Coffee Shop -> Office -> Hotel -> Clothing Store,5,0.03538812785388128,31,0.03538812785388128
Office -> Neighborhood -> Office -> Gym / Fitness Center -> Clothing Store,5,0.03538812785388128,31,0.03538812785388128
Park -> Office -> Park -> Office -> Clothing Store,5,0.03538812785388128,31,0.03538812785388128
Subway -> Office -> Coffee Shop -> Gym / Fitness Center -> Clothing Store,5,0.03538812785388128,31,0.03538812785388128
Subway -> Office -> Neighborhood -> Office -> Clothing Store,5,0.03538812785388128,31,0.03538812785388128
Train Station -> Office -> Train Station -> Coffee Shop -> Clothing Store,5,0.03538812785388128,31,0.03538812785388128
Park -> Office -> Subway,3,0.03530979347101932,106,0.03530979347101932
Park -> Office -> Subway -> Office,4,0.03530979347101932,194,0.051636944370508385
Park -> Office -> Subway -> Office -> Clothing Store,5,0.03530979347101932,35,0.03995433789954338
Park -> Office -> Subway -> Office -> Park,5,0.03530979347101932,56,0.03711066931742876
Home (private) -> Gym / Fitness Center,2,0.03528929011079196,86,0.03528929011079196
Deli / Bodega -> Park -> Office -> Gym / Fitness Center,4,0.03528929011079196,86,0.03528929011079196
Deli / Bodega -> Park -> Office -> Gym / Fitness Center -> Office,5,0.03528929011079196,175,0.04657971785999468
Hotel -> Bar -> Train Station,3,0.03528850739151168,74,0.03528850739151168
Food & Drink Shop -> Office -> College Academic Building,3,0.03521643433602348,48,0.03521643433602348
Coffee Shop -> Office -> Gym / Fitness Center -> Office -> College Academic Building,5,0.03521643433602348,48,0.03521643433602348
Gym / Fitness Center -> Bar -> Coffee Shop,3,0.035214446952595936,78,0.035214446952595936
Coffee Shop -> Office -> Food & Drink Shop -> Coffee Shop,4,0.035214446952595936,78,0.035214446952595936
Office -> Bank -> Office -> Coffee Shop,4,0.035214446952595936,78,0.035214446952595936
Office -> Coffee Shop -> Train Station -> Coffee Shop,4,0.035214446952595936,78,0.035214446952595936
Coffee Shop -> Office -> Food & Drink Shop -> Coffee Shop -> Clothing Store,5,0.035214446952595936,31,0.03538812785388128
Office -> Bank -> Office -> Coffee Shop -> Clothing Store,5,0.035214446952595936,34,0.03881278538812785
Office -> Coffee Shop -> Train Station -> Coffee Shop -> Train Station,5,0.035214446952595936,89,0.042441583214115404
Office -> Gym / Fitness Center -> Coffee Shop -> Office -> Coffee Shop,5,0.035214446952595936,78,0.035214446952595936
Subway -> Office -> Deli / Bodega -> Office -> Coffee Shop,5,0.035214446952595936,78,0.035214446952595936
American Restaurant -> Bar -> American Restaurant -> Bar,4,0.03521288837744534,153,0.03521288837744534
College Academic Building -> Food & Drink Shop,2,0.03513770180436847,74,0.03513770180436847
Park -> Coffee Shop -> Food & Drink Shop,3,0.03513770180436847,74,0.03513770180436847
Office -> Building -> Office -> Food & Drink Shop,4,0.03513770180436847,74,0.03513770180436847
Coffee Shop -> Deli / Bodega -> Building -> Office,4,0.03513441575725313,132,0.03513441575725313
Coffee Shop -> Office -> Bar -> Office,4,0.03513441575725313,132,0.03513441575725313
Deli / Bodega -> Coffee Shop -> Gym / Fitness Center -> Office,4,0.03513441575725313,132,0.03513441575725313
Coffee Shop -> Deli / Bodega -> Building -> Office -> Deli / Bodega,5,0.03513441575725313,45,0.03667481662591687
Coffee Shop -> Office -> Bar -> Office -> Train Station,5,0.03513441575725313,83,0.039580352885073916
Office -> Gym / Fitness Center -> Office -> Building -> Office,5,0.03513441575725313,132,0.03513441575725313
Coffee Shop -> American Restaurant -> Park,3,0.03512259774685222,53,0.03512259774685222
Drugstore / Pharmacy -> Office -> Park,3,0.03512259774685222,53,0.03512259774685222
Coffee Shop -> Building -> Office -> Park,4,0.03512259774685222,53,0.03512259774685222
Deli / Bodega -> Office -> Coffee Shop -> Park,4,0.03512259774685222,53,0.03512259774685222
Gym / Fitness Center -> Park -> Gym / Fitness Center -> Office -> Park,5,0.03512259774685222,53,0.03512259774685222
Gym / Fitness Center -> Park -> Office -> Gym / Fitness Center -> Park,5,0.03512259774685222,53,0.03512259774685222
Gym / Fitness Center -> Subway -> Office -> Food & Drink Shop -> Park,5,0.03512259774685222,53,0.03512259774685222
Office -> Coffee Shop -> Deli / Bodega -> Office -> Park,5,0.03512259774685222,53,0.03512259774685222
Coffee Shop -> Deli / Bodega -> Drugstore / Pharmacy,3,0.03506650544135429,29,0.03506650544135429
Park -> Office -> Drugstore / Pharmacy,3,0.03506650544135429,29,0.03506650544135429
Subway -> Coffee Shop -> Drugstore / Pharmacy,3,0.03506650544135429,29,0.03506650544135429
Gym / Fitness Center -> Subway -> Office -> Drugstore / Pharmacy,4,0.03506650544135429,29,0.03506650544135429
Subway -> Office -> Coffee Shop -> Office -> Drugstore / Pharmacy,5,0.03506650544135429,29,0.03506650544135429
Gym / Fitness Center -> Clothing Store -> Building,3,0.03505535055350553,38,0.03505535055350553
Coffee Shop -> Clothing Store -> Office -> Building,4,0.03505535055350553,38,0.03505535055350553
Office -> Drugstore / Pharmacy -> Office -> Building,4,0.03505535055350553,38,0.03505535055350553
Office -> Park -> Office -> Building,4,0.03505535055350553,38,0.03505535055350553
Park -> Deli / Bodega -> Office -> Building,4,0.03505535055350553,38,0.03505535055350553
American Restaurant -> Office -> Coffee Shop -> Office -> Building,5,0.03505535055350553,38,0.03505535055350553
Gym / Fitness Center -> Coffee Shop -> Building -> Office -> Building,5,0.03505535055350553,38,0.03505535055350553
Office -> Deli / Bodega -> Building -> Office -> Building,5,0.03505535055350553,38,0.03505535055350553
Coffee Shop -> Clothing Store -> Deli / Bodega,3,0.03504482477587612,43,0.03504482477587612
Building -> Deli / Bodega -> Coffee Shop -> Deli / Bodega,4,0.03504482477587612,43,0.03504482477587612
Building -> Gym / Fitness Center -> Office -> Deli / Bodega,4,0.03504482477587612,43,0.03504482477587612
Coffee Shop -> Office -> Subway -> Deli / Bodega,4,0.03504482477587612,43,0.03504482477587612
Deli / Bodega -> Office -> Park -> Deli / Bodega,4,0.03504482477587612,43,0.03504482477587612
Deli / Bodega -> Subway -> Office -> Deli / Bodega,4,0.03504482477587612,43,0.03504482477587612
Office -> Clothing Store -> Office -> Deli / Bodega,4,0.03504482477587612,43,0.03504482477587612
Subway -> Deli / Bodega -> Office -> Deli / Bodega,4,0.03504482477587612,43,0.03504482477587612
Building -> Coffee Shop -> Office -> Coffee Shop -> Deli / Bodega,5,0.03504482477587612,43,0.03504482477587612
Building -> Office -> Building -> Office -> Deli / Bodega,5,0.03504482477587612,43,0.03504482477587612
Gym / Fitness Center -> Coffee Shop -> Deli / Bodega -> Office -> Deli / Bodega,5,0.03504482477587612,43,0.03504482477587612
Office -> Building -> Deli / Bodega -> Office -> Deli / Bodega,5,0.03504482477587612,43,0.03504482477587612
Office -> Coffee Shop -> Subway -> Office -> Deli / Bodega,5,0.03504482477587612,43,0.03504482477587612
Train Station -> Coffee Shop -> Train Station -> Office -> Deli / Bodega,5,0.03504482477587612,43,0.03504482477587612
Bank -> Office -> Gym / Fitness Center,3,0.03487894952810833,85,0.03487894952810833
Bank -> Office -> Gym / Fitness Center -> Clothing Store,4,0.03487894952810833,35,0.03995433789954338
Building -> Office -> Building -> Office -> Gym / Fitness Center,5,0.03487894952810833,85,0.03487894952810833
Deli / Bodega -> Office -> Subway -> Office -> Gym / Fitness Center,5,0.03487894952810833,85,0.03487894952810833
Gym / Fitness Center -> Office -> Subway -> Office -> Gym / Fitness Center,5,0.03487894952810833,85,0.03487894952810833
Office -> Coffee Shop -> Gym / Fitness Center -> Office -> Gym / Fitness Center,5,0.03487894952810833,85,0.03487894952810833
Subway -> Clothing Store -> Office,3,0.0348682459409103,131,0.0348682459409103
Hotel -> Office -> Train Station -> Office,4,0.0348682459409103,131,0.0348682459409103
Subway -> Clothing Store -> Office -> Clothing Store,4,0.0348682459409103,45,0.05136986301369863
Subway -> Clothing Store -> Office -> Hotel,4,0.0348682459409103,34,0.04042806183115339
Deli / Bodega -> Coffee Shop -> Office -> Building -> Office,5,0.0348682459409103,131,0.0348682459409103
Hotel -> Office -> Train Station -> Office -> Clothing Store,5,0.0348682459409103,31,0.03538812785388128
Hotel -> Office -> Train Station -> Office -> Train Station,5,0.0348682459409103,96,0.045779685264663805
Office -> Building -> Office -> Clothing Store -> Office,5,0.0348682459409103,131,0.0348682459409103
Coffee Shop -> Hotel -> Train Station,3,0.03481163567000477,73,0.03481163567000477
Deli / Bodega -> Coffee Shop -> Train Station,3,0.03481163567000477,73,0.03481163567000477
Train Station -> Deli / Bodega -> Train Station,3,0.03481163567000477,73,0.03481163567000477
Coffee Shop -> Office -> Building -> Train Station,4,0.03481163567000477,73,0.03481163567000477
Food & Drink Shop -> Coffee Shop -> Office -> Train Station,4,0.03481163567000477,73,0.03481163567000477
Gym / Fitness Center -> Office -> Bar -> Train Station,4,0.03481163567000477,73,0.03481163567000477
Bar -> Office -> Deli / Bodega -> Office -> Train Station,5,0.03481163567000477,73,0.03481163567000477
Coffee Shop -> Building -> Office -> Coffee Shop -> Train Station,5,0.03481163567000477,73,0.03481163567000477
Office -> Coffee Shop -> Office -> Bar -> Train Station,5,0.03481163567000477,73,0.03481163567000477
Subway -> Coffee Shop -> Office -> Coffee Shop -> Train Station,5,0.03481163567000477,73,0.03481163567000477
Coffee Shop -> Office -> Park -> Coffee Shop,4,0.03476297968397291,77,0.03476297968397291
Office -> American Restaurant -> Office -> Coffee Shop,4,0.03476297968397291,77,0.03476297968397291
Office -> Building -> Deli / Bodega -> Coffee Shop,4,0.03476297968397291,77,0.03476297968397291
Building -> Office -> Train Station -> Office -> Coffee Shop,5,0.03476297968397291,77,0.03476297968397291
Coffee Shop -> Office -> Park -> Coffee Shop -> Clothing Store,5,0.03476297968397291,33,0.03767123287671233
Office -> Building -> Office -> Deli / Bodega -> Coffee Shop,5,0.03476297968397291,77,0.03476297968397291
Bar -> Park -> Bar,3,0.03475258918296893,151,0.03475258918296893
Coffee Shop -> Food & Drink Shop -> Bar,3,0.03475258918296893,151,0.03475258918296893
Bar -> Subway -> Pizza Place,3,0.03468208092485549,24,0.03468208092485549
Drugstore / Pharmacy -> Bar -> Pizza Place,3,0.03468208092485549,24,0.03468208092485549
Food & Drink Shop -> Office -> Pizza Place,3,0.03468208092485549,24,0.03468208092485549
Office -> Clothing Store -> Pizza Place,3,0.03468208092485549,24,0.03468208092485549
Coffee Shop -> Office -> Bar -> Pizza Place,4,0.03468208092485549,24,0.03468208092485549
Office -> Subway -> Food & Drink Shop,3,0.03466286799620133,73,0.03466286799620133
Deli / Bodega -> Office -> Subway -> Office -> Food & Drink Shop,5,0.03466286799620133,73,0.03466286799620133
Bank -> Deli / Bodega -> Office,3,0.03460207612456748,130,0.03460207612456748
Coffee Shop -> Drugstore / Pharmacy -> Office,3,0.03460207612456748,130,0.03460207612456748
Food & Drink Shop -> Subway -> Office,3,0.03460207612456748,130,0.03460207612456748
Deli / Bodega -> Office -> Hotel -> Office,4,0.03460207612456748,130,0.03460207612456748
Food & Drink Shop -> Subway -> Office -> Clothing Store,4,0.03460207612456748,35,0.03995433789954338
Gym / Fitness Center -> Park -> Deli / Bodega -> Office,4,0.03460207612456748,130,0.03460207612456748
Gym / Fitness Center -> Deli / Bodega -> Office -> Building -> Office,5,0.03460207612456748,130,0.03460207612456748
Office -> Bank -> Office -> Coffee Shop -> Office,5,0.03460207612456748,130,0.03460207612456748
Coffee Shop -> Clothing Store -> Bar,3,0.03452243958573072,150,0.03452243958573072
Park -> Gym / Fitness Center -> Bar,3,0.03452243958573072,150,0.03452243958573072
Coffee Shop -> Clothing Store -> Bar -> Clothing Store,4,0.03452243958573072,41,0.04680365296803653
Coffee Shop -> Clothing Store -> Bar -> Hotel,4,0.03452243958573072,34,0.04042806183115339
College Academic Building -> Bar -> College Academic Building,3,0.034482758620689655,47,0.034482758620689655
Gym / Fitness Center -> Deli / Bodega -> College Academic Building,3,0.034482758620689655,47,0.034482758620689655
Office -> Coffee Shop -> Medical Center,3,0.034482758620689655,31,0.034482758620689655
Office -> Park -> Hotel,3,0.034482758620689655,29,0.034482758620689655
Building -> Deli / Bodega -> Office -> Hotel,4,0.034482758620689655,29,0.034482758620689655
Building -> Gym / Fitness Center -> Office -> Hotel,4,0.034482758620689655,29,0.034482758620689655
Building -> Office -> Train Station -> Hotel,4,0.034482758620689655,29,0.034482758620689655
Clothing Store -> Office -> Clothing Store -> Hotel,4,0.034482758620689655,29,0.034482758620689655
Gym / Fitness Center -> Building -> Coffee Shop -> Hotel,4,0.034482758620689655,29,0.034482758620689655
Gym / Fitness Center -> Office -> Neighborhood -> Hotel,4,0.034482758620689655,29,0.034482758620689655
Office -> Coffee Shop -> Clothing Store -> Hotel,4,0.034482758620689655,29,0.034482758620689655
Subway -> Office -> Subway -> Hotel,4,0.034482758620689655,29,0.034482758620689655
Coffee Shop -> Deli / Bodega -> Office -> Coffee Shop -> Hotel,5,0.034482758620689655,29,0.034482758620689655
Deli / Bodega -> Office -> Gym / Fitness Center -> Office -> College Academic Building,5,0.034482758620689655,47,0.034482758620689655
Gym / Fitness Center -> Subway -> Coffee Shop -> Office -> Hotel,5,0.034482758620689655,29,0.034482758620689655
Hotel -> Office -> Deli / Bodega -> Office -> Hotel,5,0.034482758620689655,29,0.034482758620689655
Office -> Coffee Shop -> Office -> Clothing Store -> Hotel,5,0.034482758620689655,29,0.034482758620689655
Office -> Deli / Bodega -> Office -> Train Station -> Hotel,5,0.034482758620689655,29,0.034482758620689655
Office -> Subway -> Office -> Coffee Shop -> Hotel,5,0.034482758620689655,29,0.034482758620689655
Office -> Train Station -> Coffee Shop -> Office -> Hotel,5,0.034482758620689655,29,0.034482758620689655
Train Station -> Coffee Shop -> Train Station -> Office -> Hotel,5,0.034482758620689655,29,0.034482758620689655
Building -> Office -> Gym / Fitness Center -> Office -> Gym / Fitness Center,5,0.0344686089454247,84,0.0344686089454247
Coffee Shop -> Park -> Coffee Shop -> Park,4,0.03445990722332671,52,0.03445990722332671
Gym / Fitness Center -> Park -> Clothing Store -> Park,4,0.03445990722332671,52,0.03445990722332671
Office -> Gym / Fitness Center -> Food & Drink Shop -> Park,4,0.03445990722332671,52,0.03445990722332671
Park -> Gym / Fitness Center -> Clothing Store -> Park,4,0.03445990722332671,52,0.03445990722332671
Park -> Gym / Fitness Center -> Food & Drink Shop -> Park,4,0.03445990722332671,52,0.03445990722332671
Neighborhood -> Office -> Coffee Shop -> Office -> Park,5,0.03445990722332671,52,0.03445990722332671
Subway -> Office -> Subway -> Office -> Park,5,0.03445990722332671,52,0.03445990722332671
Gym / Fitness Center -> Food & Drink Shop -> American Restaurant,3,0.03444976076555024,36,0.03444976076555024
Subway -> Coffee Shop -> American Restaurant,3,0.03444976076555024,36,0.03444976076555024
Bar -> American Restaurant -> Bar -> American Restaurant,4,0.03444976076555024,36,0.03444976076555024
Office -> Bar -> Office -> American Restaurant,4,0.03444976076555024,36,0.03444976076555024
Deli / Bodega -> Office -> Deli / Bodega -> Office -> American Restaurant,5,0.03444976076555024,36,0.03444976076555024
Office -> Subway -> Building -> Office,4,0.03433590630822465,129,0.03433590630822465
Deli / Bodega -> Park -> Office -> Deli / Bodega -> Office,5,0.03433590630822465,129,0.03433590630822465
Gym / Fitness Center -> Office -> Building -> Coffee Shop -> Office,5,0.03433590630822465,129,0.03433590630822465
Office -> Subway -> Building -> Office -> Clothing Store,5,0.03433590630822465,33,0.03767123287671233
Hotel -> Coffee Shop -> Train Station,3,0.034334763948497854,72,0.034334763948497854
Office -> Food & Drink Shop -> Office -> Train Station,4,0.034334763948497854,72,0.034334763948497854
Deli / Bodega -> Office -> Subway -> Office -> Train Station,5,0.034334763948497854,72,0.034334763948497854
Gym / Fitness Center -> Office -> Clothing Store -> Office -> Train Station,5,0.034334763948497854,72,0.034334763948497854
Office -> Building -> Deli / Bodega -> Office -> Train Station,5,0.034334763948497854,72,0.034334763948497854
Deli / Bodega -> Gym / Fitness Center -> Office -> Coffee Shop,4,0.03431151241534989,76,0.03431151241534989
Deli / Bodega -> Office -> Building -> Coffee Shop,4,0.03431151241534989,76,0.03431151241534989
Gym / Fitness Center -> Office -> Food & Drink Shop -> Coffee Shop,4,0.03431151241534989,76,0.03431151241534989
Hotel -> Office -> Gym / Fitness Center -> Coffee Shop,4,0.03431151241534989,76,0.03431151241534989
Subway -> Office -> Gym / Fitness Center -> Coffee Shop,4,0.03431151241534989,76,0.03431151241534989
Deli / Bodega -> Office -> Building -> Coffee Shop -> Clothing Store,5,0.03431151241534989,33,0.03767123287671233
Gym / Fitness Center -> Deli / Bodega -> Coffee Shop -> Office -> Coffee Shop,5,0.03431151241534989,76,0.03431151241534989
Office -> Deli / Bodega -> Office -> Gym / Fitness Center -> Coffee Shop,5,0.03431151241534989,76,0.03431151241534989
Park -> Office -> Deli / Bodega -> Office -> Coffee Shop,5,0.03431151241534989,76,0.03431151241534989
Train Station -> Office -> Deli / Bodega -> Office -> Coffee Shop,5,0.03431151241534989,76,0.03431151241534989
Office -> Deli / Bodega -> Office -> Subway,4,0.03431045969353764,103,0.03431045969353764
Office -> Deli / Bodega -> Office -> Subway -> Bank,5,0.03431045969353764,22,0.03559870550161812
Office -> Deli / Bodega -> Office -> Subway -> Clothing Store,5,0.03431045969353764,35,0.03995433789954338
Office -> Deli / Bodega -> Office -> Subway -> Office,5,0.03431045969353764,227,0.060420548309821666
Building -> Bar -> Clothing Store,3,0.03424657534246575,30,0.03424657534246575
Coffee Shop -> Neighborhood -> Clothing Store,3,0.03424657534246575,30,0.03424657534246575
Deli / Bodega -> Subway -> Clothing Store,3,0.03424657534246575,30,0.03424657534246575
Subway -> Hotel -> Clothing Store,3,0.03424657534246575,30,0.03424657534246575
Building -> Coffee Shop -> Gym / Fitness Center -> Clothing Store,4,0.03424657534246575,30,0.03424657534246575
Clothing Store -> Office -> Park -> Clothing Store,4,0.03424657534246575,30,0.03424657534246575
Coffee Shop -> Clothing Store -> Building -> Clothing Store,4,0.03424657534246575,30,0.03424657534246575
Deli / Bodega -> Office -> Train Station -> Clothing Store,4,0.03424657534246575,30,0.03424657534246575
Gym / Fitness Center -> Subway -> Coffee Shop -> Clothing Store,4,0.03424657534246575,30,0.03424657534246575
Neighborhood -> Coffee Shop -> Office -> Clothing Store,4,0.03424657534246575,30,0.03424657534246575
Neighborhood -> Office -> Food & Drink Shop -> Clothing Store,4,0.03424657534246575,30,0.03424657534246575
Office -> Bar -> Gym / Fitness Center -> Clothing Store,4,0.03424657534246575,30,0.03424657534246575
Office -> Gym / Fitness Center -> Park -> Clothing Store,4,0.03424657534246575,30,0.03424657534246575
Office -> Subway -> Deli / Bodega -> Clothing Store,4,0.03424657534246575,30,0.03424657534246575
Park -> Deli / Bodega -> Office -> Clothing Store,4,0.03424657534246575,30,0.03424657534246575
Subway -> Office -> Deli / Bodega -> Clothing Store,4,0.03424657534246575,30,0.03424657534246575
Building -> Coffee Shop -> Office -> Building -> Clothing Store,5,0.03424657534246575,30,0.03424657534246575
Coffee Shop -> Hotel -> Office -> Coffee Shop -> Clothing Store,5,0.03424657534246575,30,0.03424657534246575
Coffee Shop -> Subway -> Office -> Building -> Clothing Store,5,0.03424657534246575,30,0.03424657534246575
Gym / Fitness Center -> Coffee Shop -> Building -> Office -> Clothing Store,5,0.03424657534246575,30,0.03424657534246575
Gym / Fitness Center -> Coffee Shop -> Office -> Deli / Bodega -> Clothing Store,5,0.03424657534246575,30,0.03424657534246575
Gym / Fitness Center -> Office -> Bar -> Office -> Clothing Store,5,0.03424657534246575,30,0.03424657534246575
Office -> Coffee Shop -> Gym / Fitness Center -> Coffee Shop -> Clothing Store,5,0.03424657534246575,30,0.03424657534246575
Office -> American Restaurant -> Deli / Bodega,3,0.034229828850855744,42,0.034229828850855744
American Restaurant -> Coffee Shop -> Office -> Deli / Bodega,4,0.034229828850855744,42,0.034229828850855744
Bar -> Coffee Shop -> Office -> Deli / Bodega,4,0.034229828850855744,42,0.034229828850855744
Gym / Fitness Center -> Neighborhood -> Office -> Deli / Bodega,4,0.034229828850855744,42,0.034229828850855744
Gym / Fitness Center -> Office -> Park -> Deli / Bodega,4,0.034229828850855744,42,0.034229828850855744
Office -> American Restaurant -> Office -> Deli / Bodega,4,0.034229828850855744,42,0.034229828850855744
Office -> Coffee Shop -> Gym / Fitness Center -> Deli / Bodega,4,0.034229828850855744,42,0.034229828850855744
Deli / Bodega -> Office -> Train Station -> Office -> Deli / Bodega,5,0.034229828850855744,42,0.034229828850855744
Office -> Coffee Shop -> Office -> Clothing Store -> Deli / Bodega,5,0.034229828850855744,42,0.034229828850855744
Train Station -> Office -> Building -> Office -> Deli / Bodega,5,0.034229828850855744,42,0.034229828850855744
Bank -> Food & Drink Shop,2,0.03418803418803419,72,0.03418803418803419
Gym / Fitness Center -> Food & Drink Shop -> Office -> Food & Drink Shop,4,0.03418803418803419,72,0.03418803418803419
Deli / Bodega -> Office -> Food & Drink Shop -> Office -> Food & Drink Shop,5,0.03418803418803419,72,0.03418803418803419
Building -> Deli / Bodega -> Building,3,0.03413284132841329,37,0.03413284132841329
Office -> Neighborhood -> Building,3,0.03413284132841329,37,0.03413284132841329
Building -> Office -> Clothing Store -> Building,4,0.03413284132841329,37,0.03413284132841329
Coffee Shop -> Building -> Coffee Shop -> Building,4,0.03413284132841329,37,0.03413284132841329
Coffee Shop -> Office -> Train Station -> Building,4,0.03413284132841329,37,0.03413284132841329
Hotel -> Gym / Fitness Center -> Office -> Building,4,0.03413284132841329,37,0.03413284132841329
Office -> Train Station -> Coffee Shop -> Building,4,0.03413284132841329,37,0.03413284132841329
Deli / Bodega -> Coffee Shop -> Office -> Coffee Shop -> Building,5,0.03413284132841329,37,0.03413284132841329
Gym / Fitness Center -> Office -> Gym / Fitness Center -> Office -> Building,5,0.03413284132841329,37,0.03413284132841329
Office -> Deli / Bodega -> Office -> Gym / Fitness Center -> Building,5,0.03413284132841329,37,0.03413284132841329
Coffee Shop -> Bank -> Office,3,0.03406973649188182,128,0.03406973649188182
Building -> Deli / Bodega -> Office -> Coffee Shop -> Office,5,0.03406973649188182,128,0.03406973649188182
American Restaurant -> Office -> Gym / Fitness Center,3,0.034058268362741076,83,0.034058268362741076
Office -> Deli / Bodega -> Gym / Fitness Center,3,0.034058268362741076,83,0.034058268362741076
Coffee Shop -> Hotel -> Office -> Gym / Fitness Center,4,0.034058268362741076,83,0.034058268362741076
Hotel -> Office -> Coffee Shop -> Gym / Fitness Center,4,0.034058268362741076,83,0.034058268362741076
Office -> Deli / Bodega -> Gym / Fitness Center -> Clothing Store,4,0.034058268362741076,30,0.03424657534246575
Office -> Deli / Bodega -> Gym / Fitness Center -> Office,4,0.034058268362741076,172,0.045781208410966195
Coffee Shop -> Hotel -> Office -> Gym / Fitness Center -> Office,5,0.034058268362741076,128,0.03406973649188182
Gym / Fitness Center -> Office -> Park -> Office -> Gym / Fitness Center,5,0.034058268362741076,83,0.034058268362741076
Office -> Deli / Bodega -> Coffee Shop -> Office -> Gym / Fitness Center,5,0.034058268362741076,83,0.034058268362741076
Office -> Deli / Bodega -> Gym / Fitness Center -> Office -> Bank,5,0.034058268362741076,22,0.03559870550161812
Office -> Deli / Bodega -> Gym / Fitness Center -> Office -> Clothing Store,5,0.034058268362741076,39,0.04452054794520548
Office -> Deli / Bodega -> Gym / Fitness Center -> Office -> Deli / Bodega,5,0.034058268362741076,46,0.037489812550937245
Office -> Deli / Bodega -> Gym / Fitness Center -> Office -> Train Station,5,0.034058268362741076,76,0.036242250834525515
Office -> Deli / Bodega -> Office -> Coffee Shop -> Gym / Fitness Center,5,0.034058268362741076,83,0.034058268362741076
Coffee Shop -> Gym / Fitness Center -> Neighborhood,3,0.034048852701702444,46,0.034048852701702444
Building -> Coffee Shop -> Office -> Neighborhood,4,0.034048852701702444,46,0.034048852701702444
Office -> Building -> Office -> Neighborhood,4,0.034048852701702444,46,0.034048852701702444
Coffee Shop -> Office -> Coffee Shop -> Office -> Neighborhood,5,0.034048852701702444,46,0.034048852701702444
Office -> Building -> Office -> Neighborhood -> Office,5,0.034048852701702444,139,0.036997604471652915
American Restaurant -> Office -> Bank,3,0.03398058252427184,21,0.03398058252427184
Drugstore / Pharmacy -> Office -> Bank,3,0.03398058252427184,21,0.03398058252427184
Gym / Fitness Center -> Building -> Bank,3,0.03398058252427184,21,0.03398058252427184
Office -> Bar -> Bank,3,0.03398058252427184,21,0.03398058252427184
Hotel -> Office -> Coffee Shop -> Bank,4,0.03398058252427184,21,0.03398058252427184
Office -> Gym / Fitness Center -> Subway -> Bank,4,0.03398058252427184,21,0.03398058252427184
Park -> Coffee Shop -> Office -> Bank,4,0.03398058252427184,21,0.03398058252427184
Building -> Office -> Deli / Bodega -> Office -> Bank,5,0.03398058252427184,21,0.03398058252427184
Coffee Shop -> Building -> Office -> Deli / Bodega -> Bank,5,0.03398058252427184,21,0.03398058252427184
Coffee Shop -> Office -> Coffee Shop -> Deli / Bodega -> Bank,5,0.03398058252427184,21,0.03398058252427184
Office -> Coffee Shop -> Building -> Office -> Bank,5,0.03398058252427184,21,0.03398058252427184
Office -> Deli / Bodega -> Building -> Office -> Bank,5,0.03398058252427184,21,0.03398058252427184
Office -> Gym / Fitness Center -> Office -> Gym / Fitness Center -> Bank,5,0.03398058252427184,21,0.03398058252427184
Subway -> Coffee Shop -> Office -> Gym / Fitness Center -> Bank,5,0.03398058252427184,21,0.03398058252427184
Bus Station -> Subway -> Bus Station,3,0.03387533875338753,50,0.03387533875338753
Home (private) -> Coffee Shop,2,0.033860045146726865,75,0.033860045146726865
Building -> Gym / Fitness Center -> Coffee Shop,3,0.033860045146726865,75,0.033860045146726865
Gym / Fitness Center -> Clothing Store -> Coffee Shop,3,0.033860045146726865,75,0.033860045146726865
Office -> Neighborhood -> Coffee Shop,3,0.033860045146726865,75,0.033860045146726865
Gym / Fitness Center -> Clothing Store -> Coffee Shop -> Clothing Store,4,0.033860045146726865,36,0.0410958904109589
Office -> Neighborhood -> Coffee Shop -> Office,4,0.033860045146726865,162,0.04311951024753793
Train Station -> Office -> Building -> Coffee Shop,4,0.033860045146726865,75,0.033860045146726865
Train Station -> Office -> Building -> Coffee Shop -> Clothing Store,5,0.033860045146726865,35,0.03995433789954338
Gym / Fitness Center -> Clothing Store -> Office -> Train Station,4,0.03385789222699094,71,0.03385789222699094
Office -> Building -> Coffee Shop -> Train Station,4,0.03385789222699094,71,0.03385789222699094
Office -> Deli / Bodega -> Coffee Shop -> Train Station,4,0.03385789222699094,71,0.03385789222699094
Bank -> Office -> Coffee Shop -> Office -> Train Station,5,0.03385789222699094,71,0.03385789222699094
Building -> Deli / Bodega -> Coffee Shop -> Office -> Train Station,5,0.03385789222699094,71,0.03385789222699094
Building -> Office -> Gym / Fitness Center -> Coffee Shop -> Train Station,5,0.03385789222699094,71,0.03385789222699094
Office -> Coffee Shop -> Neighborhood -> Office -> Train Station,5,0.03385789222699094,71,0.03385789222699094
Gym / Fitness Center -> Coffee Shop -> Drugstore / Pharmacy,3,0.03385731559854897,28,0.03385731559854897
Park -> Coffee Shop -> Drugstore / Pharmacy,3,0.03385731559854897,28,0.03385731559854897
Coffee Shop -> Office -> Gym / Fitness Center -> Drugstore / Pharmacy,4,0.03385731559854897,28,0.03385731559854897
Gym / Fitness Center -> Office -> Coffee Shop -> Drugstore / Pharmacy,4,0.03385731559854897,28,0.03385731559854897
Office -> Food & Drink Shop -> Office -> Drugstore / Pharmacy,4,0.03385731559854897,28,0.03385731559854897
Office -> Hotel -> Office -> Drugstore / Pharmacy,4,0.03385731559854897,28,0.03385731559854897
Coffee Shop -> Office -> Gym / Fitness Center -> Office -> Drugstore / Pharmacy,5,0.03385731559854897,28,0.03385731559854897
Subway -> Park -> Office,3,0.03380356667553899,127,0.03380356667553899
Bank -> Office -> Building -> Office,4,0.03380356667553899,127,0.03380356667553899
Subway -> Park -> Office -> Clothing Store,4,0.03380356667553899,45,0.05136986301369863
Subway -> Park -> Office -> Park,4,0.03380356667553899,61,0.04042412193505633
Deli / Bodega -> Office -> Coffee Shop -> Deli / Bodega -> Office,5,0.03380356667553899,127,0.03380356667553899
Deli / Bodega -> Office -> Deli / Bodega -> Park,4,0.033797216699801194,51,0.033797216699801194
Deli / Bodega -> Subway -> Office -> Park,4,0.033797216699801194,51,0.033797216699801194
Gym / Fitness Center -> Park -> Food & Drink Shop -> Park,4,0.033797216699801194,51,0.033797216699801194
Office -> Bar -> Office -> Park,4,0.033797216699801194,51,0.033797216699801194
Office -> Drugstore / Pharmacy -> Office -> Park,4,0.033797216699801194,51,0.033797216699801194
Office -> Neighborhood -> Office -> Park,4,0.033797216699801194,51,0.033797216699801194
Building -> Office -> Subway -> Office -> Park,5,0.033797216699801194,51,0.033797216699801194
Coffee Shop -> Office -> Park -> Clothing Store -> Park,5,0.033797216699801194,51,0.033797216699801194
Office -> Coffee Shop -> Office -> Deli / Bodega -> Park,5,0.033797216699801194,51,0.033797216699801194
Office -> Coffee Shop -> Office -> Food & Drink Shop -> Park,5,0.033797216699801194,51,0.033797216699801194
Office -> Gym / Fitness Center -> Office -> Subway -> Park,5,0.033797216699801194,51,0.033797216699801194
Subway -> Office -> Deli / Bodega -> Office -> Park,5,0.033797216699801194,51,0.033797216699801194
Building -> Coffee Shop -> College Academic Building,3,0.03374908290535583,46,0.03374908290535583
Office -> Coffee Shop -> Gym / Fitness Center -> College Academic Building,4,0.03374908290535583,46,0.03374908290535583
Office -> Deli / Bodega -> Coffee Shop -> College Academic Building,4,0.03374908290535583,46,0.03374908290535583
Office -> Subway -> Office -> College Academic Building,4,0.03374908290535583,46,0.03374908290535583
Coffee Shop -> Office -> Deli / Bodega -> Office -> College Academic Building,5,0.03374908290535583,46,0.03374908290535583
Office -> Coffee Shop -> Office -> Coffee Shop -> College Academic Building,5,0.03374908290535583,46,0.03374908290535583
Coffee Shop -> Other Great Outdoors,2,0.033728919425359154,54,0.033728919425359154
Hotel -> Office -> Food & Drink Shop,3,0.033713200379867046,71,0.033713200379867046
Office -> Building -> Food & Drink Shop,3,0.033713200379867046,71,0.033713200379867046
Deli / Bodega -> Coffee Shop -> Office -> Food & Drink Shop,4,0.033713200379867046,71,0.033713200379867046
Park -> Gym / Fitness Center -> Office -> Food & Drink Shop,4,0.033713200379867046,71,0.033713200379867046
Park -> Subway -> Office -> Food & Drink Shop,4,0.033713200379867046,71,0.033713200379867046
Gym / Fitness Center -> Building -> Office -> Gym / Fitness Center,4,0.03364792778005745,82,0.03364792778005745
Deli / Bodega -> Office -> Food & Drink Shop -> Office -> Gym / Fitness Center,5,0.03364792778005745,82,0.03364792778005745
Gym / Fitness Center -> Building -> Office -> Gym / Fitness Center -> Clothing Store,5,0.03364792778005745,30,0.03424657534246575
Subway -> Office -> Building -> Office -> Gym / Fitness Center,5,0.03364792778005745,82,0.03364792778005745
American Restaurant -> Office -> American Restaurant,3,0.03349282296650718,35,0.03349282296650718
Bar -> Hotel -> American Restaurant,3,0.03349282296650718,35,0.03349282296650718
Building -> Bar -> American Restaurant,3,0.03349282296650718,35,0.03349282296650718
Food & Drink Shop -> Gym / Fitness Center -> American Restaurant,3,0.03349282296650718,35,0.03349282296650718
Office -> Deli / Bodega -> American Restaurant,3,0.03349282296650718,35,0.03349282296650718
Deli / Bodega -> Gym / Fitness Center -> Office -> American Restaurant,4,0.03349282296650718,35,0.03349282296650718
Gym / Fitness Center -> Office -> Coffee Shop -> American Restaurant,4,0.03349282296650718,35,0.03349282296650718
Office -> Clothing Store -> Bar -> American Restaurant,4,0.03349282296650718,35,0.03349282296650718
Office -> Coffee Shop -> Bar -> American Restaurant,4,0.03349282296650718,35,0.03349282296650718
Office -> Coffee Shop -> Gym / Fitness Center -> Office -> American Restaurant,5,0.03349282296650718,35,0.03349282296650718
Office -> Coffee Shop -> Office -> Coffee Shop -> American Restaurant,5,0.03349282296650718,35,0.03349282296650718
Other Great Outdoors -> Deli / Bodega,2,0.03341483292583537,41,0.03341483292583537
Office -> Neighborhood -> Deli / Bodega,3,0.03341483292583537,41,0.03341483292583537
Subway -> Building -> Deli / Bodega,3,0.03341483292583537,41,0.03341483292583537
Bank -> Coffee Shop -> Office -> Deli / Bodega,4,0.03341483292583537,41,0.03341483292583537
College Academic Building -> Office -> Coffee Shop -> Deli / Bodega,4,0.03341483292583537,41,0.03341483292583537
Gym / Fitness Center -> Office -> Gym / Fitness Center -> Deli / Bodega,4,0.03341483292583537,41,0.03341483292583537
Gym / Fitness Center -> Train Station -> Office -> Deli / Bodega,4,0.03341483292583537,41,0.03341483292583537
Park -> Gym / Fitness Center -> Office -> Deli / Bodega,4,0.03341483292583537,41,0.03341483292583537
Subway -> Office -> Building -> Deli / Bodega,4,0.03341483292583537,41,0.03341483292583537
Bar -> Office -> Deli / Bodega -> Office -> Deli / Bodega,5,0.03341483292583537,41,0.03341483292583537
Building -> Office -> Subway -> Office -> Deli / Bodega,5,0.03341483292583537,41,0.03341483292583537
Deli / Bodega -> Office -> Building -> Coffee Shop -> Deli / Bodega,5,0.03341483292583537,41,0.03341483292583537
Hotel -> Office -> Building -> Office -> Deli / Bodega,5,0.03341483292583537,41,0.03341483292583537
Hotel -> Office -> Deli / Bodega -> Office -> Deli / Bodega,5,0.03341483292583537,41,0.03341483292583537
Office -> Deli / Bodega -> Park -> Office -> Deli / Bodega,5,0.03341483292583537,41,0.03341483292583537
Park -> Office -> Building -> Office -> Deli / Bodega,5,0.03341483292583537,41,0.03341483292583537
Subway -> Coffee Shop -> Office -> Coffee Shop -> Deli / Bodega,5,0.03341483292583537,41,0.03341483292583537
Subway -> Office -> Gym / Fitness Center -> Office -> Deli / Bodega,5,0.03341483292583537,41,0.03341483292583537
Subway -> Office -> Subway -> Office -> Deli / Bodega,5,0.03341483292583537,41,0.03341483292583537
Deli / Bodega -> Building -> Coffee Shop,3,0.033408577878103835,74,0.033408577878103835
Deli / Bodega -> Gym / Fitness Center -> Coffee Shop,3,0.033408577878103835,74,0.033408577878103835
Bank -> Office -> Coffee Shop -> Office -> Coffee Shop,5,0.033408577878103835,74,0.033408577878103835
Bar -> Office -> Gym / Fitness Center -> Train Station,4,0.03338102050548403,70,0.03338102050548403
Gym / Fitness Center -> Building -> Office -> Train Station,4,0.03338102050548403,70,0.03338102050548403
Neighborhood -> Office -> Gym / Fitness Center -> Train Station,4,0.03338102050548403,70,0.03338102050548403
Office -> Train Station -> Clothing Store -> Train Station,4,0.03338102050548403,70,0.03338102050548403
American Restaurant -> Office -> Coffee Shop -> Office -> Train Station,5,0.03338102050548403,70,0.03338102050548403
Deli / Bodega -> Office -> Building -> Office -> Train Station,5,0.03338102050548403,70,0.03338102050548403
Food & Drink Shop -> Office -> Coffee Shop -> Office -> Train Station,5,0.03338102050548403,70,0.03338102050548403
Office -> Coffee Shop -> Office -> Building -> Train Station,5,0.03338102050548403,70,0.03338102050548403
Office -> Deli / Bodega -> Office -> Coffee Shop -> Train Station,5,0.03338102050548403,70,0.03338102050548403
Gym / Fitness Center -> Bar -> American Restaurant -> Bar,4,0.0333716915995397,145,0.0333716915995397
Bar -> Office -> Subway,3,0.033311125916055964,100,0.033311125916055964
Bar -> Office -> Subway -> Office,4,0.033311125916055964,150,0.039925472451424006
Bar -> Office -> Subway -> Office -> Clothing Store,5,0.033311125916055964,30,0.03424657534246575
Clothing Store -> Neighborhood,2,0.033308660251665435,45,0.033308660251665435
Building -> Office -> Coffee Shop -> Office -> Neighborhood,5,0.033308660251665435,45,0.033308660251665435
Gym / Fitness Center -> Park -> Hotel,3,0.03329369797859691,28,0.03329369797859691
Subway -> Gym / Fitness Center -> Hotel,3,0.03329369797859691,28,0.03329369797859691
Bank -> Office -> Gym / Fitness Center -> Hotel,4,0.03329369797859691,28,0.03329369797859691
Bar -> Office -> Subway -> Hotel,4,0.03329369797859691,28,0.03329369797859691
Deli / Bodega -> Office -> Gym / Fitness Center -> Hotel,4,0.03329369797859691,28,0.03329369797859691
Food & Drink Shop -> Office -> Bar -> Hotel,4,0.03329369797859691,28,0.03329369797859691
Gym / Fitness Center -> Deli / Bodega -> Office -> Hotel,4,0.03329369797859691,28,0.03329369797859691
Office -> Train Station -> Coffee Shop -> Hotel,4,0.03329369797859691,28,0.03329369797859691
Subway -> Gym / Fitness Center -> Office -> Hotel,4,0.03329369797859691,28,0.03329369797859691
Subway -> Office -> Train Station -> Hotel,4,0.03329369797859691,28,0.03329369797859691
Bank -> Office -> Building -> Office -> Hotel,5,0.03329369797859691,28,0.03329369797859691
Bar -> Office -> Subway -> Office -> Hotel,5,0.03329369797859691,28,0.03329369797859691
Coffee Shop -> Clothing Store -> Office -> Coffee Shop -> Hotel,5,0.03329369797859691,28,0.03329369797859691
Coffee Shop -> Office -> Building -> Coffee Shop -> Hotel,5,0.03329369797859691,28,0.03329369797859691
Coffee Shop -> Office -> Gym / Fitness Center -> Train Station -> Hotel,5,0.03329369797859691,28,0.03329369797859691
Coffee Shop -> Subway -> Office -> Coffee Shop -> Hotel,5,0.03329369797859691,28,0.03329369797859691
Hotel -> Office -> Gym / Fitness Center -> Coffee Shop -> Hotel,5,0.03329369797859691,28,0.03329369797859691
Neighborhood -> Office -> Gym / Fitness Center -> Office -> Hotel,5,0.03329369797859691,28,0.03329369797859691
Office -> Building -> Office -> Train Station -> Hotel,5,0.03329369797859691,28,0.03329369797859691
Office -> Clothing Store -> Office -> Coffee Shop -> Hotel,5,0.03329369797859691,28,0.03329369797859691
Office -> Coffee Shop -> Train Station -> Office -> Hotel,5,0.03329369797859691,28,0.03329369797859691
Office -> Hotel -> Office -> Clothing Store -> Hotel,5,0.03329369797859691,28,0.03329369797859691
Office -> Neighborhood -> Office -> Coffee Shop -> Hotel,5,0.03329369797859691,28,0.03329369797859691
Neighborhood -> Deli / Bodega -> Office,3,0.03327122704285334,125,0.03327122704285334
Building -> Coffee Shop -> Deli / Bodega -> Office,4,0.03327122704285334,125,0.03327122704285334
Coffee Shop -> Office -> Bank -> Office,4,0.03327122704285334,125,0.03327122704285334
Train Station -> Coffee Shop -> Building -> Office,4,0.03327122704285334,125,0.03327122704285334
Coffee Shop -> Gym / Fitness Center -> Office -> Deli / Bodega -> Office,5,0.03327122704285334,125,0.03327122704285334
Coffee Shop -> Subway -> Office -> Gym / Fitness Center -> Office,5,0.03327122704285334,125,0.03327122704285334
Deli / Bodega -> Office -> Gym / Fitness Center -> Coffee Shop -> Office,5,0.03327122704285334,125,0.03327122704285334
Office -> Hotel -> Office -> Deli / Bodega -> Office,5,0.03327122704285334,125,0.03327122704285334
Park -> Coffee Shop -> Office -> Coffee Shop -> Office,5,0.03327122704285334,125,0.03327122704285334
Train Station -> Coffee Shop -> Building -> Office -> Clothing Store,5,0.03327122704285334,36,0.0410958904109589
Coffee Shop -> Bar -> Food & Drink Shop,3,0.03323836657169991,70,0.03323836657169991
Food & Drink Shop -> Bar -> Food & Drink Shop,3,0.03323836657169991,70,0.03323836657169991
Coffee Shop -> Deli / Bodega -> Office -> Food & Drink Shop,4,0.03323836657169991,70,0.03323836657169991
Deli / Bodega -> Office -> Gym / Fitness Center -> Office -> Food & Drink Shop,5,0.03323836657169991,70,0.03323836657169991
Gym / Fitness Center -> Office -> Neighborhood -> Office -> Food & Drink Shop,5,0.03323836657169991,70,0.03323836657169991
Office -> Coffee Shop -> Office -> Park -> Food & Drink Shop,5,0.03323836657169991,70,0.03323836657169991
Gym / Fitness Center -> Clothing Store -> Gym / Fitness Center,3,0.03323758719737382,81,0.03323758719737382
Deli / Bodega -> Gym / Fitness Center -> Office -> Gym / Fitness Center,4,0.03323758719737382,81,0.03323758719737382
Gym / Fitness Center -> Clothing Store -> Gym / Fitness Center -> Clothing Store,4,0.03323758719737382,36,0.0410958904109589
Building -> Office -> Subway -> Office -> Gym / Fitness Center,5,0.03323758719737382,81,0.03323758719737382
Coffee Shop -> Office -> Food & Drink Shop -> Office -> Gym / Fitness Center,5,0.03323758719737382,81,0.03323758719737382
Hotel -> Office -> Gym / Fitness Center -> Office -> Gym / Fitness Center,5,0.03323758719737382,81,0.03323758719737382
Office -> Gym / Fitness Center -> Coffee Shop -> Office -> Gym / Fitness Center,5,0.03323758719737382,81,0.03323758719737382
Bank -> Pizza Place,2,0.033236994219653176,23,0.033236994219653176
Bar -> Gym / Fitness Center -> Pizza Place,3,0.033236994219653176,23,0.033236994219653176
Coffee Shop -> Clothing Store -> Pizza Place,3,0.033236994219653176,23,0.033236994219653176
College Academic Building -> Bar -> Pizza Place,3,0.033236994219653176,23,0.033236994219653176
Food & Drink Shop -> Gym / Fitness Center -> Pizza Place,3,0.033236994219653176,23,0.033236994219653176
Office -> Hotel -> Pizza Place,3,0.033236994219653176,23,0.033236994219653176
Bar -> Subway -> Bar -> Pizza Place,4,0.033236994219653176,23,0.033236994219653176
Coffee Shop -> Deli / Bodega -> Office -> Pizza Place,4,0.033236994219653176,23,0.033236994219653176
Deli / Bodega -> Office -> Coffee Shop -> Pizza Place,4,0.033236994219653176,23,0.033236994219653176
Coffee Shop -> Hotel -> Building,3,0.033210332103321034,36,0.033210332103321034
Gym / Fitness Center -> Hotel -> Office -> Building,4,0.033210332103321034,36,0.033210332103321034
Building -> Coffee Shop -> Office -> Coffee Shop -> Building,5,0.033210332103321034,36,0.033210332103321034
Coffee Shop -> Train Station -> Office -> Coffee Shop -> Building,5,0.033210332103321034,36,0.033210332103321034
Gym / Fitness Center -> Office -> Neighborhood -> Office -> Building,5,0.033210332103321034,36,0.033210332103321034
Office -> Coffee Shop -> Office -> Clothing Store -> Building,5,0.033210332103321034,36,0.033210332103321034
Office -> Deli / Bodega -> Office -> Deli / Bodega -> Building,5,0.033210332103321034,36,0.033210332103321034
Park -> Office -> Coffee Shop -> Office -> Building,5,0.033210332103321034,36,0.033210332103321034
Deli / Bodega -> Office -> Bus Station,3,0.03319783197831978,49,0.03319783197831978
Office -> Drugstore / Pharmacy -> Park,3,0.03313452617627568,50,0.03313452617627568
Park -> Deli / Bodega -> Office -> Park,4,0.03313452617627568,50,0.03313452617627568
Subway -> Gym / Fitness Center -> Office -> Park,4,0.03313452617627568,50,0.03313452617627568
Building -> Office -> Deli / Bodega -> Office -> Park,5,0.03313452617627568,50,0.03313452617627568
Gym / Fitness Center -> Deli / Bodega -> Park -> Office -> Park,5,0.03313452617627568,50,0.03313452617627568
Gym / Fitness Center -> Office -> Neighborhood -> Office -> Park,5,0.03313452617627568,50,0.03313452617627568
Office -> Gym / Fitness Center -> Subway -> Office -> Park,5,0.03313452617627568,50,0.03313452617627568
Subway -> Office -> Building -> Office -> Park,5,0.03313452617627568,50,0.03313452617627568
Bus Station -> Clothing Store,2,0.033105022831050226,29,0.033105022831050226
Bar -> Subway -> Clothing Store,3,0.033105022831050226,29,0.033105022831050226
Bar -> Coffee Shop -> Bar -> Clothing Store,4,0.033105022831050226,29,0.033105022831050226
Bar -> Office -> Building -> Clothing Store,4,0.033105022831050226,29,0.033105022831050226
Clothing Store -> Office -> Building -> Clothing Store,4,0.033105022831050226,29,0.033105022831050226
Gym / Fitness Center -> Coffee Shop -> American Restaurant -> Clothing Store,4,0.033105022831050226,29,0.033105022831050226
Gym / Fitness Center -> Coffee Shop -> Hotel -> Clothing Store,4,0.033105022831050226,29,0.033105022831050226
Office -> Food & Drink Shop -> Gym / Fitness Center -> Clothing Store,4,0.033105022831050226,29,0.033105022831050226
Park -> Gym / Fitness Center -> Park -> Clothing Store,4,0.033105022831050226,29,0.033105022831050226
Park -> Office -> Gym / Fitness Center -> Clothing Store,4,0.033105022831050226,29,0.033105022831050226
Building -> Office -> Coffee Shop -> Building -> Clothing Store,5,0.033105022831050226,29,0.033105022831050226
Coffee Shop -> Building -> Office -> Gym / Fitness Center -> Clothing Store,5,0.033105022831050226,29,0.033105022831050226
Coffee Shop -> Deli / Bodega -> Building -> Office -> Clothing Store,5,0.033105022831050226,29,0.033105022831050226
Coffee Shop -> Food & Drink Shop -> Office -> Park -> Clothing Store,5,0.033105022831050226,29,0.033105022831050226
Coffee Shop -> Office -> Bank -> Office -> Clothing Store,5,0.033105022831050226,29,0.033105022831050226
Coffee Shop -> Office -> Deli / Bodega -> Coffee Shop -> Clothing Store,5,0.033105022831050226,29,0.033105022831050226
Deli / Bodega -> Gym / Fitness Center -> Office -> Coffee Shop -> Clothing Store,5,0.033105022831050226,29,0.033105022831050226
Deli / Bodega -> Gym / Fitness Center -> Office -> Park -> Clothing Store,5,0.033105022831050226,29,0.033105022831050226
Gym / Fitness Center -> Office -> Coffee Shop -> Food & Drink Shop -> Clothing Store,5,0.033105022831050226,29,0.033105022831050226
Gym / Fitness Center -> Park -> Gym / Fitness Center -> Office -> Clothing Store,5,0.033105022831050226,29,0.033105022831050226
Gym / Fitness Center -> Subway -> Office -> Food & Drink Shop -> Clothing Store,5,0.033105022831050226,29,0.033105022831050226
Hotel -> Office -> Neighborhood -> Office -> Clothing Store,5,0.033105022831050226,29,0.033105022831050226
Office -> American Restaurant -> Office -> Coffee Shop -> Clothing Store,5,0.033105022831050226,29,0.033105022831050226
Office -> Bar -> Office -> Coffee Shop -> Clothing Store,5,0.033105022831050226,29,0.033105022831050226
Office -> Food & Drink Shop -> Office -> Food & Drink Shop -> Clothing Store,5,0.033105022831050226,29,0.033105022831050226
Office -> Park -> Gym / Fitness Center -> Office -> Clothing Store,5,0.033105022831050226,29,0.033105022831050226
Office -> Train Station -> Office -> Deli / Bodega -> Clothing Store,5,0.033105022831050226,29,0.033105022831050226
Subway -> Gym / Fitness Center -> Office -> Park -> Clothing Store,5,0.033105022831050226,29,0.033105022831050226
Neighborhood -> College Academic Building,2,0.03301540719002201,45,0.03301540719002201
Coffee Shop -> Office -> Gym / Fitness Center -> College Academic Building,4,0.03301540719002201,45,0.03301540719002201
Gym / Fitness Center -> Office -> Building -> College Academic Building,4,0.03301540719002201,45,0.03301540719002201
Gym / Fitness Center -> Office -> Gym / Fitness Center -> Office -> College Academic Building,5,0.03301540719002201,45,0.03301540719002201
Coffee Shop -> Subway -> Building -> Office,4,0.033005057226510516,124,0.033005057226510516
Deli / Bodega -> Coffee Shop -> Building -> Office,4,0.033005057226510516,124,0.033005057226510516
Office -> Gym / Fitness Center -> Building -> Office,4,0.033005057226510516,124,0.033005057226510516
Deli / Bodega -> Coffee Shop -> Building -> Office -> Clothing Store,5,0.033005057226510516,32,0.0365296803652968
Deli / Bodega -> Coffee Shop -> Building -> Office -> Deli / Bodega,5,0.033005057226510516,47,0.03830480847595762
Deli / Bodega -> Gym / Fitness Center -> Office -> Deli / Bodega -> Office,5,0.033005057226510516,124,0.033005057226510516
Office -> Coffee Shop -> Deli / Bodega -> Coffee Shop -> Office,5,0.033005057226510516,124,0.033005057226510516
Office -> Gym / Fitness Center -> Building -> Office -> Clothing Store,5,0.033005057226510516,33,0.03767123287671233
Neighborhood -> Subway,2,0.032978014656895406,99,0.032978014656895406
Coffee Shop -> Gym / Fitness Center -> Subway,3,0.032978014656895406,99,0.032978014656895406
Neighborhood -> Subway -> Office,3,0.032978014656895406,140,0.03726377428799574
Coffee Shop -> Gym / Fitness Center -> Subway -> Office,4,0.032978014656895406,126,0.03353739685919617
Building -> Subway -> Office -> Coffee Shop,4,0.03295711060948081,73,0.03295711060948081
Building -> Subway -> Office -> Coffee Shop -> Clothing Store,5,0.03295711060948081,33,0.03767123287671233
Coffee Shop -> Office -> Coffee Shop -> Building -> Coffee Shop,5,0.03295711060948081,73,0.03295711060948081
Office -> Building -> Office -> Train Station -> Coffee Shop,5,0.03295711060948081,73,0.03295711060948081
Bar -> Home (private),2,0.03292264189052717,163,0.03292264189052717
Bar -> Home (private) -> Bar,3,0.03292264189052717,153,0.03521288837744534
Clothing Store -> Gym / Fitness Center -> Train Station,3,0.032904148783977114,69,0.032904148783977114
Office -> Food & Drink Shop -> Train Station,3,0.032904148783977114,69,0.032904148783977114
Neighborhood -> Office -> Coffee Shop -> Train Station,4,0.032904148783977114,69,0.032904148783977114
Deli / Bodega -> Office -> Gym / Fitness Center -> Coffee Shop -> Train Station,5,0.032904148783977114,69,0.032904148783977114
Gym / Fitness Center -> Coffee Shop -> Office -> Gym / Fitness Center -> Train Station,5,0.032904148783977114,69,0.032904148783977114
Office -> Neighborhood -> Office -> Coffee Shop -> Train Station,5,0.032904148783977114,69,0.032904148783977114
Office -> Neighborhood -> Office -> Gym / Fitness Center -> Train Station,5,0.032904148783977114,69,0.032904148783977114
Office -> American Restaurant -> Gym / Fitness Center,3,0.03282724661469019,80,0.03282724661469019
Office -> Clothing Store -> Office -> Gym / Fitness Center,4,0.03282724661469019,80,0.03282724661469019
Gym / Fitness Center -> Office -> Food & Drink Shop -> Office -> Gym / Fitness Center,5,0.03282724661469019,80,0.03282724661469019
Food & Drink Shop -> Gym / Fitness Center -> Food & Drink Shop,3,0.03276353276353276,69,0.03276353276353276
Gym / Fitness Center -> Office -> Gym / Fitness Center -> Food & Drink Shop,4,0.03276353276353276,69,0.03276353276353276
Subway -> Office -> Park -> Food & Drink Shop,4,0.03276353276353276,69,0.03276353276353276
Bar -> Train Station -> Office,3,0.032738887410167686,123,0.032738887410167686
Bar -> Train Station -> Office -> Clothing Store,4,0.032738887410167686,33,0.03767123287671233
Bar -> Train Station -> Office -> Train Station,4,0.032738887410167686,110,0.05245588936576061
Building -> Coffee Shop -> Building -> Office,4,0.032738887410167686,123,0.032738887410167686
Office -> Coffee Shop -> Park -> Office,4,0.032738887410167686,123,0.032738887410167686
Building -> Coffee Shop -> Building -> Office -> Clothing Store,5,0.032738887410167686,29,0.033105022831050226
Building -> Coffee Shop -> Building -> Office -> Hotel,5,0.032738887410167686,29,0.034482758620689655
Building -> Office -> Deli / Bodega -> Coffee Shop -> Office,5,0.032738887410167686,123,0.032738887410167686
Building -> Subway -> Office -> Coffee Shop -> Office,5,0.032738887410167686,123,0.032738887410167686
Office -> Coffee Shop -> Park -> Office -> Clothing Store,5,0.032738887410167686,40,0.045662100456621
Building -> Coffee Shop -> Drugstore / Pharmacy,3,0.032648125755743655,27,0.032648125755743655
Drugstore / Pharmacy -> Office -> Drugstore / Pharmacy,3,0.032648125755743655,27,0.032648125755743655
Food & Drink Shop -> Coffee Shop -> Drugstore / Pharmacy,3,0.032648125755743655,27,0.032648125755743655
Coffee Shop -> Building -> Office -> Drugstore / Pharmacy,4,0.032648125755743655,27,0.032648125755743655
Deli / Bodega -> Coffee Shop -> Office -> Drugstore / Pharmacy,4,0.032648125755743655,27,0.032648125755743655
Gym / Fitness Center -> Office -> Gym / Fitness Center -> Drugstore / Pharmacy,4,0.032648125755743655,27,0.032648125755743655
Park -> Subway -> Office -> Drugstore / Pharmacy,4,0.032648125755743655,27,0.032648125755743655
Subway -> Coffee Shop -> Office -> Drugstore / Pharmacy,4,0.032648125755743655,27,0.032648125755743655
Coffee Shop -> Office -> Coffee Shop -> Office -> Subway,5,0.03264490339773484,98,0.03264490339773484
Coffee Shop -> American Restaurant -> Deli / Bodega,3,0.032599837000814993,40,0.032599837000814993
American Restaurant -> Office -> Building -> Deli / Bodega,4,0.032599837000814993,40,0.032599837000814993
Bar -> Gym / Fitness Center -> Office -> Deli / Bodega,4,0.032599837000814993,40,0.032599837000814993
Coffee Shop -> Gym / Fitness Center -> Office -> Coffee Shop -> Deli / Bodega,5,0.032599837000814993,40,0.032599837000814993
Coffee Shop -> Office -> Clothing Store -> Office -> Deli / Bodega,5,0.032599837000814993,40,0.032599837000814993
Coffee Shop -> Subway -> Coffee Shop -> Office -> Deli / Bodega,5,0.032599837000814993,40,0.032599837000814993
Deli / Bodega -> Coffee Shop -> Gym / Fitness Center -> Office -> Deli / Bodega,5,0.032599837000814993,40,0.032599837000814993
Deli / Bodega -> Park -> Deli / Bodega -> Office -> Deli / Bodega,5,0.032599837000814993,40,0.032599837000814993
Gym / Fitness Center -> Building -> Office -> Coffee Shop -> Deli / Bodega,5,0.032599837000814993,40,0.032599837000814993
Bus Station -> Neighborhood,2,0.03256846780162842,44,0.03256846780162842
American Restaurant -> Food & Drink Shop -> American Restaurant,3,0.03253588516746411,34,0.03253588516746411
Bank -> Office -> American Restaurant,3,0.03253588516746411,34,0.03253588516746411
Bar -> Park -> American Restaurant,3,0.03253588516746411,34,0.03253588516746411
Clothing Store -> Park -> American Restaurant,3,0.03253588516746411,34,0.03253588516746411
Coffee Shop -> Subway -> American Restaurant,3,0.03253588516746411,34,0.03253588516746411
Food & Drink Shop -> Coffee Shop -> American Restaurant,3,0.03253588516746411,34,0.03253588516746411
Coffee Shop -> Building -> Office -> American Restaurant,4,0.03253588516746411,34,0.03253588516746411
Coffee Shop -> Office -> Park -> American Restaurant,4,0.03253588516746411,34,0.03253588516746411
Office -> Park -> Office -> American Restaurant,4,0.03253588516746411,34,0.03253588516746411
Coffee Shop -> Office -> Subway -> Office -> American Restaurant,5,0.03253588516746411,34,0.03253588516746411
Office -> Gym / Fitness Center -> Office -> Bar -> American Restaurant,5,0.03253588516746411,34,0.03253588516746411
Bank -> Bus Station,2,0.032520325203252036,48,0.032520325203252036
Deli / Bodega -> Office -> Subway -> Coffee Shop,4,0.03250564334085779,72,0.03250564334085779
Gym / Fitness Center -> Park -> Office -> Coffee Shop,4,0.03250564334085779,72,0.03250564334085779
Coffee Shop -> Office -> Neighborhood -> Office -> Coffee Shop,5,0.03250564334085779,72,0.03250564334085779
Deli / Bodega -> Office -> Subway -> Coffee Shop -> Clothing Store,5,0.03250564334085779,29,0.033105022831050226
Deli / Bodega -> Office -> Subway -> Coffee Shop -> Office,5,0.03250564334085779,136,0.03619909502262444
Coffee Shop -> Building -> Deli / Bodega -> Office,4,0.03247271759382486,122,0.03247271759382486
Hotel -> Office -> Clothing Store -> Office,4,0.03247271759382486,122,0.03247271759382486
Neighborhood -> Office -> Deli / Bodega -> Office,4,0.03247271759382486,122,0.03247271759382486
Office -> Subway -> Gym / Fitness Center -> Office,4,0.03247271759382486,122,0.03247271759382486
Coffee Shop -> Building -> Deli / Bodega -> Office -> Clothing Store,5,0.03247271759382486,29,0.033105022831050226
Coffee Shop -> Building -> Deli / Bodega -> Office -> Deli / Bodega,5,0.03247271759382486,42,0.034229828850855744
Coffee Shop -> Deli / Bodega -> Office -> Train Station -> Office,5,0.03247271759382486,122,0.03247271759382486
Deli / Bodega -> Office -> Coffee Shop -> Gym / Fitness Center -> Office,5,0.03247271759382486,122,0.03247271759382486
Hotel -> Office -> Clothing Store -> Office -> Clothing Store,5,0.03247271759382486,55,0.06278538812785388
Hotel -> Office -> Clothing Store -> Office -> Hotel,5,0.03247271759382486,29,0.034482758620689655
Office -> Hotel -> Office -> Building -> Office,5,0.03247271759382486,122,0.03247271759382486
Office -> Subway -> Gym / Fitness Center -> Office -> Clothing Store,5,0.03247271759382486,35,0.03995433789954338
Clothing Store -> Food & Drink Shop -> Park,3,0.032471835652750164,49,0.032471835652750164
Gym / Fitness Center -> Building -> Park,3,0.032471835652750164,49,0.032471835652750164
Coffee Shop -> Gym / Fitness Center -> Food & Drink Shop -> Park,4,0.032471835652750164,49,0.032471835652750164
Food & Drink Shop -> Office -> Clothing Store -> Park,4,0.032471835652750164,49,0.032471835652750164
Gym / Fitness Center -> Office -> Bar -> Park,4,0.032471835652750164,49,0.032471835652750164
Office -> American Restaurant -> Office -> Park,4,0.032471835652750164,49,0.032471835652750164
Office -> Gym / Fitness Center -> Subway -> Park,4,0.032471835652750164,49,0.032471835652750164
Park -> Office -> Clothing Store -> Park,4,0.032471835652750164,49,0.032471835652750164
Subway -> Office -> Clothing Store -> Park,4,0.032471835652750164,49,0.032471835652750164
Coffee Shop -> Office -> Clothing Store -> Office -> Park,5,0.032471835652750164,49,0.032471835652750164
Coffee Shop -> Subway -> Office -> Food & Drink Shop -> Park,5,0.032471835652750164,49,0.032471835652750164
Office -> Building -> Coffee Shop -> Office -> Park,5,0.032471835652750164,49,0.032471835652750164
Office -> Coffee Shop -> Office -> Subway -> Park,5,0.032471835652750164,49,0.032471835652750164
Office -> Coffee Shop -> Park -> Office -> Park,5,0.032471835652750164,49,0.032471835652750164
Park -> Office -> Deli / Bodega -> Office -> Park,5,0.032471835652750164,49,0.032471835652750164
Coffee Shop -> Hotel -> Bar,3,0.03245109321058688,141,0.03245109321058688
Office -> Park -> Bar,3,0.03245109321058688,141,0.03245109321058688
Coffee Shop -> Hotel -> Bar -> Hotel,4,0.03245109321058688,41,0.04875148632580262
Clothing Store -> Office -> Coffee Shop -> Train Station,4,0.03242727706247019,68,0.03242727706247019
Coffee Shop -> Bar -> Office -> Train Station,4,0.03242727706247019,68,0.03242727706247019
Deli / Bodega -> Building -> Office -> Train Station,4,0.03242727706247019,68,0.03242727706247019
Coffee Shop -> Gym / Fitness Center -> Office -> Gym / Fitness Center -> Train Station,5,0.03242727706247019,68,0.03242727706247019
Coffee Shop -> Subway -> Coffee Shop -> Office -> Train Station,5,0.03242727706247019,68,0.03242727706247019
Building -> Deli / Bodega -> Office -> Gym / Fitness Center,4,0.032416906032006566,79,0.032416906032006566
Coffee Shop -> Office -> Food & Drink Shop -> Gym / Fitness Center,4,0.032416906032006566,79,0.032416906032006566
Building -> Deli / Bodega -> Office -> Gym / Fitness Center -> Train Station,5,0.032416906032006566,69,0.032904148783977114
Medical Center -> Bank,2,0.032362459546925564,20,0.032362459546925564
Clothing Store -> Office -> Bank,3,0.032362459546925564,20,0.032362459546925564
Neighborhood -> Office -> Bank,3,0.032362459546925564,20,0.032362459546925564
Park -> Coffee Shop -> Bank,3,0.032362459546925564,20,0.032362459546925564
Park -> Deli / Bodega -> Bank,3,0.032362459546925564,20,0.032362459546925564
Subway -> Coffee Shop -> Bank,3,0.032362459546925564,20,0.032362459546925564
Building -> Coffee Shop -> Office -> Bank,4,0.032362459546925564,20,0.032362459546925564
Deli / Bodega -> Park -> Office -> Bank,4,0.032362459546925564,20,0.032362459546925564
Gym / Fitness Center -> Coffee Shop -> Deli / Bodega -> Bank,4,0.032362459546925564,20,0.032362459546925564
Gym / Fitness Center -> Coffee Shop -> Gym / Fitness Center -> Bank,4,0.032362459546925564,20,0.032362459546925564
Gym / Fitness Center -> Office -> Subway -> Bank,4,0.032362459546925564,20,0.032362459546925564
Hotel -> Office -> Deli / Bodega -> Bank,4,0.032362459546925564,20,0.032362459546925564
Office -> Coffee Shop -> Subway -> Bank,4,0.032362459546925564,20,0.032362459546925564
Office -> Deli / Bodega -> Coffee Shop -> Bank,4,0.032362459546925564,20,0.032362459546925564
Office -> Deli / Bodega -> Gym / Fitness Center -> Bank,4,0.032362459546925564,20,0.032362459546925564
Office -> Drugstore / Pharmacy -> Office -> Bank,4,0.032362459546925564,20,0.032362459546925564
Subway -> Office -> Coffee Shop -> Bank,4,0.032362459546925564,20,0.032362459546925564
Subway -> Office -> Subway -> Bank,4,0.032362459546925564,20,0.032362459546925564
Building -> Office -> Building -> Office -> Bank,5,0.032362459546925564,20,0.032362459546925564
Coffee Shop -> Deli / Bodega -> Office -> Coffee Shop -> Bank,5,0.032362459546925564,20,0.032362459546925564
Coffee Shop -> Deli / Bodega -> Office -> Deli / Bodega -> Bank,5,0.032362459546925564,20,0.032362459546925564
Coffee Shop -> Office -> Building -> Deli / Bodega -> Bank,5,0.032362459546925564,20,0.032362459546925564
Coffee Shop -> Subway -> Office -> Deli / Bodega -> Bank,5,0.032362459546925564,20,0.032362459546925564
Deli / Bodega -> Coffee Shop -> Office -> Deli / Bodega -> Bank,5,0.032362459546925564,20,0.032362459546925564
Deli / Bodega -> Gym / Fitness Center -> Office -> Deli / Bodega -> Bank,5,0.032362459546925564,20,0.032362459546925564
Deli / Bodega -> Office -> Coffee Shop -> Deli / Bodega -> Bank,5,0.032362459546925564,20,0.032362459546925564
Deli / Bodega -> Park -> Deli / Bodega -> Office -> Bank,5,0.032362459546925564,20,0.032362459546925564
Office -> Building -> Office -> Deli / Bodega -> Bank,5,0.032362459546925564,20,0.032362459546925564
Office -> Coffee Shop -> Office -> Building -> Bank,5,0.032362459546925564,20,0.032362459546925564
Office -> Coffee Shop -> Subway -> Office -> Bank,5,0.032362459546925564,20,0.032362459546925564
Office -> Gym / Fitness Center -> Coffee Shop -> Office -> Bank,5,0.032362459546925564,20,0.032362459546925564
Office -> Subway -> Office -> Gym / Fitness Center -> Bank,5,0.032362459546925564,20,0.032362459546925564
Park -> Office -> Coffee Shop -> Office -> Bank,5,0.032362459546925564,20,0.032362459546925564
Park -> Office -> Gym / Fitness Center -> Office -> Bank,5,0.032362459546925564,20,0.032362459546925564
Park -> Subway -> Office -> Gym / Fitness Center -> Bank,5,0.032362459546925564,20,0.032362459546925564
Subway -> Office -> Building -> Office -> Bank,5,0.032362459546925564,20,0.032362459546925564
Subway -> Office -> Coffee Shop -> Deli / Bodega -> Bank,5,0.032362459546925564,20,0.032362459546925564
Office -> Building -> Office -> Subway,4,0.03231179213857428,97,0.03231179213857428
Office -> Building -> Office -> Subway -> Bank,5,0.03231179213857428,20,0.032362459546925564
Office -> Building -> Office -> Subway -> Clothing Store,5,0.03231179213857428,29,0.033105022831050226
Office -> Building -> Office -> Subway -> Hotel,5,0.03231179213857428,37,0.04399524375743163
Office -> Building -> Office -> Subway -> Office,5,0.03231179213857428,191,0.0508384349214799
Hotel -> Food & Drink Shop,2,0.032288698955365625,68,0.032288698955365625
Office -> Bar -> Office -> Food & Drink Shop,4,0.032288698955365625,68,0.032288698955365625
Office -> Coffee Shop -> Office -> Coffee Shop -> Food & Drink Shop,5,0.032288698955365625,68,0.032288698955365625
Bar -> Gym / Fitness Center -> Building,3,0.03228782287822878,35,0.03228782287822878
Coffee Shop -> American Restaurant -> Building,3,0.03228782287822878,35,0.03228782287822878
Building -> Office -> Subway -> Building,4,0.03228782287822878,35,0.03228782287822878
Deli / Bodega -> Park -> Office -> Building,4,0.03228782287822878,35,0.03228782287822878
Gym / Fitness Center -> Office -> Clothing Store -> Building,4,0.03228782287822878,35,0.03228782287822878
Neighborhood -> Office -> Coffee Shop -> Building,4,0.03228782287822878,35,0.03228782287822878
Office -> Bank -> Office -> Building,4,0.03228782287822878,35,0.03228782287822878
Office -> Coffee Shop -> Subway -> Building,4,0.03228782287822878,35,0.03228782287822878
Office -> Coffee Shop -> Train Station -> Building,4,0.03228782287822878,35,0.03228782287822878
Building -> Office -> Clothing Store -> Office -> Building,5,0.03228782287822878,35,0.03228782287822878
Coffee Shop -> Deli / Bodega -> Office -> Coffee Shop -> Building,5,0.03228782287822878,35,0.03228782287822878
Coffee Shop -> Office -> Neighborhood -> Office -> Building,5,0.03228782287822878,35,0.03228782287822878
Deli / Bodega -> Office -> Deli / Bodega -> Coffee Shop -> Building,5,0.03228782287822878,35,0.03228782287822878
Deli / Bodega -> Office -> Neighborhood -> Office -> Building,5,0.03228782287822878,35,0.03228782287822878
Gym / Fitness Center -> Deli / Bodega -> Office -> Coffee Shop -> Building,5,0.03228782287822878,35,0.03228782287822878
Office -> Coffee Shop -> Office -> Train Station -> Building,5,0.03228782287822878,35,0.03228782287822878
Office -> Deli / Bodega -> Gym / Fitness Center -> Office -> Building,5,0.03228782287822878,35,0.03228782287822878
Subway -> Office -> Building -> Office -> Building,5,0.03228782287822878,35,0.03228782287822878
Gym / Fitness Center -> Building -> College Academic Building,3,0.032281731474688186,44,0.032281731474688186
Coffee Shop -> Office -> Medical Center,3,0.03225806451612903,29,0.03225806451612903
American Restaurant -> Coffee Shop -> Bar,3,0.03222094361334868,140,0.03222094361334868
Deli / Bodega -> Building -> Deli / Bodega -> Office,4,0.03220654777748203,121,0.03220654777748203
Office -> Bar -> Coffee Shop -> Office,4,0.03220654777748203,121,0.03220654777748203
Building -> Coffee Shop -> Office -> Neighborhood -> Office,5,0.03220654777748203,121,0.03220654777748203
Building -> Office -> Coffee Shop -> Train Station -> Office,5,0.03220654777748203,121,0.03220654777748203
Office -> Bar -> Coffee Shop -> Office -> Train Station,5,0.03220654777748203,69,0.032904148783977114
College Academic Building -> Hotel,2,0.03210463733650416,27,0.03210463733650416
Building -> Train Station -> Hotel,3,0.03210463733650416,27,0.03210463733650416
Bus Station -> Coffee Shop -> Hotel,3,0.03210463733650416,27,0.03210463733650416
Deli / Bodega -> Subway -> Hotel,3,0.03210463733650416,27,0.03210463733650416
Gym / Fitness Center -> Deli / Bodega -> Hotel,3,0.03210463733650416,27,0.03210463733650416
Office -> Bus Station -> Hotel,3,0.03210463733650416,27,0.03210463733650416
American Restaurant -> Gym / Fitness Center -> Bar -> Hotel,4,0.03210463733650416,27,0.03210463733650416
Bar -> Gym / Fitness Center -> Bar -> Hotel,4,0.03210463733650416,27,0.03210463733650416
Building -> Coffee Shop -> Gym / Fitness Center -> Hotel,4,0.03210463733650416,27,0.03210463733650416
Coffee Shop -> American Restaurant -> Bar -> Hotel,4,0.03210463733650416,27,0.03210463733650416
Coffee Shop -> Office -> Neighborhood -> Hotel,4,0.03210463733650416,27,0.03210463733650416
Office -> Building -> Gym / Fitness Center -> Hotel,4,0.03210463733650416,27,0.03210463733650416
Office -> Coffee Shop -> Building -> Hotel,4,0.03210463733650416,27,0.03210463733650416
Office -> Drugstore / Pharmacy -> Office -> Hotel,4,0.03210463733650416,27,0.03210463733650416
Park -> Office -> Coffee Shop -> Hotel,4,0.03210463733650416,27,0.03210463733650416
Coffee Shop -> Gym / Fitness Center -> Office -> Coffee Shop -> Hotel,5,0.03210463733650416,27,0.03210463733650416
Coffee Shop -> Office -> Bar -> Office -> Hotel,5,0.03210463733650416,27,0.03210463733650416
Office -> American Restaurant -> Office -> Coffee Shop -> Hotel,5,0.03210463733650416,27,0.03210463733650416
Office -> Deli / Bodega -> Office -> Gym / Fitness Center -> Hotel,5,0.03210463733650416,27,0.03210463733650416
Office -> Deli / Bodega -> Office -> Subway -> Hotel,5,0.03210463733650416,27,0.03210463733650416
Office -> Train Station -> Coffee Shop -> Train Station -> Hotel,5,0.03210463733650416,27,0.03210463733650416
Subway -> Coffee Shop -> Office -> Coffee Shop -> Hotel,5,0.03210463733650416,27,0.03210463733650416
Park -> Subway -> Coffee Shop,3,0.032054176072234764,71,0.032054176072234764
Gym / Fitness Center -> Office -> Park -> Coffee Shop,4,0.032054176072234764,71,0.032054176072234764
Park -> Subway -> Coffee Shop -> Office,4,0.032054176072234764,160,0.042587170614852274
Subway -> Office -> Deli / Bodega -> Coffee Shop,4,0.032054176072234764,71,0.032054176072234764
Bar -> Office -> Deli / Bodega -> Office -> Coffee Shop,5,0.032054176072234764,71,0.032054176072234764
Gym / Fitness Center -> Office -> Clothing Store -> Office -> Coffee Shop,5,0.032054176072234764,71,0.032054176072234764
Gym / Fitness Center -> Office -> Park -> Coffee Shop -> Clothing Store,5,0.032054176072234764,32,0.0365296803652968
Park -> Food & Drink Shop -> Gym / Fitness Center,3,0.03200656544932294,78,0.03200656544932294
Coffee Shop -> Food & Drink Shop -> Office -> Gym / Fitness Center,4,0.03200656544932294,78,0.03200656544932294
Deli / Bodega -> Building -> Office -> Gym / Fitness Center,4,0.03200656544932294,78,0.03200656544932294
Office -> Drugstore / Pharmacy -> Office -> Gym / Fitness Center,4,0.03200656544932294,78,0.03200656544932294
Park -> Food & Drink Shop -> Gym / Fitness Center -> Park,4,0.03200656544932294,53,0.03512259774685222
American Restaurant -> Hotel -> Bar,3,0.03199079401611047,139,0.03199079401611047
American Restaurant -> Hotel -> Bar -> Hotel,4,0.03199079401611047,31,0.036860879904875146
American Restaurant -> Park -> Clothing Store,3,0.0319634703196347,28,0.0319634703196347
Building -> College Academic Building -> Clothing Store,3,0.0319634703196347,28,0.0319634703196347
Coffee Shop -> College Academic Building -> Clothing Store,3,0.0319634703196347,28,0.0319634703196347
Neighborhood -> Coffee Shop -> Clothing Store,3,0.0319634703196347,28,0.0319634703196347
Building -> Gym / Fitness Center -> Coffee Shop -> Clothing Store,4,0.0319634703196347,28,0.0319634703196347
Coffee Shop -> Clothing Store -> Deli / Bodega -> Clothing Store,4,0.0319634703196347,28,0.0319634703196347
Coffee Shop -> Food & Drink Shop -> Park -> Clothing Store,4,0.0319634703196347,28,0.0319634703196347
Coffee Shop -> Gym / Fitness Center -> American Restaurant -> Clothing Store,4,0.0319634703196347,28,0.0319634703196347
College Academic Building -> Office -> Coffee Shop -> Clothing Store,4,0.0319634703196347,28,0.0319634703196347
Deli / Bodega -> Building -> Coffee Shop -> Clothing Store,4,0.0319634703196347,28,0.0319634703196347
Deli / Bodega -> Gym / Fitness Center -> Coffee Shop -> Clothing Store,4,0.0319634703196347,28,0.0319634703196347
Drugstore / Pharmacy -> Office -> Gym / Fitness Center -> Clothing Store,4,0.0319634703196347,28,0.0319634703196347
Gym / Fitness Center -> Clothing Store -> Park -> Clothing Store,4,0.0319634703196347,28,0.0319634703196347
Gym / Fitness Center -> Food & Drink Shop -> Park -> Clothing Store,4,0.0319634703196347,28,0.0319634703196347
Gym / Fitness Center -> Office -> American Restaurant -> Clothing Store,4,0.0319634703196347,28,0.0319634703196347
Gym / Fitness Center -> Office -> Hotel -> Clothing Store,4,0.0319634703196347,28,0.0319634703196347
Gym / Fitness Center -> Park -> Food & Drink Shop -> Clothing Store,4,0.0319634703196347,28,0.0319634703196347
Office -> Clothing Store -> Building -> Clothing Store,4,0.0319634703196347,28,0.0319634703196347
Office -> Clothing Store -> Deli / Bodega -> Clothing Store,4,0.0319634703196347,28,0.0319634703196347
Office -> Clothing Store -> Park -> Clothing Store,4,0.0319634703196347,28,0.0319634703196347
Office -> Coffee Shop -> American Restaurant -> Clothing Store,4,0.0319634703196347,28,0.0319634703196347
Office -> Coffee Shop -> Train Station -> Clothing Store,4,0.0319634703196347,28,0.0319634703196347
Office -> Gym / Fitness Center -> Train Station -> Clothing Store,4,0.0319634703196347,28,0.0319634703196347
Office -> Hotel -> Bar -> Clothing Store,4,0.0319634703196347,28,0.0319634703196347
Office -> Park -> Food & Drink Shop -> Clothing Store,4,0.0319634703196347,28,0.0319634703196347
Train Station -> Coffee Shop -> Train Station -> Clothing Store,4,0.0319634703196347,28,0.0319634703196347
Building -> Deli / Bodega -> Office -> Deli / Bodega -> Clothing Store,5,0.0319634703196347,28,0.0319634703196347
Coffee Shop -> Deli / Bodega -> Office -> Building -> Clothing Store,5,0.0319634703196347,28,0.0319634703196347
Coffee Shop -> Deli / Bodega -> Office -> Gym / Fitness Center -> Clothing Store,5,0.0319634703196347,28,0.0319634703196347
Coffee Shop -> Office -> Coffee Shop -> Park -> Clothing Store,5,0.0319634703196347,28,0.0319634703196347
Coffee Shop -> Subway -> Building -> Office -> Clothing Store,5,0.0319634703196347,28,0.0319634703196347
Coffee Shop -> Train Station -> Office -> Building -> Clothing Store,5,0.0319634703196347,28,0.0319634703196347
Deli / Bodega -> Office -> Hotel -> Office -> Clothing Store,5,0.0319634703196347,28,0.0319634703196347
Gym / Fitness Center -> Deli / Bodega -> Park -> Office -> Clothing Store,5,0.0319634703196347,28,0.0319634703196347
Office -> Clothing Store -> Office -> Gym / Fitness Center -> Clothing Store,5,0.0319634703196347,28,0.0319634703196347
Office -> Deli / Bodega -> Office -> Train Station -> Clothing Store,5,0.0319634703196347,28,0.0319634703196347
Office -> Gym / Fitness Center -> Office -> Food & Drink Shop -> Clothing Store,5,0.0319634703196347,28,0.0319634703196347
Office -> Park -> Office -> Park -> Clothing Store,5,0.0319634703196347,28,0.0319634703196347
Office -> Subway -> Office -> Deli / Bodega -> Clothing Store,5,0.0319634703196347,28,0.0319634703196347
Park -> Gym / Fitness Center -> Office -> Food & Drink Shop -> Clothing Store,5,0.0319634703196347,28,0.0319634703196347
Park -> Office -> Building -> Office -> Clothing Store,5,0.0319634703196347,28,0.0319634703196347
Subway -> Coffee Shop -> Office -> Building -> Clothing Store,5,0.0319634703196347,28,0.0319634703196347
Subway -> Office -> Gym / Fitness Center -> Coffee Shop -> Clothing Store,5,0.0319634703196347,28,0.0319634703196347
Clothing Store -> Coffee Shop -> Train Station,3,0.03195040534096328,67,0.03195040534096328
Building -> Gym / Fitness Center -> Coffee Shop -> Train Station,4,0.03195040534096328,67,0.03195040534096328
Office -> Drugstore / Pharmacy -> Office -> Train Station,4,0.03195040534096328,67,0.03195040534096328
Building -> Office -> Neighborhood -> Office -> Train Station,5,0.03195040534096328,67,0.03195040534096328
Coffee Shop -> Building -> Coffee Shop -> Office -> Train Station,5,0.03195040534096328,67,0.03195040534096328
Office -> Hotel -> Office -> Gym / Fitness Center -> Train Station,5,0.03195040534096328,67,0.03195040534096328
Coffee Shop -> American Restaurant -> Office,3,0.03194037796113921,120,0.03194037796113921
Gym / Fitness Center -> Bank -> Office,3,0.03194037796113921,120,0.03194037796113921
Coffee Shop -> American Restaurant -> Office -> Clothing Store,4,0.03194037796113921,33,0.03767123287671233
Coffee Shop -> American Restaurant -> Office -> Train Station,4,0.03194037796113921,71,0.03385789222699094
Coffee Shop -> Office -> American Restaurant -> Office,4,0.03194037796113921,120,0.03194037796113921
Coffee Shop -> Office -> Drugstore / Pharmacy -> Office,4,0.03194037796113921,120,0.03194037796113921
Coffee Shop -> Office -> American Restaurant -> Office -> Clothing Store,5,0.03194037796113921,36,0.0410958904109589
Coffee Shop -> Office -> American Restaurant -> Office -> Hotel,5,0.03194037796113921,27,0.03210463733650416
Coffee Shop -> Train Station -> Office -> Building -> Office,5,0.03194037796113921,120,0.03194037796113921
Office -> Gym / Fitness Center -> Neighborhood,3,0.03182827535159141,43,0.03182827535159141
Office -> Subway -> Neighborhood,3,0.03182827535159141,43,0.03182827535159141
Coffee Shop -> Office -> Coffee Shop -> Neighborhood,4,0.03182827535159141,43,0.03182827535159141
Coffee Shop -> Office -> Coffee Shop -> Neighborhood -> Office,5,0.03182827535159141,123,0.032738887410167686
Bar -> Coffee Shop -> Food & Drink Shop,3,0.03181386514719848,67,0.03181386514719848
Office -> Deli / Bodega -> Food & Drink Shop,3,0.03181386514719848,67,0.03181386514719848
Coffee Shop -> Food & Drink Shop -> Office -> Food & Drink Shop,4,0.03181386514719848,67,0.03181386514719848
Food & Drink Shop -> Office -> Park -> Food & Drink Shop,4,0.03181386514719848,67,0.03181386514719848
Coffee Shop -> Food & Drink Shop -> Office -> Food & Drink Shop -> Clothing Store,5,0.03181386514719848,31,0.03538812785388128
Park -> American Restaurant -> Park,3,0.03180914512922465,48,0.03180914512922465
Coffee Shop -> Food & Drink Shop -> Gym / Fitness Center -> Park,4,0.03180914512922465,48,0.03180914512922465
Hotel -> Office -> Gym / Fitness Center -> Park,4,0.03180914512922465,48,0.03180914512922465
Office -> Bank -> Office -> Park,4,0.03180914512922465,48,0.03180914512922465
Subway -> Office -> Deli / Bodega -> Park,4,0.03180914512922465,48,0.03180914512922465
Gym / Fitness Center -> Coffee Shop -> Office -> Gym / Fitness Center -> Park,5,0.03180914512922465,48,0.03180914512922465
Gym / Fitness Center -> Office -> Park -> Clothing Store -> Park,5,0.03180914512922465,48,0.03180914512922465
Office -> Deli / Bodega -> Office -> Gym / Fitness Center -> Park,5,0.03180914512922465,48,0.03180914512922465
Office -> Gym / Fitness Center -> Deli / Bodega -> Office -> Park,5,0.03180914512922465,48,0.03180914512922465
Park -> Gym / Fitness Center -> Office -> Food & Drink Shop -> Park,5,0.03180914512922465,48,0.03180914512922465
Coffee Shop -> Building -> Pizza Place,3,0.031791907514450865,22,0.031791907514450865
Deli / Bodega -> Coffee Shop -> Pizza Place,3,0.031791907514450865,22,0.031791907514450865
Pizza Place -> Bar -> Pizza Place,3,0.031791907514450865,22,0.031791907514450865
Building -> Coffee Shop -> Office -> Pizza Place,4,0.031791907514450865,22,0.031791907514450865
Coffee Shop -> Office -> Gym / Fitness Center -> Pizza Place,4,0.031791907514450865,22,0.031791907514450865
Office -> Clothing Store -> Bar -> Pizza Place,4,0.031791907514450865,22,0.031791907514450865
Deli / Bodega -> Office -> Subway -> Office -> Pizza Place,5,0.031791907514450865,22,0.031791907514450865
Office -> Building -> Coffee Shop -> Office -> Pizza Place,5,0.031791907514450865,22,0.031791907514450865
Office -> Coffee Shop -> Office -> Coffee Shop -> Pizza Place,5,0.031791907514450865,22,0.031791907514450865
Bar -> Coffee Shop -> Deli / Bodega,3,0.03178484107579462,39,0.03178484107579462
Bar -> Office -> Coffee Shop -> Deli / Bodega,4,0.03178484107579462,39,0.03178484107579462
Building -> Office -> Clothing Store -> Deli / Bodega,4,0.03178484107579462,39,0.03178484107579462
Deli / Bodega -> Office -> Subway -> Deli / Bodega,4,0.03178484107579462,39,0.03178484107579462
Drugstore / Pharmacy -> Office -> Coffee Shop -> Deli / Bodega,4,0.03178484107579462,39,0.03178484107579462
Hotel -> Office -> Building -> Deli / Bodega,4,0.03178484107579462,39,0.03178484107579462
Neighborhood -> Coffee Shop -> Office -> Deli / Bodega,4,0.03178484107579462,39,0.03178484107579462
Neighborhood -> Deli / Bodega -> Office -> Deli / Bodega,4,0.03178484107579462,39,0.03178484107579462
Office -> Coffee Shop -> Clothing Store -> Deli / Bodega,4,0.03178484107579462,39,0.03178484107579462
Office -> Food & Drink Shop -> Office -> Deli / Bodega,4,0.03178484107579462,39,0.03178484107579462
Park -> Building -> Office -> Deli / Bodega,4,0.03178484107579462,39,0.03178484107579462
Train Station -> Office -> Clothing Store -> Deli / Bodega,4,0.03178484107579462,39,0.03178484107579462
Building -> Office -> Deli / Bodega -> Coffee Shop -> Deli / Bodega,5,0.03178484107579462,39,0.03178484107579462
Coffee Shop -> Office -> Coffee Shop -> Building -> Deli / Bodega,5,0.03178484107579462,39,0.03178484107579462
Coffee Shop -> Office -> Hotel -> Office -> Deli / Bodega,5,0.03178484107579462,39,0.03178484107579462
Drugstore / Pharmacy -> Office -> Coffee Shop -> Office -> Deli / Bodega,5,0.03178484107579462,39,0.03178484107579462
Gym / Fitness Center -> Office -> Park -> Office -> Deli / Bodega,5,0.03178484107579462,39,0.03178484107579462
Office -> Coffee Shop -> Building -> Coffee Shop -> Deli / Bodega,5,0.03178484107579462,39,0.03178484107579462
Park -> Deli / Bodega -> Office -> Coffee Shop -> Deli / Bodega,5,0.03178484107579462,39,0.03178484107579462
Subway -> Office -> Deli / Bodega -> Coffee Shop -> Deli / Bodega,5,0.03178484107579462,39,0.03178484107579462
Building -> Bank -> Office,3,0.03167420814479638,119,0.03167420814479638
Building -> Bank -> Office -> Clothing Store,4,0.03167420814479638,31,0.03538812785388128
Deli / Bodega -> Coffee Shop -> Deli / Bodega -> Office,4,0.03167420814479638,119,0.03167420814479638
Office -> Hotel -> Building -> Office,4,0.03167420814479638,119,0.03167420814479638
Office -> Subway -> Neighborhood -> Office,4,0.03167420814479638,119,0.03167420814479638
Train Station -> Office -> Clothing Store -> Office,4,0.03167420814479638,119,0.03167420814479638
Deli / Bodega -> Coffee Shop -> Deli / Bodega -> Office -> Deli / Bodega,5,0.03167420814479638,42,0.034229828850855744
Office -> Coffee Shop -> Train Station -> Coffee Shop -> Office,5,0.03167420814479638,119,0.03167420814479638
Office -> Hotel -> Building -> Office -> Clothing Store,5,0.03167420814479638,31,0.03538812785388128
Office -> Hotel -> Building -> Office -> Hotel,5,0.03167420814479638,27,0.03210463733650416
Train Station -> Office -> Clothing Store -> Office -> Clothing Store,5,0.03167420814479638,37,0.04223744292237443
Train Station -> Office -> Clothing Store -> Office -> Hotel,5,0.03167420814479638,27,0.03210463733650416
Bar -> Coffee Shop -> Office -> Coffee Shop,4,0.03160270880361174,70,0.03160270880361174
Gym / Fitness Center -> Office -> Subway -> Coffee Shop,4,0.03160270880361174,70,0.03160270880361174
Coffee Shop -> Office -> Hotel -> Office -> Coffee Shop,5,0.03160270880361174,70,0.03160270880361174
Deli / Bodega -> Office -> Train Station -> Office -> Coffee Shop,5,0.03160270880361174,70,0.03160270880361174
Gym / Fitness Center -> Office -> Subway -> Coffee Shop -> Clothing Store,5,0.03160270880361174,29,0.033105022831050226
Office -> Building -> Office -> Gym / Fitness Center -> Coffee Shop,5,0.03160270880361174,70,0.03160270880361174
Deli / Bodega -> Bar -> American Restaurant,3,0.031578947368421054,33,0.031578947368421054
Drugstore / Pharmacy -> Bar -> American Restaurant,3,0.031578947368421054,33,0.031578947368421054
Gym / Fitness Center -> Building -> American Restaurant,3,0.031578947368421054,33,0.031578947368421054
Gym / Fitness Center -> Hotel -> American Restaurant,3,0.031578947368421054,33,0.031578947368421054
Park -> Food & Drink Shop -> American Restaurant,3,0.031578947368421054,33,0.031578947368421054
Food & Drink Shop -> Office -> Park -> American Restaurant,4,0.031578947368421054,33,0.031578947368421054
Gym / Fitness Center -> Office -> Food & Drink Shop -> American Restaurant,4,0.031578947368421054,33,0.031578947368421054
Office -> Food & Drink Shop -> Office -> American Restaurant,4,0.031578947368421054,33,0.031578947368421054
Office -> Train Station -> Office -> American Restaurant,4,0.031578947368421054,33,0.031578947368421054
Park -> Coffee Shop -> Office -> American Restaurant,4,0.031578947368421054,33,0.031578947368421054
Coffee Shop -> Office -> Building -> Office -> American Restaurant,5,0.031578947368421054,33,0.031578947368421054
Gym / Fitness Center -> Office -> Gym / Fitness Center -> Office -> American Restaurant,5,0.031578947368421054,33,0.031578947368421054
Deli / Bodega -> Coffee Shop -> Office -> College Academic Building,4,0.03154805575935436,43,0.03154805575935436
Office -> Coffee Shop -> Deli / Bodega -> College Academic Building,4,0.03154805575935436,43,0.03154805575935436
Deli / Bodega -> Office -> Building -> Office -> College Academic Building,5,0.03154805575935436,43,0.03154805575935436
Hotel -> Office -> Bar,3,0.031530494821634066,137,0.031530494821634066
Hotel -> Office -> Bar -> Clothing Store,4,0.031530494821634066,29,0.033105022831050226
Hotel -> Office -> Bar -> Hotel,4,0.031530494821634066,55,0.06539833531510107
Office -> Bar -> Office -> Bar,4,0.031530494821634066,137,0.031530494821634066
Office -> Bar -> Office -> Bar -> Hotel,5,0.031530494821634066,29,0.034482758620689655
Other Great Outdoors -> Home (private),2,0.03150878610381741,156,0.03150878610381741
Bus Station -> Train Station,2,0.031473533619456366,66,0.031473533619456366
Coffee Shop -> Building -> Train Station,3,0.031473533619456366,66,0.031473533619456366
Coffee Shop -> Gym / Fitness Center -> Coffee Shop -> Train Station,4,0.031473533619456366,66,0.031473533619456366
Office -> Bar -> Gym / Fitness Center -> Train Station,4,0.031473533619456366,66,0.031473533619456366
Bar -> Office -> Coffee Shop -> Office -> Train Station,5,0.031473533619456366,66,0.031473533619456366
Building -> Coffee Shop -> Office -> Gym / Fitness Center -> Train Station,5,0.031473533619456366,66,0.031473533619456366
Coffee Shop -> Office -> Train Station -> Hotel -> Train Station,5,0.031473533619456366,66,0.031473533619456366
Hotel -> Office -> Coffee Shop -> Gym / Fitness Center -> Train Station,5,0.031473533619456366,66,0.031473533619456366
Train Station -> Office -> Clothing Store -> Office -> Train Station,5,0.031473533619456366,66,0.031473533619456366
Bar -> Road,2,0.031453362255965296,29,0.031453362255965296
Medical Center -> Drugstore / Pharmacy,2,0.03143893591293833,26,0.03143893591293833
Food & Drink Shop -> Bar -> Drugstore / Pharmacy,3,0.03143893591293833,26,0.03143893591293833
Food & Drink Shop -> Gym / Fitness Center -> Drugstore / Pharmacy,3,0.03143893591293833,26,0.03143893591293833
Coffee Shop -> Subway -> Office -> Drugstore / Pharmacy,4,0.03143893591293833,26,0.03143893591293833
Park -> Gym / Fitness Center -> Office -> Drugstore / Pharmacy,4,0.03143893591293833,26,0.03143893591293833
Bar -> Deli / Bodega -> Office,3,0.031408038328453555,118,0.031408038328453555
Subway -> Hotel -> Office,3,0.031408038328453555,118,0.031408038328453555
Bar -> Deli / Bodega -> Office -> Deli / Bodega,4,0.031408038328453555,42,0.034229828850855744
Office -> Gym / Fitness Center -> Park -> Office,4,0.031408038328453555,118,0.031408038328453555
Subway -> Hotel -> Office -> Clothing Store,4,0.031408038328453555,42,0.04794520547945205
Subway -> Hotel -> Office -> Hotel,4,0.031408038328453555,28,0.03329369797859691
Coffee Shop -> Building -> Office -> Gym / Fitness Center -> Office,5,0.031408038328453555,118,0.031408038328453555
Coffee Shop -> Office -> Building -> Deli / Bodega -> Office,5,0.031408038328453555,118,0.031408038328453555
Coffee Shop -> Subway -> Office -> Deli / Bodega -> Office,5,0.031408038328453555,118,0.031408038328453555
Office -> Gym / Fitness Center -> Park -> Office -> Clothing Store,5,0.031408038328453555,28,0.0319634703196347
Office -> Bank -> Building,3,0.03136531365313653,34,0.03136531365313653
Office -> College Academic Building -> Building,3,0.03136531365313653,34,0.03136531365313653
Coffee Shop -> Bank -> Office -> Building,4,0.03136531365313653,34,0.03136531365313653
Deli / Bodega -> Office -> Subway -> Building,4,0.03136531365313653,34,0.03136531365313653
Hotel -> Building -> Office -> Building,4,0.03136531365313653,34,0.03136531365313653
Office -> Coffee Shop -> Clothing Store -> Building,4,0.03136531365313653,34,0.03136531365313653
Office -> Gym / Fitness Center -> Coffee Shop -> Building,4,0.03136531365313653,34,0.03136531365313653
Bank -> Office -> Coffee Shop -> Office -> Building,5,0.03136531365313653,34,0.03136531365313653
Gym / Fitness Center -> Office -> Clothing Store -> Office -> Building,5,0.03136531365313653,34,0.03136531365313653
Hotel -> Office -> Deli / Bodega -> Office -> Building,5,0.03136531365313653,34,0.03136531365313653
Deli / Bodega -> Office -> Coffee Shop -> Food & Drink Shop,4,0.03133903133903134,66,0.03133903133903134
Subway -> Office -> Coffee Shop -> Food & Drink Shop,4,0.03133903133903134,66,0.03133903133903134
Building -> Office -> Coffee Shop -> Office -> Food & Drink Shop,5,0.03133903133903134,66,0.03133903133903134
Coffee Shop -> Office -> Neighborhood -> Office -> Food & Drink Shop,5,0.03133903133903134,66,0.03133903133903134
Food & Drink Shop -> Office -> Subway,3,0.0313124583610926,94,0.0313124583610926
Food & Drink Shop -> Office -> Subway -> Clothing Store,4,0.0313124583610926,28,0.0319634703196347
Office -> Subway -> Office -> Subway,4,0.0313124583610926,94,0.0313124583610926
Office -> Subway -> Office -> Subway -> Office,5,0.0313124583610926,156,0.04152249134948097
Coffee Shop -> Office -> Gym / Fitness Center -> Bar,4,0.031300345224395856,136,0.031300345224395856
Coffee Shop -> Office -> Gym / Fitness Center -> Bar -> Clothing Store,5,0.031300345224395856,28,0.0319634703196347
Coffee Shop -> Office -> Gym / Fitness Center -> Bar -> Hotel,5,0.031300345224395856,27,0.03210463733650416
Gym / Fitness Center -> Other Great Outdoors,2,0.03123048094940662,50,0.03123048094940662
Deli / Bodega -> Subway -> Office -> Gym / Fitness Center,4,0.031185884283955682,76,0.031185884283955682
Office -> Bar -> Office -> Gym / Fitness Center,4,0.031185884283955682,76,0.031185884283955682
Office -> Bar -> Office -> Gym / Fitness Center -> Clothing Store,5,0.031185884283955682,29,0.033105022831050226
Office -> Gym / Fitness Center -> Office -> Coffee Shop -> Gym / Fitness Center,5,0.031185884283955682,76,0.031185884283955682
American Restaurant -> Bar -> Bus Station,3,0.03116531165311653,46,0.03116531165311653
Office -> Bar -> Bus Station,3,0.03116531165311653,46,0.03116531165311653
Subway -> Office -> Bus Station,3,0.03116531165311653,46,0.03116531165311653
Bar -> Hotel -> Bar -> Bus Station,4,0.03116531165311653,46,0.03116531165311653
Office -> Deli / Bodega -> Office -> Bus Station,4,0.03116531165311653,46,0.03116531165311653
Park -> Deli / Bodega -> Coffee Shop,3,0.031151241534988713,69,0.031151241534988713
Deli / Bodega -> Subway -> Office -> Coffee Shop,4,0.031151241534988713,69,0.031151241534988713
Gym / Fitness Center -> Hotel -> Office -> Coffee Shop,4,0.031151241534988713,69,0.031151241534988713
Hotel -> Office -> Building -> Coffee Shop,4,0.031151241534988713,69,0.031151241534988713
Park -> Deli / Bodega -> Coffee Shop -> Office,4,0.031151241534988713,144,0.038328453553367045
Train Station -> Coffee Shop -> Train Station -> Coffee Shop,4,0.031151241534988713,69,0.031151241534988713
Office -> Building -> Deli / Bodega -> Office -> Coffee Shop,5,0.031151241534988713,69,0.031151241534988713
Office -> Building -> Office -> Building -> Coffee Shop,5,0.031151241534988713,69,0.031151241534988713
Office -> Coffee Shop -> Subway -> Office -> Coffee Shop,5,0.031151241534988713,69,0.031151241534988713
Train Station -> Coffee Shop -> Train Station -> Coffee Shop -> Train Station,5,0.031151241534988713,75,0.0357653791130186
Bar -> Clothing Store -> Park,3,0.031146454605699137,47,0.031146454605699137
Park -> Building -> Park,3,0.031146454605699137,47,0.031146454605699137
Building -> Deli / Bodega -> Office -> Park,4,0.031146454605699137,47,0.031146454605699137
Coffee Shop -> Park -> Food & Drink Shop -> Park,4,0.031146454605699137,47,0.031146454605699137
Food & Drink Shop -> Subway -> Office -> Park,4,0.031146454605699137,47,0.031146454605699137
Subway -> Office -> Subway -> Park,4,0.031146454605699137,47,0.031146454605699137
Coffee Shop -> Deli / Bodega -> Coffee Shop -> Office -> Park,5,0.031146454605699137,47,0.031146454605699137
Coffee Shop -> Office -> Park -> Food & Drink Shop -> Park,5,0.031146454605699137,47,0.031146454605699137
Gym / Fitness Center -> Office -> Coffee Shop -> Gym / Fitness Center -> Park,5,0.031146454605699137,47,0.031146454605699137
Office -> Deli / Bodega -> Park -> Office -> Park,5,0.031146454605699137,47,0.031146454605699137
Office -> Gym / Fitness Center -> Office -> Deli / Bodega -> Park,5,0.031146454605699137,47,0.031146454605699137
Subway -> Office -> Park -> Food & Drink Shop -> Park,5,0.031146454605699137,47,0.031146454605699137
Train Station -> Bar -> Office,3,0.031141868512110725,117,0.031141868512110725
Deli / Bodega -> Office -> Clothing Store -> Office,4,0.031141868512110725,117,0.031141868512110725
Food & Drink Shop -> Office -> Gym / Fitness Center -> Office,4,0.031141868512110725,117,0.031141868512110725
Park -> Coffee Shop -> Gym / Fitness Center -> Office,4,0.031141868512110725,117,0.031141868512110725
Train Station -> Bar -> Office -> Clothing Store,4,0.031141868512110725,29,0.033105022831050226
Train Station -> Bar -> Office -> Train Station,4,0.031141868512110725,84,0.04005722460658083
Building -> Coffee Shop -> Office -> Gym / Fitness Center -> Office,5,0.031141868512110725,117,0.031141868512110725
Deli / Bodega -> Office -> Clothing Store -> Office -> Clothing Store,5,0.031141868512110725,38,0.04337899543378995
Deli / Bodega -> Office -> Clothing Store -> Office -> Hotel,5,0.031141868512110725,27,0.03210463733650416
Food & Drink Shop -> Office -> Gym / Fitness Center -> Office -> Clothing Store,5,0.031141868512110725,30,0.03424657534246575
Park -> Coffee Shop -> Gym / Fitness Center -> Office -> Park,5,0.031141868512110725,49,0.032471835652750164
Park -> Office -> Neighborhood,3,0.031088082901554404,42,0.031088082901554404
Coffee Shop -> Deli / Bodega -> Office -> Neighborhood,4,0.031088082901554404,42,0.031088082901554404
Park -> Office -> Neighborhood -> Office,4,0.031088082901554404,158,0.04205483098216662
Coffee Shop -> Deli / Bodega -> Office -> Neighborhood -> Office,5,0.031088082901554404,126,0.03353739685919617
Food & Drink Shop -> Coffee Shop -> Bar,3,0.031070195627157654,135,0.031070195627157654
Building -> Gym / Fitness Center -> Office -> Train Station,4,0.030996661897949453,65,0.030996661897949453
Office -> Clothing Store -> Gym / Fitness Center -> Train Station,4,0.030996661897949453,65,0.030996661897949453
Office -> Hotel -> Coffee Shop -> Train Station,4,0.030996661897949453,65,0.030996661897949453
Building -> Office -> Coffee Shop -> Gym / Fitness Center -> Train Station,5,0.030996661897949453,65,0.030996661897949453
Coffee Shop -> Train Station -> Office -> Building -> Train Station,5,0.030996661897949453,65,0.030996661897949453
Deli / Bodega -> Coffee Shop -> Office -> Gym / Fitness Center -> Train Station,5,0.030996661897949453,65,0.030996661897949453
Drugstore / Pharmacy -> Office -> Coffee Shop -> Office -> Train Station,5,0.030996661897949453,65,0.030996661897949453
Gym / Fitness Center -> Office -> Subway -> Office -> Train Station,5,0.030996661897949453,65,0.030996661897949453
Subway -> Coffee Shop -> Office -> Gym / Fitness Center -> Train Station,5,0.030996661897949453,65,0.030996661897949453
Train Station -> Gym / Fitness Center -> Train Station -> Hotel -> Train Station,5,0.030996661897949453,65,0.030996661897949453
Coffee Shop -> College Academic Building -> Deli / Bodega,3,0.030969845150774247,38,0.030969845150774247
Coffee Shop -> Deli / Bodega -> Building -> Deli / Bodega,4,0.030969845150774247,38,0.030969845150774247
Coffee Shop -> Gym / Fitness Center -> Coffee Shop -> Deli / Bodega,4,0.030969845150774247,38,0.030969845150774247
Coffee Shop -> Office -> College Academic Building -> Deli / Bodega,4,0.030969845150774247,38,0.030969845150774247
Deli / Bodega -> Building -> Coffee Shop -> Deli / Bodega,4,0.030969845150774247,38,0.030969845150774247
Gym / Fitness Center -> Deli / Bodega -> Building -> Deli / Bodega,4,0.030969845150774247,38,0.030969845150774247
Office -> Subway -> Coffee Shop -> Deli / Bodega,4,0.030969845150774247,38,0.030969845150774247
Subway -> Building -> Office -> Deli / Bodega,4,0.030969845150774247,38,0.030969845150774247
Coffee Shop -> Deli / Bodega -> Office -> Building -> Deli / Bodega,5,0.030969845150774247,38,0.030969845150774247
Coffee Shop -> Office -> Gym / Fitness Center -> Coffee Shop -> Deli / Bodega,5,0.030969845150774247,38,0.030969845150774247
Deli / Bodega -> Building -> Deli / Bodega -> Office -> Deli / Bodega,5,0.030969845150774247,38,0.030969845150774247
Deli / Bodega -> Gym / Fitness Center -> Office -> Coffee Shop -> Deli / Bodega,5,0.030969845150774247,38,0.030969845150774247
Deli / Bodega -> Office -> Park -> Office -> Deli / Bodega,5,0.030969845150774247,38,0.030969845150774247
Gym / Fitness Center -> Office -> Deli / Bodega -> Building -> Deli / Bodega,5,0.030969845150774247,38,0.030969845150774247
Gym / Fitness Center -> Office -> Train Station -> Office -> Deli / Bodega,5,0.030969845150774247,38,0.030969845150774247
Office -> Drugstore / Pharmacy -> Office -> Coffee Shop -> Deli / Bodega,5,0.030969845150774247,38,0.030969845150774247
Bar -> Deli / Bodega -> Hotel,3,0.030915576694411414,26,0.030915576694411414
Bus Station -> Subway -> Hotel,3,0.030915576694411414,26,0.030915576694411414
Coffee Shop -> Food & Drink Shop -> Hotel,3,0.030915576694411414,26,0.030915576694411414
Deli / Bodega -> Gym / Fitness Center -> Hotel,3,0.030915576694411414,26,0.030915576694411414
Food & Drink Shop -> Gym / Fitness Center -> Hotel,3,0.030915576694411414,26,0.030915576694411414
Gym / Fitness Center -> Subway -> Hotel,3,0.030915576694411414,26,0.030915576694411414
Park -> Gym / Fitness Center -> Hotel,3,0.030915576694411414,26,0.030915576694411414
Subway -> Bus Station -> Hotel,3,0.030915576694411414,26,0.030915576694411414
Bar -> Office -> Train Station -> Hotel,4,0.030915576694411414,26,0.030915576694411414
Building -> Gym / Fitness Center -> Train Station -> Hotel,4,0.030915576694411414,26,0.030915576694411414
Bus Station -> Bar -> Bus Station -> Hotel,4,0.030915576694411414,26,0.030915576694411414
Bus Station -> Coffee Shop -> Office -> Hotel,4,0.030915576694411414,26,0.030915576694411414
Coffee Shop -> Deli / Bodega -> Coffee Shop -> Hotel,4,0.030915576694411414,26,0.030915576694411414
Coffee Shop -> Food & Drink Shop -> Office -> Hotel,4,0.030915576694411414,26,0.030915576694411414
Coffee Shop -> Gym / Fitness Center -> Train Station -> Hotel,4,0.030915576694411414,26,0.030915576694411414
Drugstore / Pharmacy -> Coffee Shop -> Office -> Hotel,4,0.030915576694411414,26,0.030915576694411414
Hotel -> Bar -> Bus Station -> Hotel,4,0.030915576694411414,26,0.030915576694411414
Office -> Bank -> Office -> Hotel,4,0.030915576694411414,26,0.030915576694411414
Office -> Hotel -> Gym / Fitness Center -> Hotel,4,0.030915576694411414,26,0.030915576694411414
Office -> Subway -> Coffee Shop -> Hotel,4,0.030915576694411414,26,0.030915576694411414
Bar -> Office -> Deli / Bodega -> Office -> Hotel,5,0.030915576694411414,26,0.030915576694411414
Coffee Shop -> Office -> Deli / Bodega -> Coffee Shop -> Hotel,5,0.030915576694411414,26,0.030915576694411414
Coffee Shop -> Train Station -> Office -> Train Station -> Hotel,5,0.030915576694411414,26,0.030915576694411414
Gym / Fitness Center -> Coffee Shop -> Deli / Bodega -> Office -> Hotel,5,0.030915576694411414,26,0.030915576694411414
Gym / Fitness Center -> Office -> Building -> Coffee Shop -> Hotel,5,0.030915576694411414,26,0.030915576694411414
Hotel -> Office -> Neighborhood -> Office -> Hotel,5,0.030915576694411414,26,0.030915576694411414
Office -> Building -> Deli / Bodega -> Office -> Hotel,5,0.030915576694411414,26,0.030915576694411414
Office -> Coffee Shop -> Office -> American Restaurant -> Hotel,5,0.030915576694411414,26,0.030915576694411414
Office -> Deli / Bodega -> Gym / Fitness Center -> Office -> Hotel,5,0.030915576694411414,26,0.030915576694411414
Office -> Gym / Fitness Center -> Subway -> Office -> Hotel,5,0.030915576694411414,26,0.030915576694411414
Subway -> Office -> Hotel -> Office -> Hotel,5,0.030915576694411414,26,0.030915576694411414
Bar -> Subway -> Office,3,0.030875698695767898,116,0.030875698695767898
Building -> Clothing Store -> Office,3,0.030875698695767898,116,0.030875698695767898
Drugstore / Pharmacy -> Deli / Bodega -> Office,3,0.030875698695767898,116,0.030875698695767898
Train Station -> Gym / Fitness Center -> Office,3,0.030875698695767898,116,0.030875698695767898
Bar -> Subway -> Office -> Hotel,4,0.030875698695767898,32,0.03804994054696789
Building -> Clothing Store -> Office -> Clothing Store,4,0.030875698695767898,40,0.045662100456621
Building -> Clothing Store -> Office -> Hotel,4,0.030875698695767898,29,0.034482758620689655
Train Station -> Gym / Fitness Center -> Office -> Clothing Store,4,0.030875698695767898,49,0.05593607305936073
Train Station -> Gym / Fitness Center -> Office -> Hotel,4,0.030875698695767898,41,0.04875148632580262
Train Station -> Gym / Fitness Center -> Office -> Train Station,4,0.030875698695767898,92,0.043872198378636144
Train Station -> Office -> Gym / Fitness Center -> Office,4,0.030875698695767898,116,0.030875698695767898
Deli / Bodega -> Office -> Coffee Shop -> Building -> Office,5,0.030875698695767898,116,0.030875698695767898
Gym / Fitness Center -> Office -> Deli / Bodega -> Building -> Office,5,0.030875698695767898,116,0.030875698695767898
Gym / Fitness Center -> Office -> Park -> Coffee Shop -> Office,5,0.030875698695767898,116,0.030875698695767898
Office -> Coffee Shop -> Office -> Food & Drink Shop -> Office,5,0.030875698695767898,116,0.030875698695767898
Office -> Gym / Fitness Center -> Office -> Clothing Store -> Office,5,0.030875698695767898,116,0.030875698695767898
Office -> Gym / Fitness Center -> Office -> Park -> Office,5,0.030875698695767898,116,0.030875698695767898
Train Station -> Office -> Gym / Fitness Center -> Office -> Clothing Store,5,0.030875698695767898,41,0.04680365296803653
Train Station -> Office -> Gym / Fitness Center -> Office -> Hotel,5,0.030875698695767898,34,0.04042806183115339
Train Station -> Office -> Gym / Fitness Center -> Office -> Train Station,5,0.030875698695767898,83,0.039580352885073916
Subway -> Gym / Fitness Center -> Food & Drink Shop,3,0.030864197530864196,65,0.030864197530864196
Office -> Food & Drink Shop -> Park -> Food & Drink Shop,4,0.030864197530864196,65,0.030864197530864196
American Restaurant -> Building -> Clothing Store,3,0.030821917808219176,27,0.030821917808219176
College Academic Building -> Bar -> Clothing Store,3,0.030821917808219176,27,0.030821917808219176
Gym / Fitness Center -> College Academic Building -> Clothing Store,3,0.030821917808219176,27,0.030821917808219176
American Restaurant -> Office -> Building -> Clothing Store,4,0.030821917808219176,27,0.030821917808219176
Bank -> Office -> Park -> Clothing Store,4,0.030821917808219176,27,0.030821917808219176
Bar -> Deli / Bodega -> Office -> Clothing Store,4,0.030821917808219176,27,0.030821917808219176
Bus Station -> Coffee Shop -> Office -> Clothing Store,4,0.030821917808219176,27,0.030821917808219176
Clothing Store -> Office -> Deli / Bodega -> Clothing Store,4,0.030821917808219176,27,0.030821917808219176
Coffee Shop -> Bank -> Office -> Clothing Store,4,0.030821917808219176,27,0.030821917808219176
Coffee Shop -> Food & Drink Shop -> American Restaurant -> Clothing Store,4,0.030821917808219176,27,0.030821917808219176
Coffee Shop -> Office -> College Academic Building -> Clothing Store,4,0.030821917808219176,27,0.030821917808219176
Drugstore / Pharmacy -> Deli / Bodega -> Office -> Clothing Store,4,0.030821917808219176,27,0.030821917808219176
Gym / Fitness Center -> Park -> Gym / Fitness Center -> Clothing Store,4,0.030821917808219176,27,0.030821917808219176
Office -> Building -> Deli / Bodega -> Clothing Store,4,0.030821917808219176,27,0.030821917808219176
Office -> Food & Drink Shop -> American Restaurant -> Clothing Store,4,0.030821917808219176,27,0.030821917808219176
Office -> Hotel -> Gym / Fitness Center -> Clothing Store,4,0.030821917808219176,27,0.030821917808219176
Office -> Subway -> Building -> Clothing Store,4,0.030821917808219176,27,0.030821917808219176
Subway -> Office -> Train Station -> Clothing Store,4,0.030821917808219176,27,0.030821917808219176
Building -> Coffee Shop -> Office -> Gym / Fitness Center -> Clothing Store,5,0.030821917808219176,27,0.030821917808219176
Building -> Deli / Bodega -> Coffee Shop -> Office -> Clothing Store,5,0.030821917808219176,27,0.030821917808219176
Coffee Shop -> Deli / Bodega -> Office -> Deli / Bodega -> Clothing Store,5,0.030821917808219176,27,0.030821917808219176
Coffee Shop -> Office -> Bar -> Office -> Clothing Store,5,0.030821917808219176,27,0.030821917808219176
Coffee Shop -> Office -> Train Station -> Coffee Shop -> Clothing Store,5,0.030821917808219176,27,0.030821917808219176
Coffee Shop -> Subway -> Office -> Park -> Clothing Store,5,0.030821917808219176,27,0.030821917808219176
Deli / Bodega -> Subway -> Office -> Park -> Clothing Store,5,0.030821917808219176,27,0.030821917808219176
Gym / Fitness Center -> Food & Drink Shop -> Office -> Food & Drink Shop -> Clothing Store,5,0.030821917808219176,27,0.030821917808219176
Gym / Fitness Center -> Food & Drink Shop -> Office -> Park -> Clothing Store,5,0.030821917808219176,27,0.030821917808219176
Gym / Fitness Center -> Office -> Food & Drink Shop -> Coffee Shop -> Clothing Store,5,0.030821917808219176,27,0.030821917808219176
Gym / Fitness Center -> Subway -> Coffee Shop -> Office -> Clothing Store,5,0.030821917808219176,27,0.030821917808219176
Gym / Fitness Center -> Subway -> Office -> Gym / Fitness Center -> Clothing Store,5,0.030821917808219176,27,0.030821917808219176
Gym / Fitness Center -> Train Station -> Office -> Deli / Bodega -> Clothing Store,5,0.030821917808219176,27,0.030821917808219176
Office -> Building -> Office -> Deli / Bodega -> Clothing Store,5,0.030821917808219176,27,0.030821917808219176
Office -> Clothing Store -> Office -> Building -> Clothing Store,5,0.030821917808219176,27,0.030821917808219176
Office -> Clothing Store -> Office -> Deli / Bodega -> Clothing Store,5,0.030821917808219176,27,0.030821917808219176
Park -> Coffee Shop -> Gym / Fitness Center -> Office -> Clothing Store,5,0.030821917808219176,27,0.030821917808219176
College Academic Building -> Deli / Bodega -> College Academic Building,3,0.030814380044020543,42,0.030814380044020543
Building -> Office -> Coffee Shop -> College Academic Building,4,0.030814380044020543,42,0.030814380044020543
Gym / Fitness Center -> Coffee Shop -> Gym / Fitness Center -> College Academic Building,4,0.030814380044020543,42,0.030814380044020543
Bank -> Gym / Fitness Center,2,0.030775543701272057,75,0.030775543701272057
Food & Drink Shop -> Park -> Gym / Fitness Center,3,0.030775543701272057,75,0.030775543701272057
Coffee Shop -> Office -> Park -> Gym / Fitness Center,4,0.030775543701272057,75,0.030775543701272057
Food & Drink Shop -> Park -> Gym / Fitness Center -> Park,4,0.030775543701272057,49,0.032471835652750164
Park -> Gym / Fitness Center -> Office -> Gym / Fitness Center,4,0.030775543701272057,75,0.030775543701272057
Coffee Shop -> Deli / Bodega -> Coffee Shop -> Office -> Gym / Fitness Center,5,0.030775543701272057,75,0.030775543701272057
Deli / Bodega -> Office -> Park -> Office -> Gym / Fitness Center,5,0.030775543701272057,75,0.030775543701272057
Park -> Gym / Fitness Center -> Office -> Gym / Fitness Center -> Park,5,0.030775543701272057,52,0.03445990722332671
Park -> Office -> Gym / Fitness Center -> Office -> Gym / Fitness Center,5,0.030775543701272057,75,0.030775543701272057
Coffee Shop -> Bar -> Bank,3,0.030744336569579287,19,0.030744336569579287
Coffee Shop -> Building -> Deli / Bodega -> Bank,4,0.030744336569579287,19,0.030744336569579287
Deli / Bodega -> Coffee Shop -> Deli / Bodega -> Bank,4,0.030744336569579287,19,0.030744336569579287
Deli / Bodega -> Subway -> Office -> Bank,4,0.030744336569579287,19,0.030744336569579287
Park -> Subway -> Office -> Bank,4,0.030744336569579287,19,0.030744336569579287
Subway -> Coffee Shop -> Gym / Fitness Center -> Bank,4,0.030744336569579287,19,0.030744336569579287
Subway -> Deli / Bodega -> Office -> Bank,4,0.030744336569579287,19,0.030744336569579287
Subway -> Office -> Building -> Bank,4,0.030744336569579287,19,0.030744336569579287
Train Station -> Office -> Deli / Bodega -> Bank,4,0.030744336569579287,19,0.030744336569579287
Building -> Office -> Coffee Shop -> Deli / Bodega -> Bank,5,0.030744336569579287,19,0.030744336569579287
Coffee Shop -> Building -> Office -> Coffee Shop -> Bank,5,0.030744336569579287,19,0.030744336569579287
Coffee Shop -> Deli / Bodega -> Coffee Shop -> Office -> Bank,5,0.030744336569579287,19,0.030744336569579287
Coffee Shop -> Gym / Fitness Center -> Coffee Shop -> Office -> Bank,5,0.030744336569579287,19,0.030744336569579287
Coffee Shop -> Hotel -> Office -> Gym / Fitness Center -> Bank,5,0.030744336569579287,19,0.030744336569579287
Deli / Bodega -> Park -> Office -> Deli / Bodega -> Bank,5,0.030744336569579287,19,0.030744336569579287
Gym / Fitness Center -> Office -> Coffee Shop -> Deli / Bodega -> Bank,5,0.030744336569579287,19,0.030744336569579287
Gym / Fitness Center -> Subway -> Office -> Gym / Fitness Center -> Bank,5,0.030744336569579287,19,0.030744336569579287
Hotel -> Office -> Coffee Shop -> Office -> Bank,5,0.030744336569579287,19,0.030744336569579287
Hotel -> Office -> Deli / Bodega -> Office -> Bank,5,0.030744336569579287,19,0.030744336569579287
Office -> Building -> Office -> Gym / Fitness Center -> Bank,5,0.030744336569579287,19,0.030744336569579287
Office -> Deli / Bodega -> Office -> Building -> Bank,5,0.030744336569579287,19,0.030744336569579287
Subway -> Coffee Shop -> Office -> Deli / Bodega -> Bank,5,0.030744336569579287,19,0.030744336569579287
Coffee Shop -> Office -> Hotel -> Coffee Shop,4,0.03069977426636569,68,0.03069977426636569
Gym / Fitness Center -> Coffee Shop -> Gym / Fitness Center -> Coffee Shop,4,0.03069977426636569,68,0.03069977426636569
Hotel -> Building -> Office -> Coffee Shop,4,0.03069977426636569,68,0.03069977426636569
Hotel -> Building -> Office -> Coffee Shop -> Office,5,0.03069977426636569,118,0.031408038328453555
Office -> Coffee Shop -> Clothing Store -> Office -> Coffee Shop,5,0.03069977426636569,68,0.03069977426636569
Office -> Coffee Shop -> Office -> Clothing Store -> Coffee Shop,5,0.03069977426636569,68,0.03069977426636569
Office -> Hotel -> Coffee Shop -> Office -> Coffee Shop,5,0.03069977426636569,68,0.03069977426636569
Park -> Office -> Building -> Office -> Coffee Shop,5,0.03069977426636569,68,0.03069977426636569
Building -> Coffee Shop -> American Restaurant,3,0.03062200956937799,32,0.03062200956937799
Bus Station -> Bar -> American Restaurant,3,0.03062200956937799,32,0.03062200956937799
Deli / Bodega -> Coffee Shop -> American Restaurant,3,0.03062200956937799,32,0.03062200956937799
Bar -> Clothing Store -> Bar -> American Restaurant,4,0.03062200956937799,32,0.03062200956937799
Bar -> Park -> Bar -> American Restaurant,4,0.03062200956937799,32,0.03062200956937799
Building -> Office -> Coffee Shop -> American Restaurant,4,0.03062200956937799,32,0.03062200956937799
Coffee Shop -> American Restaurant -> Bar -> American Restaurant,4,0.03062200956937799,32,0.03062200956937799
Deli / Bodega -> Office -> Gym / Fitness Center -> American Restaurant,4,0.03062200956937799,32,0.03062200956937799
Gym / Fitness Center -> Deli / Bodega -> Office -> American Restaurant,4,0.03062200956937799,32,0.03062200956937799
Office -> Gym / Fitness Center -> Bar -> American Restaurant,4,0.03062200956937799,32,0.03062200956937799
Office -> Coffee Shop -> Office -> Bar -> American Restaurant,5,0.03062200956937799,32,0.03062200956937799
Park -> Office -> Bar,3,0.030609896432681243,133,0.030609896432681243
Hotel -> Bar -> Hotel -> Bar,4,0.030609896432681243,133,0.030609896432681243
Park -> Office -> Bar -> Clothing Store,4,0.030609896432681243,30,0.03424657534246575
Park -> Office -> Bar -> Hotel,4,0.030609896432681243,30,0.0356718192627824
Hotel -> Bar -> Hotel -> Bar -> Hotel,5,0.030609896432681243,29,0.034482758620689655
Neighborhood -> Building -> Office,3,0.030609528879425075,115,0.030609528879425075
Building -> Office -> Food & Drink Shop -> Office,4,0.030609528879425075,115,0.030609528879425075
Food & Drink Shop -> Office -> Subway -> Office,4,0.030609528879425075,115,0.030609528879425075
Office -> Building -> Hotel -> Office,4,0.030609528879425075,115,0.030609528879425075
Building -> Coffee Shop -> Office -> Clothing Store -> Office,5,0.030609528879425075,115,0.030609528879425075
Building -> Office -> Food & Drink Shop -> Office -> Park,5,0.030609528879425075,47,0.031146454605699137
Coffee Shop -> Office -> Coffee Shop -> Clothing Store -> Office,5,0.030609528879425075,115,0.030609528879425075
Deli / Bodega -> Coffee Shop -> Office -> Deli / Bodega -> Office,5,0.030609528879425075,115,0.030609528879425075
Hotel -> Coffee Shop -> Office -> Train Station -> Office,5,0.030609528879425075,115,0.030609528879425075
Office -> Building -> Hotel -> Office -> Hotel,5,0.030609528879425075,29,0.034482758620689655
Subway -> Coffee Shop -> Office -> Building -> Office,5,0.030609528879425075,115,0.030609528879425075
Subway -> Gym / Fitness Center -> Train Station,3,0.030519790176442536,64,0.030519790176442536
Bank -> Coffee Shop -> Office -> Train Station,4,0.030519790176442536,64,0.030519790176442536
Coffee Shop -> Office -> American Restaurant -> Office -> Train Station,5,0.030519790176442536,64,0.030519790176442536
Coffee Shop -> Office -> Coffee Shop -> Gym / Fitness Center -> Train Station,5,0.030519790176442536,64,0.030519790176442536
Coffee Shop -> Office -> Hotel -> Office -> Train Station,5,0.030519790176442536,64,0.030519790176442536
Coffee Shop -> Office -> Train Station -> Building -> Train Station,5,0.030519790176442536,64,0.030519790176442536
Office -> Coffee Shop -> Office -> Subway -> Train Station,5,0.030519790176442536,64,0.030519790176442536
Office -> Deli / Bodega -> Building -> Office -> Train Station,5,0.030519790176442536,64,0.030519790176442536
Train Station -> Office -> Train Station -> Building -> Train Station,5,0.030519790176442536,64,0.030519790176442536
Neighborhood -> Bus Station,2,0.03048780487804878,45,0.03048780487804878
Coffee Shop -> Subway -> Bus Station,3,0.03048780487804878,45,0.03048780487804878
Building -> Coffee Shop -> Park,3,0.030483764082173626,46,0.030483764082173626
Park -> Deli / Bodega -> Park,3,0.030483764082173626,46,0.030483764082173626
Deli / Bodega -> Office -> Food & Drink Shop -> Park,4,0.030483764082173626,46,0.030483764082173626
Food & Drink Shop -> Park -> Food & Drink Shop -> Park,4,0.030483764082173626,46,0.030483764082173626
Gym / Fitness Center -> Neighborhood -> Office -> Park,4,0.030483764082173626,46,0.030483764082173626
Neighborhood -> Gym / Fitness Center -> Office -> Park,4,0.030483764082173626,46,0.030483764082173626
Office -> Coffee Shop -> Deli / Bodega -> Park,4,0.030483764082173626,46,0.030483764082173626
Building -> Office -> Building -> Office -> Park,5,0.030483764082173626,46,0.030483764082173626
Coffee Shop -> Gym / Fitness Center -> Coffee Shop -> Office -> Park,5,0.030483764082173626,46,0.030483764082173626
Coffee Shop -> Office -> Park -> Gym / Fitness Center -> Park,5,0.030483764082173626,46,0.030483764082173626
Deli / Bodega -> Office -> Neighborhood -> Office -> Park,5,0.030483764082173626,46,0.030483764082173626
Food & Drink Shop -> Office -> Subway -> Office -> Park,5,0.030483764082173626,46,0.030483764082173626
Office -> Gym / Fitness Center -> Park -> Office -> Park,5,0.030483764082173626,46,0.030483764082173626
Subway -> Coffee Shop -> Office -> Food & Drink Shop -> Park,5,0.030483764082173626,46,0.030483764082173626
Bank -> Deli / Bodega -> Office -> Building,4,0.03044280442804428,33,0.03044280442804428
Gym / Fitness Center -> Office -> Subway -> Building,4,0.03044280442804428,33,0.03044280442804428
Park -> Office -> Deli / Bodega -> Building,4,0.03044280442804428,33,0.03044280442804428
Coffee Shop -> Deli / Bodega -> Office -> Deli / Bodega -> Building,5,0.03044280442804428,33,0.03044280442804428
Coffee Shop -> Office -> Deli / Bodega -> Coffee Shop -> Building,5,0.03044280442804428,33,0.03044280442804428
Coffee Shop -> Subway -> Coffee Shop -> Office -> Building,5,0.03044280442804428,33,0.03044280442804428
Neighborhood -> Office -> Coffee Shop -> Office -> Building,5,0.03044280442804428,33,0.03044280442804428
Office -> Coffee Shop -> Clothing Store -> Office -> Building,5,0.03044280442804428,33,0.03044280442804428
Office -> Coffee Shop -> Hotel -> Office -> Building,5,0.03044280442804428,33,0.03044280442804428
Office -> Subway -> Coffee Shop -> Office -> Building,5,0.03044280442804428,33,0.03044280442804428
Subway -> Office -> Deli / Bodega -> Office -> Building,5,0.03044280442804428,33,0.03044280442804428
Subway -> Office -> Subway -> Office -> Building,5,0.03044280442804428,33,0.03044280442804428
Food & Drink Shop -> Clothing Store -> Food & Drink Shop,3,0.030389363722697058,64,0.030389363722697058
Gym / Fitness Center -> Clothing Store -> Food & Drink Shop,3,0.030389363722697058,64,0.030389363722697058
Coffee Shop -> Office -> Building -> Office -> Food & Drink Shop,5,0.030389363722697058,64,0.030389363722697058
Deli / Bodega -> Office -> Neighborhood -> Office -> Food & Drink Shop,5,0.030389363722697058,64,0.030389363722697058
Gym / Fitness Center -> Coffee Shop -> Office -> Park -> Food & Drink Shop,5,0.030389363722697058,64,0.030389363722697058
Gym / Fitness Center -> Office -> Deli / Bodega -> Office -> Food & Drink Shop,5,0.030389363722697058,64,0.030389363722697058
Park -> Coffee Shop -> Office -> Park -> Food & Drink Shop,5,0.030389363722697058,64,0.030389363722697058
College Academic Building -> Office -> Gym / Fitness Center,3,0.030365203118588428,74,0.030365203118588428
College Academic Building -> Office -> Gym / Fitness Center -> Clothing Store,4,0.030365203118588428,32,0.0365296803652968
Office -> Gym / Fitness Center -> Coffee Shop -> Gym / Fitness Center,4,0.030365203118588428,74,0.030365203118588428
Park -> Deli / Bodega -> Office -> Gym / Fitness Center,4,0.030365203118588428,74,0.030365203118588428
Building -> Office -> Deli / Bodega -> Office -> Gym / Fitness Center,5,0.030365203118588428,74,0.030365203118588428
Office -> Gym / Fitness Center -> Coffee Shop -> Gym / Fitness Center -> Clothing Store,5,0.030365203118588428,32,0.0365296803652968
Office -> Subway -> Coffee Shop -> Office -> Gym / Fitness Center,5,0.030365203118588428,74,0.030365203118588428
Park -> Deli / Bodega -> Office -> Gym / Fitness Center -> Office,5,0.030365203118588428,175,0.04657971785999468
Subway -> Office -> Food & Drink Shop -> Office -> Gym / Fitness Center,5,0.030365203118588428,74,0.030365203118588428
Subway -> Office -> Subway -> Office -> Gym / Fitness Center,5,0.030365203118588428,74,0.030365203118588428
Office -> Deli / Bodega -> Neighborhood,3,0.030347890451517395,41,0.030347890451517395
Office -> Deli / Bodega -> Neighborhood -> Office,4,0.030347890451517395,141,0.03752994410433857
Park -> Office -> Pizza Place,3,0.030346820809248554,21,0.030346820809248554
Coffee Shop -> Gym / Fitness Center -> Office -> Pizza Place,4,0.030346820809248554,21,0.030346820809248554
Coffee Shop -> Hotel -> Office -> Pizza Place,4,0.030346820809248554,21,0.030346820809248554
Coffee Shop -> Subway -> Office -> Pizza Place,4,0.030346820809248554,21,0.030346820809248554
Gym / Fitness Center -> Office -> Coffee Shop -> Pizza Place,4,0.030346820809248554,21,0.030346820809248554
Coffee Shop -> Office -> Building -> Office -> Pizza Place,5,0.030346820809248554,21,0.030346820809248554
Gym / Fitness Center -> Office -> Deli / Bodega -> Office -> Pizza Place,5,0.030346820809248554,21,0.030346820809248554
Train Station -> Office -> Coffee Shop -> Office -> Pizza Place,5,0.030346820809248554,21,0.030346820809248554
Building -> Coffee Shop -> Office -> Deli / Bodega -> Office,5,0.030343359063082248,114,0.030343359063082248
Deli / Bodega -> Building -> Office -> Deli / Bodega -> Office,5,0.030343359063082248,114,0.030343359063082248
Gym / Fitness Center -> Coffee Shop -> Office -> Food & Drink Shop -> Office,5,0.030343359063082248,114,0.030343359063082248
Gym / Fitness Center -> Hotel -> Office -> Coffee Shop -> Office,5,0.030343359063082248,114,0.030343359063082248
Gym / Fitness Center -> Office -> Gym / Fitness Center -> Coffee Shop -> Office,5,0.030343359063082248,114,0.030343359063082248
American Restaurant -> Subway,2,0.030313124583610927,91,0.030313124583610927
Office -> Bar -> Subway,3,0.030313124583610927,91,0.030313124583610927
Coffee Shop -> Neighborhood -> Office -> Coffee Shop,4,0.030248306997742665,67,0.030248306997742665
Park -> Office -> Deli / Bodega -> Coffee Shop,4,0.030248306997742665,67,0.030248306997742665
Building -> Office -> Clothing Store -> Office -> Coffee Shop,5,0.030248306997742665,67,0.030248306997742665
Building -> Office -> Gym / Fitness Center -> Office -> Coffee Shop,5,0.030248306997742665,67,0.030248306997742665
Coffee Shop -> Office -> Coffee Shop -> Gym / Fitness Center -> Coffee Shop,5,0.030248306997742665,67,0.030248306997742665
Gym / Fitness Center -> Coffee Shop -> Office -> Deli / Bodega -> Coffee Shop,5,0.030248306997742665,67,0.030248306997742665
Park -> Office -> Coffee Shop -> Office -> Coffee Shop,5,0.030248306997742665,67,0.030248306997742665
Bar -> Coffee Shop -> Drugstore / Pharmacy,3,0.030229746070133012,25,0.030229746070133012
Coffee Shop -> Deli / Bodega -> Office -> Drugstore / Pharmacy,4,0.030229746070133012,25,0.030229746070133012
Deli / Bodega -> Office -> Coffee Shop -> Drugstore / Pharmacy,4,0.030229746070133012,25,0.030229746070133012
Gym / Fitness Center -> Coffee Shop -> Gym / Fitness Center -> Drugstore / Pharmacy,4,0.030229746070133012,25,0.030229746070133012
Office -> Coffee Shop -> Gym / Fitness Center -> Drugstore / Pharmacy,4,0.030229746070133012,25,0.030229746070133012
Coffee Shop -> Office -> Subway -> Office -> Drugstore / Pharmacy,5,0.030229746070133012,25,0.030229746070133012
Gym / Fitness Center -> Office -> Gym / Fitness Center -> Office -> Drugstore / Pharmacy,5,0.030229746070133012,25,0.030229746070133012
Subway -> Office -> Gym / Fitness Center -> Office -> Drugstore / Pharmacy,5,0.030229746070133012,25,0.030229746070133012
Home (private) -> Deli / Bodega,2,0.03015484922575387,37,0.03015484922575387
Bus Station -> Office -> Deli / Bodega,3,0.03015484922575387,37,0.03015484922575387
Coffee Shop -> Bar -> Deli / Bodega,3,0.03015484922575387,37,0.03015484922575387
Bar -> Train Station -> Office -> Deli / Bodega,4,0.03015484922575387,37,0.03015484922575387
Building -> Office -> Gym / Fitness Center -> Deli / Bodega,4,0.03015484922575387,37,0.03015484922575387
Building -> Subway -> Office -> Deli / Bodega,4,0.03015484922575387,37,0.03015484922575387
Gym / Fitness Center -> Coffee Shop -> Building -> Deli / Bodega,4,0.03015484922575387,37,0.03015484922575387
Gym / Fitness Center -> Hotel -> Office -> Deli / Bodega,4,0.03015484922575387,37,0.03015484922575387
American Restaurant -> Office -> Coffee Shop -> Office -> Deli / Bodega,5,0.03015484922575387,37,0.03015484922575387
Bank -> Office -> Coffee Shop -> Office -> Deli / Bodega,5,0.03015484922575387,37,0.03015484922575387
Hotel -> Office -> Gym / Fitness Center -> Office -> Deli / Bodega,5,0.03015484922575387,37,0.03015484922575387
Office -> Coffee Shop -> Train Station -> Office -> Deli / Bodega,5,0.03015484922575387,37,0.03015484922575387
Office -> Neighborhood -> Coffee Shop -> Office -> Deli / Bodega,5,0.03015484922575387,37,0.03015484922575387
Park -> Office -> Coffee Shop -> Office -> Deli / Bodega,5,0.03015484922575387,37,0.03015484922575387
Subway -> Home (private),2,0.030094930317107655,149,0.030094930317107655
College Academic Building -> Gym / Fitness Center -> College Academic Building,3,0.03008070432868672,41,0.03008070432868672
Deli / Bodega -> Office -> Deli / Bodega -> College Academic Building,4,0.03008070432868672,41,0.03008070432868672
Gym / Fitness Center -> Coffee Shop -> Deli / Bodega -> College Academic Building,4,0.03008070432868672,41,0.03008070432868672
Gym / Fitness Center -> Park -> Office -> College Academic Building,4,0.03008070432868672,41,0.03008070432868672
Medical Center -> Office,2,0.03007718924673942,113,0.03007718924673942
Deli / Bodega -> Gym / Fitness Center -> Coffee Shop -> Office,4,0.03007718924673942,113,0.03007718924673942
Neighborhood -> Office -> Food & Drink Shop -> Office,4,0.03007718924673942,113,0.03007718924673942
Office -> Gym / Fitness Center -> Neighborhood -> Office,4,0.03007718924673942,113,0.03007718924673942
Office -> Neighborhood -> Deli / Bodega -> Office,4,0.03007718924673942,113,0.03007718924673942
Building -> Office -> Coffee Shop -> Clothing Store -> Office,5,0.03007718924673942,113,0.03007718924673942
Coffee Shop -> Building -> Office -> Train Station -> Office,5,0.03007718924673942,113,0.03007718924673942
Coffee Shop -> Subway -> Office -> Clothing Store -> Office,5,0.03007718924673942,113,0.03007718924673942
Gym / Fitness Center -> Office -> Coffee Shop -> Deli / Bodega -> Office,5,0.03007718924673942,113,0.03007718924673942
Gym / Fitness Center -> Office -> Subway -> Coffee Shop -> Office,5,0.03007718924673942,113,0.03007718924673942
Neighborhood -> Office -> Food & Drink Shop -> Office -> Clothing Store,5,0.03007718924673942,30,0.03424657534246575
Neighborhood -> Office -> Food & Drink Shop -> Office -> Park,5,0.03007718924673942,47,0.031146454605699137
Office -> Neighborhood -> Deli / Bodega -> Office -> Deli / Bodega,5,0.03007718924673942,37,0.03015484922575387
Office -> Train Station -> Office -> Deli / Bodega -> Office,5,0.03007718924673942,113,0.03007718924673942
Coffee Shop -> Subway -> Train Station,3,0.030042918454935622,63,0.030042918454935622
Bank -> Office -> Gym / Fitness Center -> Train Station,4,0.030042918454935622,63,0.030042918454935622
Coffee Shop -> Office -> Clothing Store -> Train Station,4,0.030042918454935622,63,0.030042918454935622
Gym / Fitness Center -> Subway -> Office -> Train Station,4,0.030042918454935622,63,0.030042918454935622
Office -> Coffee Shop -> Subway -> Train Station,4,0.030042918454935622,63,0.030042918454935622
Train Station -> Office -> Hotel -> Train Station,4,0.030042918454935622,63,0.030042918454935622
Office -> Coffee Shop -> Office -> Hotel -> Train Station,5,0.030042918454935622,63,0.030042918454935622
Coffee Shop -> Subway -> Gym / Fitness Center,3,0.029954862535904802,73,0.029954862535904802
Deli / Bodega -> Park -> Gym / Fitness Center,3,0.029954862535904802,73,0.029954862535904802
Coffee Shop -> Office -> Bar -> Gym / Fitness Center,4,0.029954862535904802,73,0.029954862535904802
Coffee Shop -> Office -> Building -> Gym / Fitness Center,4,0.029954862535904802,73,0.029954862535904802
Deli / Bodega -> Park -> Gym / Fitness Center -> Office,4,0.029954862535904802,164,0.04365184988022358
Gym / Fitness Center -> Hotel -> Office -> Gym / Fitness Center,4,0.029954862535904802,73,0.029954862535904802
Gym / Fitness Center -> Office -> Park -> Gym / Fitness Center,4,0.029954862535904802,73,0.029954862535904802
Office -> Building -> Coffee Shop -> Gym / Fitness Center,4,0.029954862535904802,73,0.029954862535904802
Coffee Shop -> Office -> Neighborhood -> Office -> Gym / Fitness Center,5,0.029954862535904802,73,0.029954862535904802
Deli / Bodega -> Office -> Neighborhood -> Office -> Gym / Fitness Center,5,0.029954862535904802,73,0.029954862535904802
Deli / Bodega -> Park -> Gym / Fitness Center -> Office -> Clothing Store,5,0.029954862535904802,31,0.03538812785388128
Gym / Fitness Center -> Coffee Shop -> Gym / Fitness Center -> Office -> Gym / Fitness Center,5,0.029954862535904802,73,0.029954862535904802
Gym / Fitness Center -> Hotel -> Office -> Gym / Fitness Center -> Office,5,0.029954862535904802,115,0.030609528879425075
Gym / Fitness Center -> Office -> Park -> Gym / Fitness Center -> Office,5,0.029954862535904802,114,0.030343359063082248
Hotel -> Office -> Building -> Office -> Gym / Fitness Center,5,0.029954862535904802,73,0.029954862535904802
Train Station -> Office -> Coffee Shop -> Office -> Gym / Fitness Center,5,0.029954862535904802,73,0.029954862535904802
Gym / Fitness Center -> Park -> Bar,3,0.02991944764096663,130,0.02991944764096663
Office -> Clothing Store -> Food & Drink Shop,3,0.029914529914529916,63,0.029914529914529916
Deli / Bodega -> Gym / Fitness Center -> Office -> Food & Drink Shop,4,0.029914529914529916,63,0.029914529914529916
Gym / Fitness Center -> Office -> Park -> Food & Drink Shop,4,0.029914529914529916,63,0.029914529914529916
Deli / Bodega -> Office -> Deli / Bodega -> Office -> Food & Drink Shop,5,0.029914529914529916,63,0.029914529914529916
Bar -> Coffee Shop -> Park,3,0.02982107355864811,45,0.02982107355864811
Building -> Deli / Bodega -> Park,3,0.02982107355864811,45,0.02982107355864811
Food & Drink Shop -> Gym / Fitness Center -> Food & Drink Shop -> Park,4,0.02982107355864811,45,0.02982107355864811
Food & Drink Shop -> Office -> Subway -> Park,4,0.02982107355864811,45,0.02982107355864811
Office -> Food & Drink Shop -> Clothing Store -> Park,4,0.02982107355864811,45,0.02982107355864811
Office -> Food & Drink Shop -> Gym / Fitness Center -> Park,4,0.02982107355864811,45,0.02982107355864811
Office -> Subway -> Food & Drink Shop -> Park,4,0.02982107355864811,45,0.02982107355864811
Park -> Food & Drink Shop -> Clothing Store -> Park,4,0.02982107355864811,45,0.02982107355864811
Gym / Fitness Center -> Office -> Gym / Fitness Center -> Food & Drink Shop -> Park,5,0.02982107355864811,45,0.02982107355864811
Gym / Fitness Center -> Park -> Coffee Shop -> Office -> Park,5,0.02982107355864811,45,0.02982107355864811
Office -> Coffee Shop -> Subway -> Office -> Park,5,0.02982107355864811,45,0.02982107355864811
Office -> Food & Drink Shop -> Office -> Food & Drink Shop -> Park,5,0.02982107355864811,45,0.02982107355864811
Office -> Gym / Fitness Center -> Office -> Coffee Shop -> Park,5,0.02982107355864811,45,0.02982107355864811
Hotel -> Deli / Bodega -> Office,3,0.029811019430396594,112,0.029811019430396594
Office -> College Academic Building -> Office,3,0.029811019430396594,112,0.029811019430396594
Hotel -> Deli / Bodega -> Office -> Deli / Bodega,4,0.029811019430396594,38,0.030969845150774247
Office -> College Academic Building -> Office -> Building,4,0.029811019430396594,35,0.03228782287822878
Office -> College Academic Building -> Office -> Clothing Store,4,0.029811019430396594,28,0.0319634703196347
Office -> College Academic Building -> Office -> College Academic Building,4,0.029811019430396594,50,0.036683785766691124
Office -> College Academic Building -> Office -> Deli / Bodega,4,0.029811019430396594,39,0.03178484107579462
Office -> College Academic Building -> Office -> Park,4,0.029811019430396594,52,0.03445990722332671
Coffee Shop -> Building -> Office -> Clothing Store -> Office,5,0.029811019430396594,112,0.029811019430396594
Deli / Bodega -> Coffee Shop -> Office -> Train Station -> Office,5,0.029811019430396594,112,0.029811019430396594
Gym / Fitness Center -> Office -> Deli / Bodega -> Park -> Office,5,0.029811019430396594,112,0.029811019430396594
Office -> Hotel -> Office -> Train Station -> Office,5,0.029811019430396594,112,0.029811019430396594
Park -> Bus Station,2,0.02981029810298103,44,0.02981029810298103
Building -> Subway -> Coffee Shop,3,0.029796839729119638,66,0.029796839729119638
Deli / Bodega -> Park -> Coffee Shop,3,0.029796839729119638,66,0.029796839729119638
Gym / Fitness Center -> Train Station -> Coffee Shop,3,0.029796839729119638,66,0.029796839729119638
Bank -> Coffee Shop -> Office -> Coffee Shop,4,0.029796839729119638,66,0.029796839729119638
Building -> Subway -> Coffee Shop -> Clothing Store,4,0.029796839729119638,28,0.0319634703196347
Building -> Subway -> Coffee Shop -> Office,4,0.029796839729119638,126,0.03353739685919617
Coffee Shop -> Office -> Bar -> Coffee Shop,4,0.029796839729119638,66,0.029796839729119638
Deli / Bodega -> Park -> Coffee Shop -> Office,4,0.029796839729119638,179,0.047644397125365986
Gym / Fitness Center -> Train Station -> Coffee Shop -> Train Station,4,0.029796839729119638,102,0.04864091559370529
Subway -> Building -> Office -> Coffee Shop,4,0.029796839729119638,66,0.029796839729119638
Bank -> Coffee Shop -> Office -> Coffee Shop -> Office,5,0.029796839729119638,115,0.030609528879425075
Building -> Coffee Shop -> Building -> Office -> Coffee Shop,5,0.029796839729119638,66,0.029796839729119638
Building -> Subway -> Coffee Shop -> Office -> Clothing Store,5,0.029796839729119638,31,0.03538812785388128
Coffee Shop -> Building -> Office -> Deli / Bodega -> Coffee Shop,5,0.029796839729119638,66,0.029796839729119638
Deli / Bodega -> Park -> Coffee Shop -> Office -> Park,5,0.029796839729119638,56,0.03711066931742876
Subway -> Building -> Office -> Coffee Shop -> Office,5,0.029796839729119638,115,0.030609528879425075
Bar -> Pizza Place -> Hotel,3,0.029726516052318668,25,0.029726516052318668
Building -> Deli / Bodega -> Hotel,3,0.029726516052318668,25,0.029726516052318668
Clothing Store -> Train Station -> Hotel,3,0.029726516052318668,25,0.029726516052318668
Gym / Fitness Center -> American Restaurant -> Hotel,3,0.029726516052318668,25,0.029726516052318668
Hotel -> Bus Station -> Hotel,3,0.029726516052318668,25,0.029726516052318668
Hotel -> Deli / Bodega -> Hotel,3,0.029726516052318668,25,0.029726516052318668
Park -> Subway -> Hotel,3,0.029726516052318668,25,0.029726516052318668
Deli / Bodega -> Coffee Shop -> Gym / Fitness Center -> Hotel,4,0.029726516052318668,25,0.029726516052318668
Gym / Fitness Center -> Coffee Shop -> Train Station -> Hotel,4,0.029726516052318668,25,0.029726516052318668
Hotel -> Office -> American Restaurant -> Hotel,4,0.029726516052318668,25,0.029726516052318668
Office -> Coffee Shop -> Deli / Bodega -> Hotel,4,0.029726516052318668,25,0.029726516052318668
Park -> Deli / Bodega -> Office -> Hotel,4,0.029726516052318668,25,0.029726516052318668
Bar -> Office -> Coffee Shop -> Office -> Hotel,5,0.029726516052318668,25,0.029726516052318668
Building -> Coffee Shop -> Office -> Gym / Fitness Center -> Hotel,5,0.029726516052318668,25,0.029726516052318668
Building -> Office -> Neighborhood -> Office -> Hotel,5,0.029726516052318668,25,0.029726516052318668
Coffee Shop -> Gym / Fitness Center -> Coffee Shop -> Office -> Hotel,5,0.029726516052318668,25,0.029726516052318668
Coffee Shop -> Subway -> Building -> Office -> Hotel,5,0.029726516052318668,25,0.029726516052318668
Deli / Bodega -> Coffee Shop -> Gym / Fitness Center -> Office -> Hotel,5,0.029726516052318668,25,0.029726516052318668
Deli / Bodega -> Office -> Hotel -> Office -> Hotel,5,0.029726516052318668,25,0.029726516052318668
Gym / Fitness Center -> Office -> Park -> Office -> Hotel,5,0.029726516052318668,25,0.029726516052318668
Office -> Building -> Coffee Shop -> Gym / Fitness Center -> Hotel,5,0.029726516052318668,25,0.029726516052318668
Office -> Clothing Store -> Office -> Clothing Store -> Hotel,5,0.029726516052318668,25,0.029726516052318668
Office -> Coffee Shop -> Office -> Building -> Hotel,5,0.029726516052318668,25,0.029726516052318668
Office -> Gym / Fitness Center -> Office -> Train Station -> Hotel,5,0.029726516052318668,25,0.029726516052318668
Office -> Hotel -> Office -> American Restaurant -> Hotel,5,0.029726516052318668,25,0.029726516052318668
Office -> Park -> Coffee Shop -> Office -> Hotel,5,0.029726516052318668,25,0.029726516052318668
Park -> Office -> Coffee Shop -> Office -> Hotel,5,0.029726516052318668,25,0.029726516052318668
Subway -> Office -> Gym / Fitness Center -> Coffee Shop -> Hotel,5,0.029726516052318668,25,0.029726516052318668
Train Station -> Office -> Gym / Fitness Center -> Train Station -> Hotel,5,0.029726516052318668,25,0.029726516052318668
Clothing Store -> Coffee Shop -> Bar,3,0.029689298043728423,129,0.029689298043728423
Office -> Subway -> Office -> Bar,4,0.029689298043728423,129,0.029689298043728423
Office -> Subway -> Office -> Bar -> Clothing Store,5,0.029689298043728423,36,0.0410958904109589
Office -> Subway -> Office -> Bar -> Hotel,5,0.029689298043728423,33,0.039239001189060645
Bar -> American Restaurant -> Clothing Store,3,0.02968036529680365,26,0.02968036529680365
Bar -> Deli / Bodega -> Clothing Store,3,0.02968036529680365,26,0.02968036529680365
Building -> Food & Drink Shop -> Clothing Store,3,0.02968036529680365,26,0.02968036529680365
Clothing Store -> Hotel -> Clothing Store,3,0.02968036529680365,26,0.02968036529680365
College Academic Building -> Building -> Clothing Store,3,0.02968036529680365,26,0.02968036529680365
Office -> Neighborhood -> Clothing Store,3,0.02968036529680365,26,0.02968036529680365
Bank -> Deli / Bodega -> Office -> Clothing Store,4,0.02968036529680365,26,0.02968036529680365
Bar -> Office -> Food & Drink Shop -> Clothing Store,4,0.02968036529680365,26,0.02968036529680365
Building -> Coffee Shop -> Building -> Clothing Store,4,0.02968036529680365,26,0.02968036529680365
Coffee Shop -> Building -> Deli / Bodega -> Clothing Store,4,0.02968036529680365,26,0.02968036529680365
Coffee Shop -> Subway -> Deli / Bodega -> Clothing Store,4,0.02968036529680365,26,0.02968036529680365
Deli / Bodega -> Neighborhood -> Office -> Clothing Store,4,0.02968036529680365,26,0.02968036529680365
Food & Drink Shop -> Coffee Shop -> Food & Drink Shop -> Clothing Store,4,0.02968036529680365,26,0.02968036529680365
Gym / Fitness Center -> Bar -> Office -> Clothing Store,4,0.02968036529680365,26,0.02968036529680365
Gym / Fitness Center -> Deli / Bodega -> Building -> Clothing Store,4,0.02968036529680365,26,0.02968036529680365
Gym / Fitness Center -> Office -> Drugstore / Pharmacy -> Clothing Store,4,0.02968036529680365,26,0.02968036529680365
Hotel -> Office -> Train Station -> Clothing Store,4,0.02968036529680365,26,0.02968036529680365
Office -> American Restaurant -> Gym / Fitness Center -> Clothing Store,4,0.02968036529680365,26,0.02968036529680365
Office -> Clothing Store -> Food & Drink Shop -> Clothing Store,4,0.02968036529680365,26,0.02968036529680365
Office -> Food & Drink Shop -> Bar -> Clothing Store,4,0.02968036529680365,26,0.02968036529680365
Park -> Building -> Office -> Clothing Store,4,0.02968036529680365,26,0.02968036529680365
Park -> Office -> Food & Drink Shop -> Clothing Store,4,0.02968036529680365,26,0.02968036529680365
Subway -> Coffee Shop -> Building -> Clothing Store,4,0.02968036529680365,26,0.02968036529680365
Building -> Coffee Shop -> Deli / Bodega -> Office -> Clothing Store,5,0.02968036529680365,26,0.02968036529680365
Coffee Shop -> Building -> Office -> Deli / Bodega -> Clothing Store,5,0.02968036529680365,26,0.02968036529680365
Coffee Shop -> Gym / Fitness Center -> Subway -> Office -> Clothing Store,5,0.02968036529680365,26,0.02968036529680365
Coffee Shop -> Office -> Clothing Store -> Deli / Bodega -> Clothing Store,5,0.02968036529680365,26,0.02968036529680365
Coffee Shop -> Office -> Clothing Store -> Park -> Clothing Store,5,0.02968036529680365,26,0.02968036529680365
Coffee Shop -> Train Station -> Office -> Train Station -> Clothing Store,5,0.02968036529680365,26,0.02968036529680365
Deli / Bodega -> Coffee Shop -> Deli / Bodega -> Office -> Clothing Store,5,0.02968036529680365,26,0.02968036529680365
Deli / Bodega -> Subway -> Office -> Coffee Shop -> Clothing Store,5,0.02968036529680365,26,0.02968036529680365
Gym / Fitness Center -> Train Station -> Office -> Building -> Clothing Store,5,0.02968036529680365,26,0.02968036529680365
Gym / Fitness Center -> Train Station -> Office -> Train Station -> Clothing Store,5,0.02968036529680365,26,0.02968036529680365
Hotel -> Building -> Office -> Coffee Shop -> Clothing Store,5,0.02968036529680365,26,0.02968036529680365
Hotel -> Coffee Shop -> Office -> Building -> Clothing Store,5,0.02968036529680365,26,0.02968036529680365
Hotel -> Office -> Building -> Coffee Shop -> Clothing Store,5,0.02968036529680365,26,0.02968036529680365
Hotel -> Office -> Coffee Shop -> Gym / Fitness Center -> Clothing Store,5,0.02968036529680365,26,0.02968036529680365
Office -> Building -> Office -> Train Station -> Clothing Store,5,0.02968036529680365,26,0.02968036529680365
Office -> Clothing Store -> Office -> Park -> Clothing Store,5,0.02968036529680365,26,0.02968036529680365
Office -> Deli / Bodega -> Coffee Shop -> Building -> Clothing Store,5,0.02968036529680365,26,0.02968036529680365
Office -> Drugstore / Pharmacy -> Office -> Gym / Fitness Center -> Clothing Store,5,0.02968036529680365,26,0.02968036529680365
Office -> Park -> Office -> Coffee Shop -> Clothing Store,5,0.02968036529680365,26,0.02968036529680365
Park -> Subway -> Office -> Food & Drink Shop -> Clothing Store,5,0.02968036529680365,26,0.02968036529680365
Subway -> Coffee Shop -> Office -> Food & Drink Shop -> Clothing Store,5,0.02968036529680365,26,0.02968036529680365
Subway -> Office -> Clothing Store -> Park -> Clothing Store,5,0.02968036529680365,26,0.02968036529680365
Train Station -> Coffee Shop -> Office -> Deli / Bodega -> Clothing Store,5,0.02968036529680365,26,0.02968036529680365
Bar -> Food & Drink Shop -> American Restaurant,3,0.02966507177033493,31,0.02966507177033493
Clothing Store -> Food & Drink Shop -> American Restaurant,3,0.02966507177033493,31,0.02966507177033493
Coffee Shop -> Building -> American Restaurant,3,0.02966507177033493,31,0.02966507177033493
Gym / Fitness Center -> College Academic Building -> American Restaurant,3,0.02966507177033493,31,0.02966507177033493
Park -> Coffee Shop -> American Restaurant,3,0.02966507177033493,31,0.02966507177033493
Bar -> Coffee Shop -> Bar -> American Restaurant,4,0.02966507177033493,31,0.02966507177033493
Bar -> Hotel -> Bar -> American Restaurant,4,0.02966507177033493,31,0.02966507177033493
Clothing Store -> Office -> Bar -> American Restaurant,4,0.02966507177033493,31,0.02966507177033493
Coffee Shop -> Clothing Store -> Bar -> American Restaurant,4,0.02966507177033493,31,0.02966507177033493
Coffee Shop -> Subway -> Office -> American Restaurant,4,0.02966507177033493,31,0.02966507177033493
Food & Drink Shop -> Coffee Shop -> Bar -> American Restaurant,4,0.02966507177033493,31,0.02966507177033493
Office -> Coffee Shop -> Gym / Fitness Center -> American Restaurant,4,0.02966507177033493,31,0.02966507177033493
Park -> Gym / Fitness Center -> Park -> American Restaurant,4,0.02966507177033493,31,0.02966507177033493
Hotel -> Office -> Coffee Shop -> Office -> American Restaurant,5,0.02966507177033493,31,0.02966507177033493
Office -> Building -> Coffee Shop -> Office -> American Restaurant,5,0.02966507177033493,31,0.02966507177033493
Hotel -> Subway,2,0.029646902065289808,89,0.029646902065289808
Hotel -> Subway -> Hotel,3,0.029646902065289808,29,0.034482758620689655
Office -> Building -> Neighborhood,3,0.029607698001480384,40,0.029607698001480384
Deli / Bodega -> Coffee Shop -> Office -> Neighborhood,4,0.029607698001480384,40,0.029607698001480384
Office -> Hotel -> Office -> Neighborhood,4,0.029607698001480384,40,0.029607698001480384
Bar -> Hotel -> Train Station,3,0.02956604673342871,62,0.02956604673342871
Office -> Coffee Shop -> Building -> Train Station,4,0.02956604673342871,62,0.02956604673342871
Office -> Deli / Bodega -> Gym / Fitness Center -> Train Station,4,0.02956604673342871,62,0.02956604673342871
Coffee Shop -> Neighborhood -> Office -> Coffee Shop -> Train Station,5,0.02956604673342871,62,0.02956604673342871
Deli / Bodega -> Drugstore / Pharmacy -> Office,3,0.029544849614053768,111,0.029544849614053768
Deli / Bodega -> Drugstore / Pharmacy -> Office -> Deli / Bodega,4,0.029544849614053768,38,0.030969845150774247
Building -> Office -> Train Station -> Coffee Shop -> Office,5,0.029544849614053768,111,0.029544849614053768
Gym / Fitness Center -> Park -> Office -> Coffee Shop -> Office,5,0.029544849614053768,111,0.029544849614053768
Office -> Deli / Bodega -> Office -> Clothing Store -> Office,5,0.029544849614053768,111,0.029544849614053768
Office -> Gym / Fitness Center -> Office -> Neighborhood -> Office,5,0.029544849614053768,111,0.029544849614053768
Office -> Subway -> Office -> Deli / Bodega -> Office,5,0.029544849614053768,111,0.029544849614053768
Park -> Deli / Bodega -> Office -> Deli / Bodega -> Office,5,0.029544849614053768,111,0.029544849614053768
Park -> Office -> Deli / Bodega -> Coffee Shop -> Office,5,0.029544849614053768,111,0.029544849614053768
Train Station -> Coffee Shop -> Office -> Deli / Bodega -> Office,5,0.029544849614053768,111,0.029544849614053768
Deli / Bodega -> Office -> Park -> Gym / Fitness Center,4,0.029544521953221173,72,0.029544521953221173
Hotel -> Coffee Shop -> Office -> Gym / Fitness Center,4,0.029544521953221173,72,0.029544521953221173
Hotel -> Gym / Fitness Center -> Office -> Gym / Fitness Center,4,0.029544521953221173,72,0.029544521953221173
Office -> Food & Drink Shop -> Coffee Shop -> Gym / Fitness Center,4,0.029544521953221173,72,0.029544521953221173
Office -> Train Station -> Office -> Gym / Fitness Center,4,0.029544521953221173,72,0.029544521953221173
Subway -> Gym / Fitness Center -> Office -> Gym / Fitness Center,4,0.029544521953221173,72,0.029544521953221173
Gym / Fitness Center -> Coffee Shop -> Office -> Coffee Shop -> Gym / Fitness Center,5,0.029544521953221173,72,0.029544521953221173
Hotel -> Office -> Deli / Bodega -> Office -> Gym / Fitness Center,5,0.029544521953221173,72,0.029544521953221173
Office -> Train Station -> Office -> Gym / Fitness Center -> Train Station,5,0.029544521953221173,100,0.047687172150691466
Park -> Office -> Coffee Shop -> Office -> Gym / Fitness Center,5,0.029544521953221173,72,0.029544521953221173
American Restaurant -> Coffee Shop -> Building,3,0.02952029520295203,32,0.02952029520295203
Gym / Fitness Center -> Subway -> Building,3,0.02952029520295203,32,0.02952029520295203
Building -> Bank -> Office -> Building,4,0.02952029520295203,32,0.02952029520295203
Building -> Office -> Train Station -> Building,4,0.02952029520295203,32,0.02952029520295203
Coffee Shop -> American Restaurant -> Office -> Building,4,0.02952029520295203,32,0.02952029520295203
Gym / Fitness Center -> Bank -> Office -> Building,4,0.02952029520295203,32,0.02952029520295203
Gym / Fitness Center -> Office -> Gym / Fitness Center -> Building,4,0.02952029520295203,32,0.02952029520295203
Office -> Deli / Bodega -> Gym / Fitness Center -> Building,4,0.02952029520295203,32,0.02952029520295203
Subway -> Office -> Gym / Fitness Center -> Building,4,0.02952029520295203,32,0.02952029520295203
Subway -> Office -> Subway -> Building,4,0.02952029520295203,32,0.02952029520295203
Coffee Shop -> Office -> Building -> Coffee Shop -> Building,5,0.02952029520295203,32,0.02952029520295203
Coffee Shop -> Office -> Coffee Shop -> Gym / Fitness Center -> Building,5,0.02952029520295203,32,0.02952029520295203
Deli / Bodega -> Coffee Shop -> Building -> Office -> Building,5,0.02952029520295203,32,0.02952029520295203
Deli / Bodega -> Office -> Clothing Store -> Office -> Building,5,0.02952029520295203,32,0.02952029520295203
Office -> Building -> Deli / Bodega -> Office -> Building,5,0.02952029520295203,32,0.02952029520295203
Office -> Building -> Office -> Deli / Bodega -> Building,5,0.02952029520295203,32,0.02952029520295203
Office -> Coffee Shop -> Office -> Subway -> Building,5,0.02952029520295203,32,0.02952029520295203
Office -> Coffee Shop -> Subway -> Office -> Building,5,0.02952029520295203,32,0.02952029520295203
Office -> Train Station -> Office -> Train Station -> Building,5,0.02952029520295203,32,0.02952029520295203
Park -> Office -> Deli / Bodega -> Office -> Building,5,0.02952029520295203,32,0.02952029520295203
Subway -> Coffee Shop -> Office -> Coffee Shop -> Building,5,0.02952029520295203,32,0.02952029520295203
Bank -> Office -> Food & Drink Shop,3,0.029439696106362774,62,0.029439696106362774
Clothing Store -> Office -> Food & Drink Shop,3,0.029439696106362774,62,0.029439696106362774
Coffee Shop -> Office -> Deli / Bodega -> Office -> Food & Drink Shop,5,0.029439696106362774,62,0.029439696106362774
Neighborhood -> Office -> Gym / Fitness Center -> Office -> Food & Drink Shop,5,0.029439696106362774,62,0.029439696106362774
Office -> Coffee Shop -> Gym / Fitness Center -> Office -> Food & Drink Shop,5,0.029439696106362774,62,0.029439696106362774
Coffee Shop -> Bar -> College Academic Building,3,0.029347028613352897,40,0.029347028613352897
Coffee Shop -> Deli / Bodega -> Coffee Shop -> College Academic Building,4,0.029347028613352897,40,0.029347028613352897
Deli / Bodega -> Office -> Deli / Bodega -> Office -> College Academic Building,5,0.029347028613352897,40,0.029347028613352897
Office -> Coffee Shop -> Gym / Fitness Center -> Office -> College Academic Building,5,0.029347028613352897,40,0.029347028613352897
Pizza Place -> Coffee Shop,2,0.029345372460496615,65,0.029345372460496615
Office -> Drugstore / Pharmacy -> Coffee Shop,3,0.029345372460496615,65,0.029345372460496615
Gym / Fitness Center -> Coffee Shop -> Building -> Coffee Shop,4,0.029345372460496615,65,0.029345372460496615
Office -> Drugstore / Pharmacy -> Coffee Shop -> Clothing Store,4,0.029345372460496615,34,0.03881278538812785
Office -> Drugstore / Pharmacy -> Coffee Shop -> Office,4,0.029345372460496615,171,0.04551503859462337
Coffee Shop -> Deli / Bodega -> Office -> Deli / Bodega -> Coffee Shop,5,0.029345372460496615,65,0.029345372460496615
Coffee Shop -> Deli / Bodega -> Office -> Gym / Fitness Center -> Coffee Shop,5,0.029345372460496615,65,0.029345372460496615
Coffee Shop -> Office -> Coffee Shop -> Deli / Bodega -> Coffee Shop,5,0.029345372460496615,65,0.029345372460496615
Coffee Shop -> Office -> Food & Drink Shop -> Office -> Coffee Shop,5,0.029345372460496615,65,0.029345372460496615
Gym / Fitness Center -> Coffee Shop -> Building -> Coffee Shop -> Clothing Store,5,0.029345372460496615,27,0.030821917808219176
Gym / Fitness Center -> Coffee Shop -> Office -> Gym / Fitness Center -> Coffee Shop,5,0.029345372460496615,65,0.029345372460496615
Hotel -> Office -> Deli / Bodega -> Office -> Coffee Shop,5,0.029345372460496615,65,0.029345372460496615
Office -> Drugstore / Pharmacy -> Coffee Shop -> Office -> Clothing Store,5,0.029345372460496615,37,0.04223744292237443
Office -> Drugstore / Pharmacy -> Coffee Shop -> Office -> Hotel,5,0.029345372460496615,26,0.030915576694411414
Subway -> Coffee Shop -> Office -> Gym / Fitness Center -> Coffee Shop,5,0.029345372460496615,65,0.029345372460496615
Train Station -> Coffee Shop -> Office -> Train Station -> Coffee Shop,5,0.029345372460496615,65,0.029345372460496615
Pizza Place -> Deli / Bodega,2,0.029339853300733496,36,0.029339853300733496
Office -> Drugstore / Pharmacy -> Deli / Bodega,3,0.029339853300733496,36,0.029339853300733496
Office -> Train Station -> Deli / Bodega,3,0.029339853300733496,36,0.029339853300733496
Park -> Coffee Shop -> Deli / Bodega,3,0.029339853300733496,36,0.029339853300733496
Coffee Shop -> Clothing Store -> Office -> Deli / Bodega,4,0.029339853300733496,36,0.029339853300733496
Coffee Shop -> Subway -> Coffee Shop -> Deli / Bodega,4,0.029339853300733496,36,0.029339853300733496
Gym / Fitness Center -> Building -> Coffee Shop -> Deli / Bodega,4,0.029339853300733496,36,0.029339853300733496
Neighborhood -> Office -> Coffee Shop -> Deli / Bodega,4,0.029339853300733496,36,0.029339853300733496
Train Station -> Office -> Building -> Deli / Bodega,4,0.029339853300733496,36,0.029339853300733496
Coffee Shop -> Office -> Coffee Shop -> Clothing Store -> Deli / Bodega,5,0.029339853300733496,36,0.029339853300733496
Gym / Fitness Center -> Coffee Shop -> Gym / Fitness Center -> Office -> Deli / Bodega,5,0.029339853300733496,36,0.029339853300733496
Gym / Fitness Center -> Coffee Shop -> Office -> Building -> Deli / Bodega,5,0.029339853300733496,36,0.029339853300733496
Gym / Fitness Center -> Deli / Bodega -> Park -> Office -> Deli / Bodega,5,0.029339853300733496,36,0.029339853300733496
Gym / Fitness Center -> Office -> Subway -> Office -> Deli / Bodega,5,0.029339853300733496,36,0.029339853300733496
Neighborhood -> Office -> Deli / Bodega -> Office -> Deli / Bodega,5,0.029339853300733496,36,0.029339853300733496
Office -> Park -> Office -> Coffee Shop -> Deli / Bodega,5,0.029339853300733496,36,0.029339853300733496
Office -> Subway -> Coffee Shop -> Office -> Deli / Bodega,5,0.029339853300733496,36,0.029339853300733496
Office -> Train Station -> Office -> Clothing Store -> Deli / Bodega,5,0.029339853300733496,36,0.029339853300733496
Hotel -> Bar -> Office,3,0.02927867979771094,110,0.02927867979771094
Building -> Deli / Bodega -> Office -> Gym / Fitness Center -> Office,5,0.02927867979771094,110,0.02927867979771094
Gym / Fitness Center -> Office -> Coffee Shop -> Building -> Office,5,0.02927867979771094,110,0.02927867979771094
Office -> Coffee Shop -> Office -> Park -> Office,5,0.02927867979771094,110,0.02927867979771094
Office -> Park -> Office -> Deli / Bodega -> Office,5,0.02927867979771094,110,0.02927867979771094
Train Station -> Coffee Shop -> Train Station -> Coffee Shop -> Office,5,0.02927867979771094,110,0.02927867979771094
American Restaurant -> Food & Drink Shop -> Park,3,0.0291583830351226,44,0.0291583830351226
Building -> Gym / Fitness Center -> Park,3,0.0291583830351226,44,0.0291583830351226
College Academic Building -> Food & Drink Shop -> Park,3,0.0291583830351226,44,0.0291583830351226
Deli / Bodega -> Gym / Fitness Center -> Park,3,0.0291583830351226,44,0.0291583830351226
Office -> American Restaurant -> Park,3,0.0291583830351226,44,0.0291583830351226
Coffee Shop -> Food & Drink Shop -> Clothing Store -> Park,4,0.0291583830351226,44,0.0291583830351226
Coffee Shop -> Park -> Clothing Store -> Park,4,0.0291583830351226,44,0.0291583830351226
Deli / Bodega -> Office -> Subway -> Park,4,0.0291583830351226,44,0.0291583830351226
Office -> Park -> Bar -> Park,4,0.0291583830351226,44,0.0291583830351226
Coffee Shop -> Office -> Neighborhood -> Office -> Park,5,0.0291583830351226,44,0.0291583830351226
Gym / Fitness Center -> Food & Drink Shop -> Office -> Food & Drink Shop -> Park,5,0.0291583830351226,44,0.0291583830351226
Gym / Fitness Center -> Office -> Park -> Gym / Fitness Center -> Park,5,0.0291583830351226,44,0.0291583830351226
Office -> Building -> Office -> Gym / Fitness Center -> Park,5,0.0291583830351226,44,0.0291583830351226
Office -> Deli / Bodega -> Office -> Deli / Bodega -> Park,5,0.0291583830351226,44,0.0291583830351226
Office -> Park -> Gym / Fitness Center -> Office -> Park,5,0.0291583830351226,44,0.0291583830351226
Office -> Park -> Office -> Food & Drink Shop -> Park,5,0.0291583830351226,44,0.0291583830351226
Park -> Subway -> Office -> Gym / Fitness Center -> Park,5,0.0291583830351226,44,0.0291583830351226
Subway -> Coffee Shop -> Gym / Fitness Center -> Office -> Park,5,0.0291583830351226,44,0.0291583830351226
Clothing Store -> Coffee Shop -> Gym / Fitness Center,3,0.029134181370537547,71,0.029134181370537547
Coffee Shop -> Building -> Gym / Fitness Center,3,0.029134181370537547,71,0.029134181370537547
Gym / Fitness Center -> Hotel -> Gym / Fitness Center,3,0.029134181370537547,71,0.029134181370537547
Office -> Train Station -> Gym / Fitness Center,3,0.029134181370537547,71,0.029134181370537547
Clothing Store -> Coffee Shop -> Gym / Fitness Center -> Clothing Store,4,0.029134181370537547,26,0.02968036529680365
Coffee Shop -> Gym / Fitness Center -> Coffee Shop -> Gym / Fitness Center,4,0.029134181370537547,71,0.029134181370537547
Coffee Shop -> Office -> Subway -> Gym / Fitness Center,4,0.029134181370537547,71,0.029134181370537547
Gym / Fitness Center -> Office -> Bar -> Gym / Fitness Center,4,0.029134181370537547,71,0.029134181370537547
Office -> Train Station -> Gym / Fitness Center -> Clothing Store,4,0.029134181370537547,33,0.03767123287671233
Office -> Train Station -> Gym / Fitness Center -> Hotel,4,0.029134181370537547,26,0.030915576694411414
Office -> Train Station -> Gym / Fitness Center -> Train Station,4,0.029134181370537547,123,0.058655221745350504
Coffee Shop -> Gym / Fitness Center -> Coffee Shop -> Gym / Fitness Center -> Clothing Store,5,0.029134181370537547,27,0.030821917808219176
Office -> Coffee Shop -> Deli / Bodega -> Office -> Gym / Fitness Center,5,0.029134181370537547,71,0.029134181370537547
Office -> Train Station -> Gym / Fitness Center -> Train Station -> Hotel,5,0.029134181370537547,28,0.03329369797859691
Train Station -> Office -> Building -> Office -> Gym / Fitness Center,5,0.029134181370537547,71,0.029134181370537547
Hotel -> Bar -> Hotel -> Bus Station,4,0.029132791327913278,43,0.029132791327913278
Bar -> Gym / Fitness Center -> Bank,3,0.02912621359223301,18,0.02912621359223301
Office -> American Restaurant -> Bank,3,0.02912621359223301,18,0.02912621359223301
Office -> Food & Drink Shop -> Bank,3,0.02912621359223301,18,0.02912621359223301
Office -> Hotel -> Bank,3,0.02912621359223301,18,0.02912621359223301
Subway -> Deli / Bodega -> Bank,3,0.02912621359223301,18,0.02912621359223301
Building -> Office -> Building -> Bank,4,0.02912621359223301,18,0.02912621359223301
Coffee Shop -> Hotel -> Office -> Bank,4,0.02912621359223301,18,0.02912621359223301
Deli / Bodega -> Building -> Deli / Bodega -> Bank,4,0.02912621359223301,18,0.02912621359223301
Hotel -> Gym / Fitness Center -> Office -> Bank,4,0.02912621359223301,18,0.02912621359223301
Neighborhood -> Office -> Building -> Bank,4,0.02912621359223301,18,0.02912621359223301
Neighborhood -> Office -> Deli / Bodega -> Bank,4,0.02912621359223301,18,0.02912621359223301
Office -> American Restaurant -> Office -> Bank,4,0.02912621359223301,18,0.02912621359223301
Office -> Clothing Store -> Office -> Bank,4,0.02912621359223301,18,0.02912621359223301
Office -> Coffee Shop -> Building -> Bank,4,0.02912621359223301,18,0.02912621359223301
Office -> Deli / Bodega -> Building -> Bank,4,0.02912621359223301,18,0.02912621359223301
Office -> Food & Drink Shop -> Office -> Bank,4,0.02912621359223301,18,0.02912621359223301
Office -> Gym / Fitness Center -> Deli / Bodega -> Bank,4,0.02912621359223301,18,0.02912621359223301
Park -> Office -> Coffee Shop -> Bank,4,0.02912621359223301,18,0.02912621359223301
Building -> Office -> Coffee Shop -> Gym / Fitness Center -> Bank,5,0.02912621359223301,18,0.02912621359223301
Building -> Office -> Subway -> Office -> Bank,5,0.02912621359223301,18,0.02912621359223301
Coffee Shop -> Gym / Fitness Center -> Office -> Deli / Bodega -> Bank,5,0.02912621359223301,18,0.02912621359223301
Coffee Shop -> Office -> Coffee Shop -> Gym / Fitness Center -> Bank,5,0.02912621359223301,18,0.02912621359223301
Coffee Shop -> Subway -> Coffee Shop -> Office -> Bank,5,0.02912621359223301,18,0.02912621359223301
Gym / Fitness Center -> Office -> Building -> Deli / Bodega -> Bank,5,0.02912621359223301,18,0.02912621359223301
Gym / Fitness Center -> Office -> Coffee Shop -> Gym / Fitness Center -> Bank,5,0.02912621359223301,18,0.02912621359223301
Gym / Fitness Center -> Subway -> Office -> Deli / Bodega -> Bank,5,0.02912621359223301,18,0.02912621359223301
Neighborhood -> Office -> Gym / Fitness Center -> Office -> Bank,5,0.02912621359223301,18,0.02912621359223301
Office -> Building -> Coffee Shop -> Office -> Bank,5,0.02912621359223301,18,0.02912621359223301
Office -> Gym / Fitness Center -> Deli / Bodega -> Office -> Bank,5,0.02912621359223301,18,0.02912621359223301
Office -> Gym / Fitness Center -> Office -> Coffee Shop -> Bank,5,0.02912621359223301,18,0.02912621359223301
Office -> Subway -> Office -> Building -> Bank,5,0.02912621359223301,18,0.02912621359223301
Park -> Office -> Building -> Office -> Bank,5,0.02912621359223301,18,0.02912621359223301
Subway -> Office -> Coffee Shop -> Gym / Fitness Center -> Bank,5,0.02912621359223301,18,0.02912621359223301
Subway -> Office -> Subway -> Office -> Bank,5,0.02912621359223301,18,0.02912621359223301
Coffee Shop -> Hotel -> Office -> Train Station,4,0.029089175011921792,61,0.029089175011921792
Deli / Bodega -> Office -> Subway -> Train Station,4,0.029089175011921792,61,0.029089175011921792
Office -> Bank -> Office -> Train Station,4,0.029089175011921792,61,0.029089175011921792
Office -> Building -> Gym / Fitness Center -> Train Station,4,0.029089175011921792,61,0.029089175011921792
Gym / Fitness Center -> Coffee Shop -> Office -> Coffee Shop -> Train Station,5,0.029089175011921792,61,0.029089175011921792
Gym / Fitness Center -> Office -> Bar -> Office -> Train Station,5,0.029089175011921792,61,0.029089175011921792
Subway -> Office -> Clothing Store -> Office -> Train Station,5,0.029089175011921792,61,0.029089175011921792
Train Station -> Coffee Shop -> Train Station -> Hotel -> Train Station,5,0.029089175011921792,61,0.029089175011921792
Train Station -> Office -> Train Station -> Hotel -> Train Station,5,0.029089175011921792,61,0.029089175011921792
American Restaurant -> Bar -> Drugstore / Pharmacy,3,0.02902055622732769,24,0.02902055622732769
Clothing Store -> Bar -> Drugstore / Pharmacy,3,0.02902055622732769,24,0.02902055622732769
Coffee Shop -> Food & Drink Shop -> Drugstore / Pharmacy,3,0.02902055622732769,24,0.02902055622732769
Deli / Bodega -> Coffee Shop -> Drugstore / Pharmacy,3,0.02902055622732769,24,0.02902055622732769
Building -> Coffee Shop -> Office -> Drugstore / Pharmacy,4,0.02902055622732769,24,0.02902055622732769
Park -> Coffee Shop -> Office -> Drugstore / Pharmacy,4,0.02902055622732769,24,0.02902055622732769
Coffee Shop -> Office -> Building -> Office -> Drugstore / Pharmacy,5,0.02902055622732769,24,0.02902055622732769
Office -> Coffee Shop -> Office -> Coffee Shop -> Drugstore / Pharmacy,5,0.02902055622732769,24,0.02902055622732769
Building -> Neighborhood -> Office,3,0.029012509981368114,109,0.029012509981368114
Gym / Fitness Center -> Building -> Coffee Shop -> Office,4,0.029012509981368114,109,0.029012509981368114
Office -> Gym / Fitness Center -> Train Station -> Office,4,0.029012509981368114,109,0.029012509981368114
Office -> Subway -> Clothing Store -> Office,4,0.029012509981368114,109,0.029012509981368114
Deli / Bodega -> Gym / Fitness Center -> Office -> Coffee Shop -> Office,5,0.029012509981368114,109,0.029012509981368114
Deli / Bodega -> Subway -> Office -> Coffee Shop -> Office,5,0.029012509981368114,109,0.029012509981368114
Gym / Fitness Center -> Building -> Coffee Shop -> Office -> Building,5,0.029012509981368114,36,0.033210332103321034
Gym / Fitness Center -> Building -> Coffee Shop -> Office -> Clothing Store,5,0.029012509981368114,30,0.03424657534246575
Office -> Coffee Shop -> Office -> Bar -> Office,5,0.029012509981368114,109,0.029012509981368114
Office -> Gym / Fitness Center -> Train Station -> Office -> Train Station,5,0.029012509981368114,101,0.04816404387219838
Office -> Subway -> Clothing Store -> Office -> Clothing Store,5,0.029012509981368114,41,0.04680365296803653
Office -> Subway -> Clothing Store -> Office -> Hotel,5,0.029012509981368114,31,0.036860879904875146
Neighborhood -> Gym / Fitness Center -> Office -> Food & Drink Shop,4,0.028964862298195632,61,0.028964862298195632
Office -> Coffee Shop -> Gym / Fitness Center -> Food & Drink Shop,4,0.028964862298195632,61,0.028964862298195632
Subway -> Office -> Subway -> Office -> Food & Drink Shop,5,0.028964862298195632,61,0.028964862298195632
Train Station -> Pizza Place,2,0.028901734104046242,20,0.028901734104046242
Bar -> Office -> Pizza Place,3,0.028901734104046242,20,0.028901734104046242
Clothing Store -> Office -> Pizza Place,3,0.028901734104046242,20,0.028901734104046242
Coffee Shop -> Deli / Bodega -> Pizza Place,3,0.028901734104046242,20,0.028901734104046242
Neighborhood -> Office -> Pizza Place,3,0.028901734104046242,20,0.028901734104046242
Clothing Store -> Office -> Bar -> Pizza Place,4,0.028901734104046242,20,0.028901734104046242
Coffee Shop -> Office -> Building -> Pizza Place,4,0.028901734104046242,20,0.028901734104046242
Coffee Shop -> Office -> Subway -> Pizza Place,4,0.028901734104046242,20,0.028901734104046242
Deli / Bodega -> Subway -> Office -> Pizza Place,4,0.028901734104046242,20,0.028901734104046242
Office -> Food & Drink Shop -> Office -> Pizza Place,4,0.028901734104046242,20,0.028901734104046242
Office -> Neighborhood -> Office -> Pizza Place,4,0.028901734104046242,20,0.028901734104046242
Coffee Shop -> Office -> Subway -> Office -> Pizza Place,5,0.028901734104046242,20,0.028901734104046242
Office -> Gym / Fitness Center -> Coffee Shop -> Office -> Pizza Place,5,0.028901734104046242,20,0.028901734104046242
Coffee Shop -> American Restaurant -> Coffee Shop,3,0.028893905191873587,64,0.028893905191873587
Deli / Bodega -> Subway -> Coffee Shop,3,0.028893905191873587,64,0.028893905191873587
Deli / Bodega -> Office -> Park -> Coffee Shop,4,0.028893905191873587,64,0.028893905191873587
Deli / Bodega -> Office -> Train Station -> Coffee Shop,4,0.028893905191873587,64,0.028893905191873587
Deli / Bodega -> Subway -> Coffee Shop -> Office,4,0.028893905191873587,131,0.0348682459409103
Gym / Fitness Center -> Clothing Store -> Office -> Coffee Shop,4,0.028893905191873587,64,0.028893905191873587
Gym / Fitness Center -> Neighborhood -> Office -> Coffee Shop,4,0.028893905191873587,64,0.028893905191873587
Gym / Fitness Center -> Office -> Train Station -> Coffee Shop,4,0.028893905191873587,64,0.028893905191873587
Office -> Coffee Shop -> Subway -> Coffee Shop,4,0.028893905191873587,64,0.028893905191873587
Deli / Bodega -> Office -> Park -> Coffee Shop -> Clothing Store,5,0.028893905191873587,27,0.030821917808219176
Deli / Bodega -> Office -> Park -> Coffee Shop -> Office,5,0.028893905191873587,111,0.029544849614053768
Deli / Bodega -> Office -> Train Station -> Coffee Shop -> Train Station,5,0.028893905191873587,70,0.03338102050548403
Deli / Bodega -> Subway -> Coffee Shop -> Office -> Clothing Store,5,0.028893905191873587,30,0.03424657534246575
Gym / Fitness Center -> Office -> Train Station -> Coffee Shop -> Train Station,5,0.028893905191873587,74,0.03528850739151168
Office -> Coffee Shop -> Subway -> Coffee Shop -> Office,5,0.028893905191873587,122,0.03247271759382486
Subway -> Office -> Gym / Fitness Center -> Office -> Coffee Shop,5,0.028893905191873587,64,0.028893905191873587
Coffee Shop -> Hotel -> Office -> Neighborhood,4,0.028867505551443375,39,0.028867505551443375
Gym / Fitness Center -> Coffee Shop -> Office -> Neighborhood,4,0.028867505551443375,39,0.028867505551443375
Office -> Subway -> Office -> Neighborhood,4,0.028867505551443375,39,0.028867505551443375
Gym / Fitness Center -> Coffee Shop -> Office -> Neighborhood -> Office,5,0.028867505551443375,124,0.033005057226510516
Gym / Fitness Center -> Office -> Coffee Shop -> Office -> Neighborhood,5,0.028867505551443375,39,0.028867505551443375
Gym / Fitness Center -> Hotel -> Bar,3,0.028768699654775604,125,0.028768699654775604
Gym / Fitness Center -> Hotel -> Bar -> Hotel,4,0.028768699654775604,35,0.041617122473246136
Gym / Fitness Center -> Office -> Gym / Fitness Center -> Bar,4,0.028768699654775604,125,0.028768699654775604
Gym / Fitness Center -> Office -> Gym / Fitness Center -> Bar -> Clothing Store,5,0.028768699654775604,34,0.03881278538812785
Deli / Bodega -> Bank -> Office,3,0.028746340165025287,108,0.028746340165025287
American Restaurant -> Office -> Building -> Office,4,0.028746340165025287,108,0.028746340165025287
Coffee Shop -> Subway -> Gym / Fitness Center -> Office,4,0.028746340165025287,108,0.028746340165025287
Office -> Building -> Neighborhood -> Office,4,0.028746340165025287,108,0.028746340165025287
American Restaurant -> Office -> Building -> Office -> Clothing Store,5,0.028746340165025287,32,0.0365296803652968
American Restaurant -> Office -> Building -> Office -> Coffee Shop,5,0.028746340165025287,64,0.028893905191873587
American Restaurant -> Office -> Building -> Office -> Deli / Bodega,5,0.028746340165025287,40,0.032599837000814993
Deli / Bodega -> Office -> Deli / Bodega -> Building -> Office,5,0.028746340165025287,108,0.028746340165025287
Office -> American Restaurant -> Office -> Coffee Shop -> Office,5,0.028746340165025287,108,0.028746340165025287
Office -> Building -> Office -> Hotel -> Office,5,0.028746340165025287,108,0.028746340165025287
Subway -> Other Great Outdoors,2,0.02873204247345409,46,0.02873204247345409
Coffee Shop -> Gym / Fitness Center -> Park -> Gym / Fitness Center,4,0.028723840787853918,70,0.028723840787853918
Gym / Fitness Center -> Neighborhood -> Office -> Gym / Fitness Center,4,0.028723840787853918,70,0.028723840787853918
Office -> Coffee Shop -> Bar -> Gym / Fitness Center,4,0.028723840787853918,70,0.028723840787853918
Office -> Deli / Bodega -> Coffee Shop -> Gym / Fitness Center,4,0.028723840787853918,70,0.028723840787853918
Coffee Shop -> Gym / Fitness Center -> Park -> Gym / Fitness Center -> Park,5,0.028723840787853918,48,0.03180914512922465
Gym / Fitness Center -> Neighborhood -> Office -> Gym / Fitness Center -> Office,5,0.028723840787853918,135,0.03593292520628161
Gym / Fitness Center -> Subway -> Coffee Shop -> Office -> Gym / Fitness Center,5,0.028723840787853918,70,0.028723840787853918
Neighborhood -> Office -> Gym / Fitness Center -> Office -> Gym / Fitness Center,5,0.028723840787853918,70,0.028723840787853918
Office -> Deli / Bodega -> Building -> Office -> Gym / Fitness Center,5,0.028723840787853918,70,0.028723840787853918
Office -> Deli / Bodega -> Park -> Office -> Gym / Fitness Center,5,0.028723840787853918,70,0.028723840787853918
American Restaurant -> Coffee Shop -> American Restaurant,3,0.028708133971291867,30,0.028708133971291867
Bar -> Subway -> American Restaurant,3,0.028708133971291867,30,0.028708133971291867
Drugstore / Pharmacy -> Office -> American Restaurant,3,0.028708133971291867,30,0.028708133971291867
Gym / Fitness Center -> Clothing Store -> American Restaurant,3,0.028708133971291867,30,0.028708133971291867
Bar -> Gym / Fitness Center -> Office -> American Restaurant,4,0.028708133971291867,30,0.028708133971291867
Coffee Shop -> Hotel -> Office -> American Restaurant,4,0.028708133971291867,30,0.028708133971291867
Coffee Shop -> Office -> Food & Drink Shop -> American Restaurant,4,0.028708133971291867,30,0.028708133971291867
Coffee Shop -> Office -> Subway -> American Restaurant,4,0.028708133971291867,30,0.028708133971291867
Deli / Bodega -> Office -> Coffee Shop -> American Restaurant,4,0.028708133971291867,30,0.028708133971291867
Gym / Fitness Center -> Subway -> Office -> American Restaurant,4,0.028708133971291867,30,0.028708133971291867
Office -> Clothing Store -> Office -> American Restaurant,4,0.028708133971291867,30,0.028708133971291867
Office -> Coffee Shop -> Hotel -> American Restaurant,4,0.028708133971291867,30,0.028708133971291867
Office -> Food & Drink Shop -> Park -> American Restaurant,4,0.028708133971291867,30,0.028708133971291867
Building -> Office -> Deli / Bodega -> Office -> American Restaurant,5,0.028708133971291867,30,0.028708133971291867
Gym / Fitness Center -> Office -> Subway -> Office -> American Restaurant,5,0.028708133971291867,30,0.028708133971291867
Hotel -> Office -> Gym / Fitness Center -> Office -> American Restaurant,5,0.028708133971291867,30,0.028708133971291867
Office -> Coffee Shop -> Office -> Park -> American Restaurant,5,0.028708133971291867,30,0.028708133971291867
Office -> Deli / Bodega -> Coffee Shop -> Office -> American Restaurant,5,0.028708133971291867,30,0.028708133971291867
Subway -> Office -> Gym / Fitness Center -> Office -> American Restaurant,5,0.028708133971291867,30,0.028708133971291867
College Academic Building -> Subway,2,0.028647568287808126,86,0.028647568287808126
Building -> Office -> Coffee Shop -> Office -> Subway,5,0.028647568287808126,86,0.028647568287808126
Pizza Place -> College Academic Building,2,0.028613352898019074,39,0.028613352898019074
Building -> Deli / Bodega -> College Academic Building,3,0.028613352898019074,39,0.028613352898019074
Clothing Store -> Coffee Shop -> College Academic Building,3,0.028613352898019074,39,0.028613352898019074
Coffee Shop -> Building -> College Academic Building,3,0.028613352898019074,39,0.028613352898019074
Coffee Shop -> Food & Drink Shop -> College Academic Building,3,0.028613352898019074,39,0.028613352898019074
Food & Drink Shop -> Coffee Shop -> College Academic Building,3,0.028613352898019074,39,0.028613352898019074
Medical Center -> Coffee Shop -> College Academic Building,3,0.028613352898019074,39,0.028613352898019074
Park -> Coffee Shop -> College Academic Building,3,0.028613352898019074,39,0.028613352898019074
Building -> Coffee Shop -> Office -> College Academic Building,4,0.028613352898019074,39,0.028613352898019074
Building -> Office -> Deli / Bodega -> College Academic Building,4,0.028613352898019074,39,0.028613352898019074
Coffee Shop -> College Academic Building -> Coffee Shop -> College Academic Building,4,0.028613352898019074,39,0.028613352898019074
Gym / Fitness Center -> Office -> Building -> Office -> College Academic Building,5,0.028613352898019074,39,0.028613352898019074
Park -> Office -> Gym / Fitness Center -> Office -> College Academic Building,5,0.028613352898019074,39,0.028613352898019074
Subway -> Coffee Shop -> Train Station,3,0.02861230329041488,60,0.02861230329041488
Clothing Store -> Office -> Gym / Fitness Center -> Train Station,4,0.02861230329041488,60,0.02861230329041488
Coffee Shop -> Office -> Deli / Bodega -> Train Station,4,0.02861230329041488,60,0.02861230329041488
Gym / Fitness Center -> Coffee Shop -> Bar -> Train Station,4,0.02861230329041488,60,0.02861230329041488
Office -> Clothing Store -> Office -> Gym / Fitness Center -> Train Station,5,0.02861230329041488,60,0.02861230329041488
Subway -> Office -> Gym / Fitness Center -> Office -> Train Station,5,0.02861230329041488,60,0.02861230329041488
Building -> Bank -> Building,3,0.02859778597785978,31,0.02859778597785978
Building -> Subway -> Building,3,0.02859778597785978,31,0.02859778597785978
Gym / Fitness Center -> Bank -> Building,3,0.02859778597785978,31,0.02859778597785978
Coffee Shop -> Office -> Hotel -> Building,4,0.02859778597785978,31,0.02859778597785978
Deli / Bodega -> Bank -> Office -> Building,4,0.02859778597785978,31,0.02859778597785978
Gym / Fitness Center -> Deli / Bodega -> Coffee Shop -> Building,4,0.02859778597785978,31,0.02859778597785978
Park -> Coffee Shop -> Office -> Building,4,0.02859778597785978,31,0.02859778597785978
Park -> Deli / Bodega -> Coffee Shop -> Building,4,0.02859778597785978,31,0.02859778597785978
Train Station -> Office -> Deli / Bodega -> Building,4,0.02859778597785978,31,0.02859778597785978
Building -> Deli / Bodega -> Coffee Shop -> Office -> Building,5,0.02859778597785978,31,0.02859778597785978
Building -> Office -> Gym / Fitness Center -> Office -> Building,5,0.02859778597785978,31,0.02859778597785978
Building -> Office -> Subway -> Office -> Building,5,0.02859778597785978,31,0.02859778597785978
Deli / Bodega -> Office -> Coffee Shop -> Gym / Fitness Center -> Building,5,0.02859778597785978,31,0.02859778597785978
Gym / Fitness Center -> Building -> Office -> Coffee Shop -> Building,5,0.02859778597785978,31,0.02859778597785978
Gym / Fitness Center -> Deli / Bodega -> Coffee Shop -> Building -> Clothing Store,5,0.02859778597785978,26,0.02968036529680365
Gym / Fitness Center -> Office -> Deli / Bodega -> Coffee Shop -> Building,5,0.02859778597785978,31,0.02859778597785978
Hotel -> Coffee Shop -> Office -> Coffee Shop -> Building,5,0.02859778597785978,31,0.02859778597785978
Hotel -> Office -> Train Station -> Office -> Building,5,0.02859778597785978,31,0.02859778597785978
Office -> Building -> Office -> Gym / Fitness Center -> Building,5,0.02859778597785978,31,0.02859778597785978
Office -> Neighborhood -> Office -> Coffee Shop -> Building,5,0.02859778597785978,31,0.02859778597785978
Park -> Deli / Bodega -> Coffee Shop -> Office -> Building,5,0.02859778597785978,31,0.02859778597785978
Subway -> Office -> Clothing Store -> Office -> Building,5,0.02859778597785978,31,0.02859778597785978
Train Station -> Coffee Shop -> Office -> Coffee Shop -> Building,5,0.02859778597785978,31,0.02859778597785978
Train Station -> Office -> Train Station -> Coffee Shop -> Building,5,0.02859778597785978,31,0.02859778597785978
Coffee Shop -> Residential Building (Apartment / Condo),2,0.028544243577545196,30,0.028544243577545196
Drugstore / Pharmacy -> Residential Building (Apartment / Condo),2,0.028544243577545196,30,0.028544243577545196
Clothing Store -> American Restaurant -> Clothing Store,3,0.028538812785388126,25,0.028538812785388126
Hotel -> Building -> Clothing Store,3,0.028538812785388126,25,0.028538812785388126
Bank -> Office -> Building -> Clothing Store,4,0.028538812785388126,25,0.028538812785388126
Bar -> Office -> Park -> Clothing Store,4,0.028538812785388126,25,0.028538812785388126
Bar -> Office -> Train Station -> Clothing Store,4,0.028538812785388126,25,0.028538812785388126
Building -> Office -> Park -> Clothing Store,4,0.028538812785388126,25,0.028538812785388126
Coffee Shop -> Bar -> Gym / Fitness Center -> Clothing Store,4,0.028538812785388126,25,0.028538812785388126
Drugstore / Pharmacy -> Office -> Building -> Clothing Store,4,0.028538812785388126,25,0.028538812785388126
Food & Drink Shop -> Coffee Shop -> Gym / Fitness Center -> Clothing Store,4,0.028538812785388126,25,0.028538812785388126
Food & Drink Shop -> Office -> Bar -> Clothing Store,4,0.028538812785388126,25,0.028538812785388126
Gym / Fitness Center -> Bank -> Office -> Clothing Store,4,0.028538812785388126,25,0.028538812785388126
Gym / Fitness Center -> Park -> Coffee Shop -> Clothing Store,4,0.028538812785388126,25,0.028538812785388126
Gym / Fitness Center -> Subway -> Park -> Clothing Store,4,0.028538812785388126,25,0.028538812785388126
Office -> Building -> Gym / Fitness Center -> Clothing Store,4,0.028538812785388126,25,0.028538812785388126
Office -> Park -> American Restaurant -> Clothing Store,4,0.028538812785388126,25,0.028538812785388126
Office -> Subway -> Food & Drink Shop -> Clothing Store,4,0.028538812785388126,25,0.028538812785388126
Park -> Coffee Shop -> Park -> Clothing Store,4,0.028538812785388126,25,0.028538812785388126
Subway -> Gym / Fitness Center -> Food & Drink Shop -> Clothing Store,4,0.028538812785388126,25,0.028538812785388126
Subway -> Neighborhood -> Office -> Clothing Store,4,0.028538812785388126,25,0.028538812785388126
Building -> Deli / Bodega -> Office -> Coffee Shop -> Clothing Store,5,0.028538812785388126,25,0.028538812785388126
Coffee Shop -> Building -> Office -> Building -> Clothing Store,5,0.028538812785388126,25,0.028538812785388126
Coffee Shop -> Food & Drink Shop -> Office -> Gym / Fitness Center -> Clothing Store,5,0.028538812785388126,25,0.028538812785388126
Coffee Shop -> Hotel -> Office -> Gym / Fitness Center -> Clothing Store,5,0.028538812785388126,25,0.028538812785388126
Coffee Shop -> Office -> Building -> Deli / Bodega -> Clothing Store,5,0.028538812785388126,25,0.028538812785388126
Coffee Shop -> Office -> Food & Drink Shop -> Park -> Clothing Store,5,0.028538812785388126,25,0.028538812785388126
Coffee Shop -> Office -> Park -> Food & Drink Shop -> Clothing Store,5,0.028538812785388126,25,0.028538812785388126
Coffee Shop -> Train Station -> Office -> Deli / Bodega -> Clothing Store,5,0.028538812785388126,25,0.028538812785388126
Deli / Bodega -> Gym / Fitness Center -> Office -> Deli / Bodega -> Clothing Store,5,0.028538812785388126,25,0.028538812785388126
Deli / Bodega -> Park -> Coffee Shop -> Office -> Clothing Store,5,0.028538812785388126,25,0.028538812785388126
Food & Drink Shop -> Office -> Subway -> Office -> Clothing Store,5,0.028538812785388126,25,0.028538812785388126
Gym / Fitness Center -> Deli / Bodega -> Office -> Gym / Fitness Center -> Clothing Store,5,0.028538812785388126,25,0.028538812785388126
Gym / Fitness Center -> Office -> Deli / Bodega -> Building -> Clothing Store,5,0.028538812785388126,25,0.028538812785388126
Gym / Fitness Center -> Office -> Food & Drink Shop -> Park -> Clothing Store,5,0.028538812785388126,25,0.028538812785388126
Hotel -> Office -> Gym / Fitness Center -> Coffee Shop -> Clothing Store,5,0.028538812785388126,25,0.028538812785388126
Office -> Deli / Bodega -> Neighborhood -> Office -> Clothing Store,5,0.028538812785388126,25,0.028538812785388126
Office -> Gym / Fitness Center -> Office -> Train Station -> Clothing Store,5,0.028538812785388126,25,0.028538812785388126
Office -> Park -> Coffee Shop -> Office -> Clothing Store,5,0.028538812785388126,25,0.028538812785388126
Park -> Coffee Shop -> Office -> Gym / Fitness Center -> Clothing Store,5,0.028538812785388126,25,0.028538812785388126
Park -> Gym / Fitness Center -> Office -> Park -> Clothing Store,5,0.028538812785388126,25,0.028538812785388126
Park -> Office -> Deli / Bodega -> Office -> Clothing Store,5,0.028538812785388126,25,0.028538812785388126
Subway -> Building -> Office -> Coffee Shop -> Clothing Store,5,0.028538812785388126,25,0.028538812785388126
Building -> Office -> Bar,3,0.028538550057537398,124,0.028538550057537398
Building -> Office -> Bar -> Clothing Store,4,0.028538550057537398,31,0.03538812785388128
Building -> Office -> Bar -> Hotel,4,0.028538550057537398,31,0.036860879904875146
Building -> Office -> Bar -> Train Station,4,0.028538550057537398,64,0.030519790176442536
Home (private) -> Hotel,2,0.028537455410225922,24,0.028537455410225922
American Restaurant -> Subway -> Hotel,3,0.028537455410225922,24,0.028537455410225922
Coffee Shop -> Park -> Hotel,3,0.028537455410225922,24,0.028537455410225922
Park -> American Restaurant -> Hotel,3,0.028537455410225922,24,0.028537455410225922
Bank -> Coffee Shop -> Office -> Hotel,4,0.028537455410225922,24,0.028537455410225922
Bank -> Office -> Coffee Shop -> Hotel,4,0.028537455410225922,24,0.028537455410225922
Bar -> Neighborhood -> Bar -> Hotel,4,0.028537455410225922,24,0.028537455410225922
Bar -> Train Station -> Office -> Hotel,4,0.028537455410225922,24,0.028537455410225922
Building -> Office -> Clothing Store -> Hotel,4,0.028537455410225922,24,0.028537455410225922
Bus Station -> Bar -> American Restaurant -> Hotel,4,0.028537455410225922,24,0.028537455410225922
Clothing Store -> American Restaurant -> Bar -> Hotel,4,0.028537455410225922,24,0.028537455410225922
Clothing Store -> Office -> Gym / Fitness Center -> Hotel,4,0.028537455410225922,24,0.028537455410225922
Clothing Store -> Office -> Train Station -> Hotel,4,0.028537455410225922,24,0.028537455410225922
Coffee Shop -> Hotel -> American Restaurant -> Hotel,4,0.028537455410225922,24,0.028537455410225922
Food & Drink Shop -> Coffee Shop -> Bar -> Hotel,4,0.028537455410225922,24,0.028537455410225922
Gym / Fitness Center -> Bar -> Office -> Hotel,4,0.028537455410225922,24,0.028537455410225922
Gym / Fitness Center -> Bar -> Train Station -> Hotel,4,0.028537455410225922,24,0.028537455410225922
Gym / Fitness Center -> Office -> Food & Drink Shop -> Hotel,4,0.028537455410225922,24,0.028537455410225922
Hotel -> Office -> Train Station -> Hotel,4,0.028537455410225922,24,0.028537455410225922
Neighborhood -> Coffee Shop -> Office -> Hotel,4,0.028537455410225922,24,0.028537455410225922
Office -> Bar -> Coffee Shop -> Hotel,4,0.028537455410225922,24,0.028537455410225922
Building -> Office -> Building -> Coffee Shop -> Hotel,5,0.028537455410225922,24,0.028537455410225922
Coffee Shop -> Building -> Office -> Train Station -> Hotel,5,0.028537455410225922,24,0.028537455410225922
Coffee Shop -> Office -> Coffee Shop -> Gym / Fitness Center -> Hotel,5,0.028537455410225922,24,0.028537455410225922
Deli / Bodega -> Office -> Gym / Fitness Center -> Train Station -> Hotel,5,0.028537455410225922,24,0.028537455410225922
Gym / Fitness Center -> Building -> Office -> Coffee Shop -> Hotel,5,0.028537455410225922,24,0.028537455410225922
Gym / Fitness Center -> Coffee Shop -> Building -> Office -> Hotel,5,0.028537455410225922,24,0.028537455410225922
Gym / Fitness Center -> Coffee Shop -> Office -> Coffee Shop -> Hotel,5,0.028537455410225922,24,0.028537455410225922
Gym / Fitness Center -> Office -> Gym / Fitness Center -> Coffee Shop -> Hotel,5,0.028537455410225922,24,0.028537455410225922
Gym / Fitness Center -> Office -> Train Station -> Office -> Hotel,5,0.028537455410225922,24,0.028537455410225922
Hotel -> Building -> Office -> Coffee Shop -> Hotel,5,0.028537455410225922,24,0.028537455410225922
Office -> Coffee Shop -> Building -> Coffee Shop -> Hotel,5,0.028537455410225922,24,0.028537455410225922
Office -> Coffee Shop -> Neighborhood -> Office -> Hotel,5,0.028537455410225922,24,0.028537455410225922
Office -> Coffee Shop -> Office -> Deli / Bodega -> Hotel,5,0.028537455410225922,24,0.028537455410225922
Office -> Deli / Bodega -> Park -> Office -> Hotel,5,0.028537455410225922,24,0.028537455410225922
Office -> Gym / Fitness Center -> Building -> Office -> Hotel,5,0.028537455410225922,24,0.028537455410225922
Office -> Gym / Fitness Center -> Office -> Gym / Fitness Center -> Hotel,5,0.028537455410225922,24,0.028537455410225922
Office -> Hotel -> Office -> Building -> Hotel,5,0.028537455410225922,24,0.028537455410225922
Office -> Subway -> Building -> Office -> Hotel,5,0.028537455410225922,24,0.028537455410225922
Office -> Subway -> Office -> Gym / Fitness Center -> Hotel,5,0.028537455410225922,24,0.028537455410225922
Office -> Subway -> Office -> Subway -> Hotel,5,0.028537455410225922,24,0.028537455410225922
Office -> Train Station -> Office -> Coffee Shop -> Hotel,5,0.028537455410225922,24,0.028537455410225922
Subway -> Office -> Neighborhood -> Office -> Hotel,5,0.028537455410225922,24,0.028537455410225922
Coffee Shop -> Bank -> Deli / Bodega,3,0.02852485737571312,35,0.02852485737571312
Office -> Bank -> Deli / Bodega,3,0.02852485737571312,35,0.02852485737571312
Deli / Bodega -> Coffee Shop -> Building -> Deli / Bodega,4,0.02852485737571312,35,0.02852485737571312
Deli / Bodega -> Gym / Fitness Center -> Coffee Shop -> Deli / Bodega,4,0.02852485737571312,35,0.02852485737571312
Deli / Bodega -> Office -> College Academic Building -> Deli / Bodega,4,0.02852485737571312,35,0.02852485737571312
Gym / Fitness Center -> Office -> Clothing Store -> Deli / Bodega,4,0.02852485737571312,35,0.02852485737571312
Gym / Fitness Center -> Office -> College Academic Building -> Deli / Bodega,4,0.02852485737571312,35,0.02852485737571312
Gym / Fitness Center -> Office -> Neighborhood -> Deli / Bodega,4,0.02852485737571312,35,0.02852485737571312
Hotel -> Gym / Fitness Center -> Office -> Deli / Bodega,4,0.02852485737571312,35,0.02852485737571312
Office -> Deli / Bodega -> Gym / Fitness Center -> Deli / Bodega,4,0.02852485737571312,35,0.02852485737571312
Park -> Deli / Bodega -> Coffee Shop -> Deli / Bodega,4,0.02852485737571312,35,0.02852485737571312
Park -> Office -> Building -> Deli / Bodega,4,0.02852485737571312,35,0.02852485737571312
Subway -> Gym / Fitness Center -> Office -> Deli / Bodega,4,0.02852485737571312,35,0.02852485737571312
Coffee Shop -> Train Station -> Office -> Coffee Shop -> Deli / Bodega,5,0.02852485737571312,35,0.02852485737571312
Deli / Bodega -> Office -> Coffee Shop -> Building -> Deli / Bodega,5,0.02852485737571312,35,0.02852485737571312
Deli / Bodega -> Office -> Gym / Fitness Center -> Coffee Shop -> Deli / Bodega,5,0.02852485737571312,35,0.02852485737571312
Gym / Fitness Center -> Deli / Bodega -> Office -> Building -> Deli / Bodega,5,0.02852485737571312,35,0.02852485737571312
Gym / Fitness Center -> Hotel -> Office -> Coffee Shop -> Deli / Bodega,5,0.02852485737571312,35,0.02852485737571312
Neighborhood -> Office -> Gym / Fitness Center -> Office -> Deli / Bodega,5,0.02852485737571312,35,0.02852485737571312
Office -> Building -> Office -> Clothing Store -> Deli / Bodega,5,0.02852485737571312,35,0.02852485737571312
Office -> Coffee Shop -> Clothing Store -> Office -> Deli / Bodega,5,0.02852485737571312,35,0.02852485737571312
Train Station -> Coffee Shop -> Office -> Clothing Store -> Deli / Bodega,5,0.02852485737571312,35,0.02852485737571312
Clothing Store -> Coffee Shop -> Park,3,0.028495692511597084,43,0.028495692511597084
Gym / Fitness Center -> Bar -> Office -> Park,4,0.028495692511597084,43,0.028495692511597084
Gym / Fitness Center -> Clothing Store -> Gym / Fitness Center -> Park,4,0.028495692511597084,43,0.028495692511597084
Office -> Clothing Store -> Gym / Fitness Center -> Park,4,0.028495692511597084,43,0.028495692511597084
Office -> Gym / Fitness Center -> Clothing Store -> Park,4,0.028495692511597084,43,0.028495692511597084
Bank -> Office -> Coffee Shop -> Office -> Park,5,0.028495692511597084,43,0.028495692511597084
Coffee Shop -> Gym / Fitness Center -> Subway -> Office -> Park,5,0.028495692511597084,43,0.028495692511597084
Coffee Shop -> Office -> Park -> Coffee Shop -> Park,5,0.028495692511597084,43,0.028495692511597084
Deli / Bodega -> Office -> Coffee Shop -> Gym / Fitness Center -> Park,5,0.028495692511597084,43,0.028495692511597084
Gym / Fitness Center -> Coffee Shop -> Office -> Coffee Shop -> Park,5,0.028495692511597084,43,0.028495692511597084
Office -> Deli / Bodega -> Gym / Fitness Center -> Office -> Park,5,0.028495692511597084,43,0.028495692511597084
Office -> Park -> Office -> Gym / Fitness Center -> Park,5,0.028495692511597084,43,0.028495692511597084
Park -> Office -> Building -> Office -> Park,5,0.028495692511597084,43,0.028495692511597084
Coffee Shop -> Food & Drink Shop -> Park -> Food & Drink Shop,4,0.02849002849002849,60,0.02849002849002849
Deli / Bodega -> Office -> Park -> Food & Drink Shop,4,0.02849002849002849,60,0.02849002849002849
Deli / Bodega -> Subway -> Office -> Food & Drink Shop,4,0.02849002849002849,60,0.02849002849002849
Gym / Fitness Center -> Bar -> Office -> Food & Drink Shop,4,0.02849002849002849,60,0.02849002849002849
Office -> Deli / Bodega -> Coffee Shop -> Office -> Food & Drink Shop,5,0.02849002849002849,60,0.02849002849002849
Train Station -> Building -> Office,3,0.02848017034868246,107,0.02848017034868246
Deli / Bodega -> Gym / Fitness Center -> Building -> Office,4,0.02848017034868246,107,0.02848017034868246
Train Station -> Building -> Office -> Train Station,4,0.02848017034868246,76,0.036242250834525515
Building -> Office -> Building -> Coffee Shop -> Office,5,0.02848017034868246,107,0.02848017034868246
Deli / Bodega -> Gym / Fitness Center -> Building -> Office -> Building,5,0.02848017034868246,31,0.02859778597785978
Deli / Bodega -> Gym / Fitness Center -> Building -> Office -> Clothing Store,5,0.02848017034868246,27,0.030821917808219176
Deli / Bodega -> Gym / Fitness Center -> Building -> Office -> Deli / Bodega,5,0.02848017034868246,38,0.030969845150774247
Gym / Fitness Center -> Park -> Office -> Deli / Bodega -> Office,5,0.02848017034868246,107,0.02848017034868246
Train Station -> Office -> Building -> Coffee Shop -> Office,5,0.02848017034868246,107,0.02848017034868246
Coffee Shop -> Hotel -> Coffee Shop,3,0.028442437923250564,63,0.028442437923250564
Food & Drink Shop -> Gym / Fitness Center -> Coffee Shop,3,0.028442437923250564,63,0.028442437923250564
Coffee Shop -> Hotel -> Coffee Shop -> Clothing Store,4,0.028442437923250564,26,0.02968036529680365
Train Station -> Office -> Deli / Bodega -> Coffee Shop,4,0.028442437923250564,63,0.028442437923250564
Coffee Shop -> Building -> Deli / Bodega -> Office -> Coffee Shop,5,0.028442437923250564,63,0.028442437923250564
Gym / Fitness Center -> Office -> Coffee Shop -> Building -> Coffee Shop,5,0.028442437923250564,63,0.028442437923250564
Train Station -> Office -> Deli / Bodega -> Coffee Shop -> Deli / Bodega,5,0.028442437923250564,35,0.02852485737571312
Train Station -> Office -> Deli / Bodega -> Coffee Shop -> Office,5,0.028442437923250564,113,0.03007718924673942
Office -> Park -> Subway,3,0.028314457028647568,85,0.028314457028647568
Gym / Fitness Center -> Coffee Shop -> Office -> Subway,4,0.028314457028647568,85,0.028314457028647568
Office -> Park -> Subway -> Office,4,0.028314457028647568,167,0.044450359329252065
Gym / Fitness Center -> Coffee Shop -> Office -> Subway -> Clothing Store,5,0.028314457028647568,30,0.03424657534246575
Gym / Fitness Center -> Coffee Shop -> Office -> Subway -> Office,5,0.028314457028647568,137,0.03646526483896726
Office -> Park -> Subway -> Office -> Clothing Store,5,0.028314457028647568,27,0.030821917808219176
Office -> Park -> Subway -> Office -> Hotel,5,0.028314457028647568,24,0.028537455410225922
Office -> Park -> Subway -> Office -> Park,5,0.028314457028647568,48,0.03180914512922465
College Academic Building -> Coffee Shop -> Gym / Fitness Center,3,0.028313500205170292,69,0.028313500205170292
Building -> Subway -> Office -> Gym / Fitness Center,4,0.028313500205170292,69,0.028313500205170292
Neighborhood -> Office -> Coffee Shop -> Office -> Gym / Fitness Center,5,0.028313500205170292,69,0.028313500205170292
Neighborhood -> Office -> Food & Drink Shop -> Office -> Gym / Fitness Center,5,0.028313500205170292,69,0.028313500205170292
Office -> Hotel -> Office -> Coffee Shop -> Gym / Fitness Center,5,0.028313500205170292,69,0.028313500205170292
Subway -> Office -> Deli / Bodega -> Office -> Gym / Fitness Center,5,0.028313500205170292,69,0.028313500205170292
Pizza Place -> Office,2,0.028214000532339634,106,0.028214000532339634
Deli / Bodega -> Hotel -> Office,3,0.028214000532339634,106,0.028214000532339634
Hotel -> Train Station -> Office,3,0.028214000532339634,106,0.028214000532339634
Pizza Place -> Office -> Hotel,3,0.028214000532339634,28,0.03329369797859691
Building -> Coffee Shop -> Train Station -> Office,4,0.028214000532339634,106,0.028214000532339634
Deli / Bodega -> Hotel -> Office -> Deli / Bodega,4,0.028214000532339634,39,0.03178484107579462
Drugstore / Pharmacy -> Office -> Deli / Bodega -> Office,4,0.028214000532339634,106,0.028214000532339634
Hotel -> Train Station -> Office -> Train Station,4,0.028214000532339634,105,0.05007153075822604
Office -> Coffee Shop -> Bar -> Office,4,0.028214000532339634,106,0.028214000532339634
Building -> Coffee Shop -> Train Station -> Office -> Clothing Store,5,0.028214000532339634,27,0.030821917808219176
Building -> Coffee Shop -> Train Station -> Office -> Train Station,5,0.028214000532339634,70,0.03338102050548403
Drugstore / Pharmacy -> Office -> Deli / Bodega -> Office -> Clothing Store,5,0.028214000532339634,29,0.033105022831050226
Gym / Fitness Center -> Deli / Bodega -> Office -> Park -> Office,5,0.028214000532339634,106,0.028214000532339634
Office -> Coffee Shop -> Bar -> Office -> Hotel,5,0.028214000532339634,24,0.028537455410225922
Office -> Deli / Bodega -> Office -> Food & Drink Shop -> Office,5,0.028214000532339634,106,0.028214000532339634
Office -> Deli / Bodega -> Office -> Park -> Office,5,0.028214000532339634,106,0.028214000532339634
Bar -> Office -> Coffee Shop -> Train Station,4,0.028135431568907965,59,0.028135431568907965
Building -> Clothing Store -> Office -> Train Station,4,0.028135431568907965,59,0.028135431568907965
Food & Drink Shop -> Office -> Gym / Fitness Center -> Train Station,4,0.028135431568907965,59,0.028135431568907965
Gym / Fitness Center -> Deli / Bodega -> Office -> Train Station,4,0.028135431568907965,59,0.028135431568907965
Subway -> Deli / Bodega -> Office -> Train Station,4,0.028135431568907965,59,0.028135431568907965
Bank -> Office -> Building -> Office -> Train Station,5,0.028135431568907965,59,0.028135431568907965
Gym / Fitness Center -> Deli / Bodega -> Office -> Gym / Fitness Center -> Train Station,5,0.028135431568907965,59,0.028135431568907965
Hotel -> Coffee Shop -> Office -> Coffee Shop -> Train Station,5,0.028135431568907965,59,0.028135431568907965
Office -> Gym / Fitness Center -> Train Station -> Hotel -> Train Station,5,0.028135431568907965,59,0.028135431568907965
Gym / Fitness Center -> Coffee Shop -> Neighborhood,3,0.028127313101406367,38,0.028127313101406367
Gym / Fitness Center -> Coffee Shop -> Neighborhood -> Office,4,0.028127313101406367,114,0.030343359063082248
Deli / Bodega -> Office -> Coffee Shop -> Office -> Neighborhood,5,0.028127313101406367,38,0.028127313101406367
Bus Station -> Other Great Outdoors,2,0.028107432854465958,45,0.028107432854465958
Office -> Clothing Store -> Office -> Bar,4,0.02807825086306099,122,0.02807825086306099
Office -> Coffee Shop -> Gym / Fitness Center -> Bar,4,0.02807825086306099,122,0.02807825086306099
Office -> Clothing Store -> Office -> Bar -> Clothing Store,5,0.02807825086306099,27,0.030821917808219176
Office -> Clothing Store -> Office -> Bar -> Hotel,5,0.02807825086306099,34,0.04042806183115339
Gym / Fitness Center -> Office -> Building -> Office -> Food & Drink Shop,5,0.02801519468186135,59,0.02801519468186135
Park -> Office -> Subway -> Office -> Food & Drink Shop,5,0.02801519468186135,59,0.02801519468186135
Office -> Bank -> Coffee Shop,3,0.02799097065462754,62,0.02799097065462754
Subway -> Gym / Fitness Center -> Coffee Shop,3,0.02799097065462754,62,0.02799097065462754
Coffee Shop -> Bank -> Office -> Coffee Shop,4,0.02799097065462754,62,0.02799097065462754
Coffee Shop -> Building -> Deli / Bodega -> Coffee Shop,4,0.02799097065462754,62,0.02799097065462754
Office -> Bank -> Coffee Shop -> Office,4,0.02799097065462754,125,0.03327122704285334
Office -> Coffee Shop -> Clothing Store -> Coffee Shop,4,0.02799097065462754,62,0.02799097065462754
American Restaurant -> Office -> Coffee Shop -> Office -> Coffee Shop,5,0.02799097065462754,62,0.02799097065462754
Coffee Shop -> Bank -> Office -> Coffee Shop -> Office,5,0.02799097065462754,107,0.02848017034868246
Coffee Shop -> Deli / Bodega -> Building -> Office -> Coffee Shop,5,0.02799097065462754,62,0.02799097065462754
Gym / Fitness Center -> Coffee Shop -> Building -> Office -> Coffee Shop,5,0.02799097065462754,62,0.02799097065462754
Office -> Coffee Shop -> Clothing Store -> Coffee Shop -> Clothing Store,5,0.02799097065462754,36,0.0410958904109589
Office -> Coffee Shop -> Office -> Park -> Coffee Shop,5,0.02799097065462754,62,0.02799097065462754
Office -> Deli / Bodega -> Park -> Office -> Coffee Shop,5,0.02799097065462754,62,0.02799097065462754
Office -> Train Station -> Office -> Building -> Coffee Shop,5,0.02799097065462754,62,0.02799097065462754
Subway -> Food & Drink Shop -> Office,3,0.027947830715996807,105,0.027947830715996807
Building -> Coffee Shop -> Clothing Store -> Office,4,0.027947830715996807,105,0.027947830715996807
Gym / Fitness Center -> Office -> Bank -> Office,4,0.027947830715996807,105,0.027947830715996807
Neighborhood -> Office -> Building -> Office,4,0.027947830715996807,105,0.027947830715996807
Office -> Hotel -> Gym / Fitness Center -> Office,4,0.027947830715996807,105,0.027947830715996807
Park -> Office -> Food & Drink Shop -> Office,4,0.027947830715996807,105,0.027947830715996807
Subway -> Food & Drink Shop -> Office -> Food & Drink Shop,4,0.027947830715996807,65,0.030864197530864196
Building -> Coffee Shop -> Clothing Store -> Office -> Clothing Store,5,0.027947830715996807,41,0.04680365296803653
Building -> Coffee Shop -> Clothing Store -> Office -> Hotel,5,0.027947830715996807,29,0.034482758620689655
Building -> Coffee Shop -> Clothing Store -> Office -> Train Station,5,0.027947830715996807,67,0.03195040534096328
Building -> Office -> Coffee Shop -> Gym / Fitness Center -> Office,5,0.027947830715996807,105,0.027947830715996807
Coffee Shop -> Gym / Fitness Center -> Office -> Park -> Office,5,0.027947830715996807,105,0.027947830715996807
Office -> Hotel -> Gym / Fitness Center -> Office -> Clothing Store,5,0.027947830715996807,34,0.03881278538812785
Office -> Hotel -> Gym / Fitness Center -> Office -> Hotel,5,0.027947830715996807,27,0.03210463733650416
Park -> Office -> Food & Drink Shop -> Office -> Gym / Fitness Center,5,0.027947830715996807,70,0.028723840787853918
Park -> Office -> Food & Drink Shop -> Office -> Park,5,0.027947830715996807,47,0.031146454605699137
Food & Drink Shop -> Bar -> Gym / Fitness Center,3,0.027903159622486663,68,0.027903159622486663
Gym / Fitness Center -> Subway -> Gym / Fitness Center,3,0.027903159622486663,68,0.027903159622486663
Coffee Shop -> Office -> Clothing Store -> Gym / Fitness Center,4,0.027903159622486663,68,0.027903159622486663
Gym / Fitness Center -> Food & Drink Shop -> Office -> Gym / Fitness Center,4,0.027903159622486663,68,0.027903159622486663
Office -> Bank -> Office -> Gym / Fitness Center,4,0.027903159622486663,68,0.027903159622486663
Park -> Office -> Coffee Shop -> Gym / Fitness Center,4,0.027903159622486663,68,0.027903159622486663
Coffee Shop -> Deli / Bodega -> Office -> Coffee Shop -> Gym / Fitness Center,5,0.027903159622486663,68,0.027903159622486663
Coffee Shop -> Office -> Clothing Store -> Gym / Fitness Center -> Clothing Store,5,0.027903159622486663,39,0.04452054794520548
Office -> Bank -> Office -> Gym / Fitness Center -> Clothing Store,5,0.027903159622486663,31,0.03538812785388128
Drugstore / Pharmacy -> Office -> College Academic Building,3,0.027879677182685254,38,0.027879677182685254
Neighborhood -> Office -> College Academic Building,3,0.027879677182685254,38,0.027879677182685254
Deli / Bodega -> Building -> Office -> College Academic Building,4,0.027879677182685254,38,0.027879677182685254
Deli / Bodega -> Office -> Building -> College Academic Building,4,0.027879677182685254,38,0.027879677182685254
Gym / Fitness Center -> Deli / Bodega -> Coffee Shop -> College Academic Building,4,0.027879677182685254,38,0.027879677182685254
Office -> College Academic Building -> Coffee Shop -> College Academic Building,4,0.027879677182685254,38,0.027879677182685254
Park -> Gym / Fitness Center -> Office -> College Academic Building,4,0.027879677182685254,38,0.027879677182685254
Gym / Fitness Center -> Coffee Shop -> Office -> Coffee Shop -> College Academic Building,5,0.027879677182685254,38,0.027879677182685254
Gym / Fitness Center -> Deli / Bodega -> Office -> Coffee Shop -> College Academic Building,5,0.027879677182685254,38,0.027879677182685254
Deli / Bodega -> Office -> Bar,3,0.027848101265822784,121,0.027848101265822784
Food & Drink Shop -> Park -> Bar,3,0.027848101265822784,121,0.027848101265822784
Park -> Coffee Shop -> Bar,3,0.027848101265822784,121,0.027848101265822784
Deli / Bodega -> Office -> Bar -> Clothing Store,4,0.027848101265822784,33,0.03767123287671233
Deli / Bodega -> Office -> Bar -> Hotel,4,0.027848101265822784,33,0.039239001189060645
Deli / Bodega -> Office -> Bar -> Office,4,0.027848101265822784,128,0.03406973649188182
Deli / Bodega -> Office -> Bar -> Office -> Clothing Store,5,0.027848101265822784,28,0.0319634703196347
Deli / Bodega -> Office -> Bar -> Office -> Train Station,5,0.027848101265822784,70,0.03338102050548403
Bar -> Food & Drink Shop -> Park,3,0.027833001988071572,42,0.027833001988071572
Building -> Office -> Deli / Bodega -> Park,4,0.027833001988071572,42,0.027833001988071572
College Academic Building -> Office -> Gym / Fitness Center -> Park,4,0.027833001988071572,42,0.027833001988071572
Deli / Bodega -> Building -> Office -> Park,4,0.027833001988071572,42,0.027833001988071572
Food & Drink Shop -> Office -> Coffee Shop -> Park,4,0.027833001988071572,42,0.027833001988071572
Food & Drink Shop -> Park -> Clothing Store -> Park,4,0.027833001988071572,42,0.027833001988071572
Gym / Fitness Center -> Food & Drink Shop -> Gym / Fitness Center -> Park,4,0.027833001988071572,42,0.027833001988071572
Park -> Office -> Deli / Bodega -> Park,4,0.027833001988071572,42,0.027833001988071572
Park -> Office -> Subway -> Park,4,0.027833001988071572,42,0.027833001988071572
Subway -> Neighborhood -> Office -> Park,4,0.027833001988071572,42,0.027833001988071572
Gym / Fitness Center -> Office -> Park -> Coffee Shop -> Park,5,0.027833001988071572,42,0.027833001988071572
Gym / Fitness Center -> Office -> Park -> Food & Drink Shop -> Park,5,0.027833001988071572,42,0.027833001988071572
Gym / Fitness Center -> Subway -> Coffee Shop -> Office -> Park,5,0.027833001988071572,42,0.027833001988071572
Gym / Fitness Center -> Subway -> Office -> Coffee Shop -> Park,5,0.027833001988071572,42,0.027833001988071572
Office -> Gym / Fitness Center -> Office -> Clothing Store -> Park,5,0.027833001988071572,42,0.027833001988071572
Park -> Coffee Shop -> Office -> Gym / Fitness Center -> Park,5,0.027833001988071572,42,0.027833001988071572
Park -> Gym / Fitness Center -> Office -> Clothing Store -> Park,5,0.027833001988071572,42,0.027833001988071572
Other Great Outdoors -> Drugstore / Pharmacy,2,0.02781136638452237,23,0.02781136638452237
Coffee Shop -> Building -> Drugstore / Pharmacy,3,0.02781136638452237,23,0.02781136638452237
Coffee Shop -> Hotel -> Drugstore / Pharmacy,3,0.02781136638452237,23,0.02781136638452237
Coffee Shop -> Park -> Drugstore / Pharmacy,3,0.02781136638452237,23,0.02781136638452237
Coffee Shop -> Subway -> Drugstore / Pharmacy,3,0.02781136638452237,23,0.02781136638452237
Hotel -> Bar -> Drugstore / Pharmacy,3,0.02781136638452237,23,0.02781136638452237
Neighborhood -> Office -> Drugstore / Pharmacy,3,0.02781136638452237,23,0.02781136638452237
Coffee Shop -> Hotel -> Office -> Drugstore / Pharmacy,4,0.02781136638452237,23,0.02781136638452237
Gym / Fitness Center -> Office -> Bar -> Drugstore / Pharmacy,4,0.02781136638452237,23,0.02781136638452237
Gym / Fitness Center -> Office -> Food & Drink Shop -> Drugstore / Pharmacy,4,0.02781136638452237,23,0.02781136638452237
Office -> Drugstore / Pharmacy -> Office -> Drugstore / Pharmacy,4,0.02781136638452237,23,0.02781136638452237
Coffee Shop -> Office -> Deli / Bodega -> Office -> Drugstore / Pharmacy,5,0.02781136638452237,23,0.02781136638452237
Gym / Fitness Center -> Coffee Shop -> Medical Center,3,0.027808676307007785,25,0.027808676307007785
Bus Station -> Office -> Bus Station,3,0.027777777777777776,41,0.027777777777777776
Coffee Shop -> Deli / Bodega -> American Restaurant,3,0.027751196172248804,29,0.027751196172248804
College Academic Building -> Bar -> American Restaurant,3,0.027751196172248804,29,0.027751196172248804
Neighborhood -> Bar -> American Restaurant,3,0.027751196172248804,29,0.027751196172248804
American Restaurant -> Gym / Fitness Center -> Bar -> American Restaurant,4,0.027751196172248804,29,0.027751196172248804
Bar -> Gym / Fitness Center -> Bar -> American Restaurant,4,0.027751196172248804,29,0.027751196172248804
Bar -> Office -> Bar -> American Restaurant,4,0.027751196172248804,29,0.027751196172248804
Coffee Shop -> Food & Drink Shop -> Office -> American Restaurant,4,0.027751196172248804,29,0.027751196172248804
Coffee Shop -> Office -> Hotel -> American Restaurant,4,0.027751196172248804,29,0.027751196172248804
Coffee Shop -> Park -> Bar -> American Restaurant,4,0.027751196172248804,29,0.027751196172248804
Food & Drink Shop -> Park -> Bar -> American Restaurant,4,0.027751196172248804,29,0.027751196172248804
Gym / Fitness Center -> Coffee Shop -> Gym / Fitness Center -> American Restaurant,4,0.027751196172248804,29,0.027751196172248804
Gym / Fitness Center -> Food & Drink Shop -> Bar -> American Restaurant,4,0.027751196172248804,29,0.027751196172248804
Gym / Fitness Center -> Office -> Clothing Store -> American Restaurant,4,0.027751196172248804,29,0.027751196172248804
Office -> Food & Drink Shop -> Bar -> American Restaurant,4,0.027751196172248804,29,0.027751196172248804
Office -> Gym / Fitness Center -> Park -> American Restaurant,4,0.027751196172248804,29,0.027751196172248804
Park -> Office -> Park -> American Restaurant,4,0.027751196172248804,29,0.027751196172248804
Train Station -> Coffee Shop -> Office -> American Restaurant,4,0.027751196172248804,29,0.027751196172248804
Coffee Shop -> Building -> Coffee Shop -> Office -> American Restaurant,5,0.027751196172248804,29,0.027751196172248804
Coffee Shop -> Office -> Hotel -> American Restaurant -> Hotel,5,0.027751196172248804,24,0.028537455410225922
Office -> Coffee Shop -> Office -> Gym / Fitness Center -> American Restaurant,5,0.027751196172248804,29,0.027751196172248804
Office -> Deli / Bodega -> Office -> Gym / Fitness Center -> American Restaurant,5,0.027751196172248804,29,0.027751196172248804
Building -> Gym / Fitness Center -> Deli / Bodega,3,0.027709861450692746,34,0.027709861450692746
Deli / Bodega -> Hotel -> Deli / Bodega,3,0.027709861450692746,34,0.027709861450692746
Deli / Bodega -> Office -> Clothing Store -> Deli / Bodega,4,0.027709861450692746,34,0.027709861450692746
Office -> Bank -> Office -> Deli / Bodega,4,0.027709861450692746,34,0.027709861450692746
Subway -> Office -> Clothing Store -> Deli / Bodega,4,0.027709861450692746,34,0.027709861450692746
Bar -> Office -> Coffee Shop -> Office -> Deli / Bodega,5,0.027709861450692746,34,0.027709861450692746
Building -> Office -> Coffee Shop -> Building -> Deli / Bodega,5,0.027709861450692746,34,0.027709861450692746
Deli / Bodega -> Coffee Shop -> Office -> Building -> Deli / Bodega,5,0.027709861450692746,34,0.027709861450692746
Deli / Bodega -> Office -> Deli / Bodega -> Building -> Deli / Bodega,5,0.027709861450692746,34,0.027709861450692746
Deli / Bodega -> Park -> Office -> Coffee Shop -> Deli / Bodega,5,0.027709861450692746,34,0.027709861450692746
Gym / Fitness Center -> Park -> Deli / Bodega -> Office -> Deli / Bodega,5,0.027709861450692746,34,0.027709861450692746
Gym / Fitness Center -> Subway -> Office -> Coffee Shop -> Deli / Bodega,5,0.027709861450692746,34,0.027709861450692746
Office -> Building -> Office -> Building -> Deli / Bodega,5,0.027709861450692746,34,0.027709861450692746
Office -> Deli / Bodega -> Office -> Clothing Store -> Deli / Bodega,5,0.027709861450692746,34,0.027709861450692746
Train Station -> Office -> Coffee Shop -> Clothing Store -> Deli / Bodega,5,0.027709861450692746,34,0.027709861450692746
American Restaurant -> Deli / Bodega -> Office,3,0.02768166089965398,104,0.02768166089965398
American Restaurant -> Deli / Bodega -> Office -> Deli / Bodega,4,0.02768166089965398,37,0.03015484922575387
Coffee Shop -> Deli / Bodega -> Park -> Office,4,0.02768166089965398,104,0.02768166089965398
Deli / Bodega -> Office -> Bank -> Office,4,0.02768166089965398,104,0.02768166089965398
Gym / Fitness Center -> Coffee Shop -> Hotel -> Office,4,0.02768166089965398,104,0.02768166089965398
Hotel -> Office -> Bar -> Office,4,0.02768166089965398,104,0.02768166089965398
Subway -> Office -> Park -> Office,4,0.02768166089965398,104,0.02768166089965398
Subway -> Office -> Train Station -> Office,4,0.02768166089965398,104,0.02768166089965398
Train Station -> Office -> Drugstore / Pharmacy -> Office,4,0.02768166089965398,104,0.02768166089965398
Coffee Shop -> Deli / Bodega -> Park -> Office -> Clothing Store,5,0.02768166089965398,26,0.02968036529680365
Deli / Bodega -> Coffee Shop -> Office -> Clothing Store -> Office,5,0.02768166089965398,104,0.02768166089965398
Gym / Fitness Center -> Coffee Shop -> Hotel -> Office -> Clothing Store,5,0.02768166089965398,29,0.033105022831050226
Gym / Fitness Center -> Coffee Shop -> Office -> Clothing Store -> Office,5,0.02768166089965398,104,0.02768166089965398
Hotel -> Office -> Bar -> Office -> Hotel,5,0.02768166089965398,24,0.028537455410225922
Office -> Building -> Deli / Bodega -> Coffee Shop -> Office,5,0.02768166089965398,104,0.02768166089965398
Office -> Gym / Fitness Center -> Office -> Train Station -> Office,5,0.02768166089965398,104,0.02768166089965398
Subway -> Office -> Coffee Shop -> Gym / Fitness Center -> Office,5,0.02768166089965398,104,0.02768166089965398
Subway -> Office -> Park -> Office -> Clothing Store,5,0.02768166089965398,39,0.04452054794520548
Subway -> Office -> Park -> Office -> Park,5,0.02768166089965398,64,0.04241219350563287
Subway -> Office -> Train Station -> Office -> Clothing Store,5,0.02768166089965398,32,0.0365296803652968
Subway -> Office -> Train Station -> Office -> Hotel,5,0.02768166089965398,24,0.028537455410225922
Subway -> Office -> Train Station -> Office -> Train Station,5,0.02768166089965398,75,0.0357653791130186
Train Station -> Office -> Drugstore / Pharmacy -> Office -> Clothing Store,5,0.02768166089965398,30,0.03424657534246575
Coffee Shop -> Food & Drink Shop -> Building,3,0.027675276752767528,30,0.027675276752767528
Deli / Bodega -> Bank -> Building,3,0.027675276752767528,30,0.027675276752767528
Office -> Park -> Building,3,0.027675276752767528,30,0.027675276752767528
Bank -> Coffee Shop -> Office -> Building,4,0.027675276752767528,30,0.027675276752767528
Bar -> Train Station -> Office -> Building,4,0.027675276752767528,30,0.027675276752767528
Coffee Shop -> Neighborhood -> Office -> Building,4,0.027675276752767528,30,0.027675276752767528
Gym / Fitness Center -> Park -> Office -> Building,4,0.027675276752767528,30,0.027675276752767528
Office -> Hotel -> Coffee Shop -> Building,4,0.027675276752767528,30,0.027675276752767528
Office -> Park -> Building -> Office,4,0.027675276752767528,114,0.030343359063082248
Park -> Subway -> Office -> Building,4,0.027675276752767528,30,0.027675276752767528
Subway -> Building -> Office -> Building,4,0.027675276752767528,30,0.027675276752767528
Subway -> Office -> Clothing Store -> Building,4,0.027675276752767528,30,0.027675276752767528
Train Station -> Coffee Shop -> Train Station -> Building,4,0.027675276752767528,30,0.027675276752767528
Train Station -> Office -> Clothing Store -> Building,4,0.027675276752767528,30,0.027675276752767528
Bank -> Office -> Building -> Office -> Building,5,0.027675276752767528,30,0.027675276752767528
Coffee Shop -> Building -> Office -> Deli / Bodega -> Building,5,0.027675276752767528,30,0.027675276752767528
Gym / Fitness Center -> Coffee Shop -> Deli / Bodega -> Office -> Building,5,0.027675276752767528,30,0.027675276752767528
Office -> Building -> Office -> Clothing Store -> Building,5,0.027675276752767528,30,0.027675276752767528
Office -> Building -> Office -> Train Station -> Building,5,0.027675276752767528,30,0.027675276752767528
Office -> Gym / Fitness Center -> Building -> Office -> Building,5,0.027675276752767528,30,0.027675276752767528
Office -> Park -> Office -> Coffee Shop -> Building,5,0.027675276752767528,30,0.027675276752767528
Park -> Office -> Deli / Bodega -> Coffee Shop -> Building,5,0.027675276752767528,30,0.027675276752767528
Train Station -> Office -> Deli / Bodega -> Office -> Building,5,0.027675276752767528,30,0.027675276752767528
Train Station -> Home (private),2,0.027671177539890932,137,0.027671177539890932
Building -> Office -> Building -> Train Station,4,0.027658559847401048,58,0.027658559847401048
Coffee Shop -> Office -> Clothing Store -> Gym / Fitness Center -> Train Station,5,0.027658559847401048,58,0.027658559847401048
Deli / Bodega -> Building -> Office -> Gym / Fitness Center -> Train Station,5,0.027658559847401048,58,0.027658559847401048
Deli / Bodega -> Coffee Shop -> Office -> Coffee Shop -> Train Station,5,0.027658559847401048,58,0.027658559847401048
Hotel -> Coffee Shop -> Office -> Gym / Fitness Center -> Train Station,5,0.027658559847401048,58,0.027658559847401048
Hotel -> Office -> Deli / Bodega -> Office -> Train Station,5,0.027658559847401048,58,0.027658559847401048
Office -> Clothing Store -> Office -> Coffee Shop -> Train Station,5,0.027658559847401048,58,0.027658559847401048
Office -> Coffee Shop -> Bar -> Office -> Train Station,5,0.027658559847401048,58,0.027658559847401048
Office -> Coffee Shop -> Office -> Clothing Store -> Train Station,5,0.027658559847401048,58,0.027658559847401048
Bank -> Subway,2,0.02764823451032645,83,0.02764823451032645
Drugstore / Pharmacy -> Subway,2,0.02764823451032645,83,0.02764823451032645
Bank -> Subway -> Hotel,3,0.02764823451032645,24,0.028537455410225922
Drugstore / Pharmacy -> Subway -> Office,3,0.02764823451032645,112,0.029811019430396594
Drugstore / Pharmacy -> Subway -> Office -> Clothing Store,4,0.02764823451032645,28,0.0319634703196347
Bank -> Bar,2,0.02761795166858458,120,0.02761795166858458
Bank -> Bar -> Hotel,3,0.02761795166858458,29,0.034482758620689655
Coffee Shop -> Office -> Coffee Shop -> Bar,4,0.02761795166858458,120,0.02761795166858458
Office -> Bar -> American Restaurant -> Bar,4,0.02761795166858458,120,0.02761795166858458
Pizza Place -> Food & Drink Shop,2,0.027540360873694207,58,0.027540360873694207
Coffee Shop -> Office -> Food & Drink Shop -> Park -> Food & Drink Shop,5,0.027540360873694207,58,0.027540360873694207
Gym / Fitness Center -> Coffee Shop -> Office -> Coffee Shop -> Food & Drink Shop,5,0.027540360873694207,58,0.027540360873694207
Office -> Park -> Coffee Shop -> Office -> Food & Drink Shop,5,0.027540360873694207,58,0.027540360873694207
Park -> Office -> Coffee Shop -> Office -> Food & Drink Shop,5,0.027540360873694207,58,0.027540360873694207
Bar -> Gym / Fitness Center -> Office -> Coffee Shop,4,0.027539503386004513,61,0.027539503386004513
Bar -> Office -> Deli / Bodega -> Coffee Shop,4,0.027539503386004513,61,0.027539503386004513
Building -> Coffee Shop -> Building -> Coffee Shop,4,0.027539503386004513,61,0.027539503386004513
Building -> Office -> Subway -> Coffee Shop,4,0.027539503386004513,61,0.027539503386004513
Gym / Fitness Center -> Office -> Clothing Store -> Coffee Shop,4,0.027539503386004513,61,0.027539503386004513
Subway -> Office -> Subway -> Coffee Shop,4,0.027539503386004513,61,0.027539503386004513
Bar -> Office -> Deli / Bodega -> Coffee Shop -> Office,5,0.027539503386004513,108,0.028746340165025287
Building -> Office -> Coffee Shop -> Building -> Coffee Shop,5,0.027539503386004513,61,0.027539503386004513
Building -> Office -> Subway -> Coffee Shop -> Clothing Store,5,0.027539503386004513,34,0.03881278538812785
Building -> Office -> Subway -> Coffee Shop -> Office,5,0.027539503386004513,133,0.035400585573595954
Gym / Fitness Center -> Office -> Clothing Store -> Coffee Shop -> Clothing Store,5,0.027539503386004513,39,0.04452054794520548
Hotel -> Office -> Gym / Fitness Center -> Office -> Coffee Shop,5,0.027539503386004513,61,0.027539503386004513
Office -> Coffee Shop -> Office -> Subway -> Coffee Shop,5,0.027539503386004513,61,0.027539503386004513
Office -> Gym / Fitness Center -> Office -> Gym / Fitness Center -> Coffee Shop,5,0.027539503386004513,61,0.027539503386004513
Bank -> Office -> Bank,3,0.02750809061488673,17,0.02750809061488673
Food & Drink Shop -> Gym / Fitness Center -> Bank,3,0.02750809061488673,17,0.02750809061488673
Hotel -> Gym / Fitness Center -> Bank,3,0.02750809061488673,17,0.02750809061488673
Office -> Clothing Store -> Bank,3,0.02750809061488673,17,0.02750809061488673
Subway -> Building -> Bank,3,0.02750809061488673,17,0.02750809061488673
Coffee Shop -> Office -> American Restaurant -> Bank,4,0.02750809061488673,17,0.02750809061488673
Deli / Bodega -> Park -> Deli / Bodega -> Bank,4,0.02750809061488673,17,0.02750809061488673
Hotel -> Office -> Building -> Bank,4,0.02750809061488673,17,0.02750809061488673
Office -> Gym / Fitness Center -> Coffee Shop -> Bank,4,0.02750809061488673,17,0.02750809061488673
Office -> Neighborhood -> Office -> Bank,4,0.02750809061488673,17,0.02750809061488673
Office -> Subway -> Deli / Bodega -> Bank,4,0.02750809061488673,17,0.02750809061488673
Park -> Gym / Fitness Center -> Office -> Bank,4,0.02750809061488673,17,0.02750809061488673
Park -> Office -> Subway -> Bank,4,0.02750809061488673,17,0.02750809061488673
Subway -> Gym / Fitness Center -> Office -> Bank,4,0.02750809061488673,17,0.02750809061488673
Building -> Coffee Shop -> Office -> Gym / Fitness Center -> Bank,5,0.02750809061488673,17,0.02750809061488673
Coffee Shop -> Deli / Bodega -> Building -> Office -> Bank,5,0.02750809061488673,17,0.02750809061488673
Coffee Shop -> Deli / Bodega -> Office -> Gym / Fitness Center -> Bank,5,0.02750809061488673,17,0.02750809061488673
Coffee Shop -> Office -> Clothing Store -> Office -> Bank,5,0.02750809061488673,17,0.02750809061488673
Coffee Shop -> Office -> Deli / Bodega -> Coffee Shop -> Bank,5,0.02750809061488673,17,0.02750809061488673
Deli / Bodega -> Building -> Office -> Deli / Bodega -> Bank,5,0.02750809061488673,17,0.02750809061488673
Deli / Bodega -> Coffee Shop -> Deli / Bodega -> Office -> Bank,5,0.02750809061488673,17,0.02750809061488673
Deli / Bodega -> Coffee Shop -> Gym / Fitness Center -> Office -> Bank,5,0.02750809061488673,17,0.02750809061488673
Deli / Bodega -> Gym / Fitness Center -> Coffee Shop -> Office -> Bank,5,0.02750809061488673,17,0.02750809061488673
Gym / Fitness Center -> Coffee Shop -> Office -> Coffee Shop -> Bank,5,0.02750809061488673,17,0.02750809061488673
Gym / Fitness Center -> Office -> Clothing Store -> Office -> Bank,5,0.02750809061488673,17,0.02750809061488673
Office -> Coffee Shop -> Building -> Deli / Bodega -> Bank,5,0.02750809061488673,17,0.02750809061488673
Office -> Gym / Fitness Center -> Office -> Subway -> Bank,5,0.02750809061488673,17,0.02750809061488673
Office -> Hotel -> Office -> Deli / Bodega -> Bank,5,0.02750809061488673,17,0.02750809061488673
Office -> Subway -> Deli / Bodega -> Office -> Bank,5,0.02750809061488673,17,0.02750809061488673
Subway -> Coffee Shop -> Gym / Fitness Center -> Office -> Bank,5,0.02750809061488673,17,0.02750809061488673
Subway -> Office -> Clothing Store -> Office -> Bank,5,0.02750809061488673,17,0.02750809061488673
Train Station -> Office -> Coffee Shop -> Office -> Bank,5,0.02750809061488673,17,0.02750809061488673
Bar -> Coffee Shop -> Gym / Fitness Center,3,0.027492819039803038,67,0.027492819039803038
Gym / Fitness Center -> American Restaurant -> Gym / Fitness Center,3,0.027492819039803038,67,0.027492819039803038
Office -> Coffee Shop -> Food & Drink Shop -> Gym / Fitness Center,4,0.027492819039803038,67,0.027492819039803038
Building -> Office -> Food & Drink Shop -> Office -> Gym / Fitness Center,5,0.027492819039803038,67,0.027492819039803038
Coffee Shop -> Building -> Office -> Coffee Shop -> Gym / Fitness Center,5,0.027492819039803038,67,0.027492819039803038
Office -> Coffee Shop -> Subway -> Office -> Gym / Fitness Center,5,0.027492819039803038,67,0.027492819039803038
Office -> Gym / Fitness Center -> Subway -> Office -> Gym / Fitness Center,5,0.027492819039803038,67,0.027492819039803038
Subway -> Coffee Shop -> Office -> Coffee Shop -> Gym / Fitness Center,5,0.027492819039803038,67,0.027492819039803038
Bus Station -> Pizza Place,2,0.02745664739884393,19,0.02745664739884393
Bar -> Hotel -> Pizza Place,3,0.02745664739884393,19,0.02745664739884393
Bar -> Neighborhood -> Pizza Place,3,0.02745664739884393,19,0.02745664739884393
Food & Drink Shop -> Coffee Shop -> Pizza Place,3,0.02745664739884393,19,0.02745664739884393
Home (private) -> Bar -> Pizza Place,3,0.02745664739884393,19,0.02745664739884393
Park -> American Restaurant -> Pizza Place,3,0.02745664739884393,19,0.02745664739884393
American Restaurant -> Bar -> American Restaurant -> Pizza Place,4,0.02745664739884393,19,0.02745664739884393
Bar -> Gym / Fitness Center -> Bar -> Pizza Place,4,0.02745664739884393,19,0.02745664739884393
Coffee Shop -> Clothing Store -> Bar -> Pizza Place,4,0.02745664739884393,19,0.02745664739884393
Coffee Shop -> Food & Drink Shop -> Bar -> Pizza Place,4,0.02745664739884393,19,0.02745664739884393
Gym / Fitness Center -> Office -> Bar -> Pizza Place,4,0.02745664739884393,19,0.02745664739884393
Gym / Fitness Center -> Office -> Gym / Fitness Center -> Pizza Place,4,0.02745664739884393,19,0.02745664739884393
Gym / Fitness Center -> Park -> Bar -> Pizza Place,4,0.02745664739884393,19,0.02745664739884393
Hotel -> Coffee Shop -> Office -> Pizza Place,4,0.02745664739884393,19,0.02745664739884393
Office -> Coffee Shop -> Bar -> Pizza Place,4,0.02745664739884393,19,0.02745664739884393
Subway -> Office -> Coffee Shop -> Pizza Place,4,0.02745664739884393,19,0.02745664739884393
Subway -> Office -> Subway -> Pizza Place,4,0.02745664739884393,19,0.02745664739884393
Coffee Shop -> Office -> Neighborhood -> Office -> Pizza Place,5,0.02745664739884393,19,0.02745664739884393
Office -> Deli / Bodega -> Coffee Shop -> Office -> Pizza Place,5,0.02745664739884393,19,0.02745664739884393
Bank -> Subway -> Office,3,0.027415491083311153,103,0.027415491083311153
Deli / Bodega -> Food & Drink Shop -> Office,3,0.027415491083311153,103,0.027415491083311153
American Restaurant -> Office -> Deli / Bodega -> Office,4,0.027415491083311153,103,0.027415491083311153
Gym / Fitness Center -> Train Station -> Coffee Shop -> Office,4,0.027415491083311153,103,0.027415491083311153
Office -> Building -> Clothing Store -> Office,4,0.027415491083311153,103,0.027415491083311153
American Restaurant -> Office -> Deli / Bodega -> Office -> Clothing Store,5,0.027415491083311153,28,0.0319634703196347
American Restaurant -> Office -> Deli / Bodega -> Office -> Deli / Bodega,5,0.027415491083311153,37,0.03015484922575387
Gym / Fitness Center -> Train Station -> Coffee Shop -> Office -> Clothing Store,5,0.027415491083311153,31,0.03538812785388128
Gym / Fitness Center -> Train Station -> Coffee Shop -> Office -> Train Station,5,0.027415491083311153,78,0.03719599427753934
Office -> Building -> Clothing Store -> Office -> Clothing Store,5,0.027415491083311153,38,0.04337899543378995
Office -> Building -> Clothing Store -> Office -> Hotel,5,0.027415491083311153,26,0.030915576694411414
Office -> Building -> Clothing Store -> Office -> Train Station,5,0.027415491083311153,59,0.028135431568907965
Park -> Deli / Bodega -> Office -> Building -> Office,5,0.027415491083311153,103,0.027415491083311153
Subway -> Office -> Deli / Bodega -> Coffee Shop -> Office,5,0.027415491083311153,103,0.027415491083311153
Deli / Bodega -> Train Station -> Clothing Store,3,0.0273972602739726,24,0.0273972602739726
Gym / Fitness Center -> Drugstore / Pharmacy -> Clothing Store,3,0.0273972602739726,24,0.0273972602739726
Gym / Fitness Center -> Neighborhood -> Clothing Store,3,0.0273972602739726,24,0.0273972602739726
Medical Center -> Office -> Clothing Store,3,0.0273972602739726,24,0.0273972602739726
Office -> Bank -> Clothing Store,3,0.0273972602739726,24,0.0273972602739726
Bar -> Coffee Shop -> Gym / Fitness Center -> Clothing Store,4,0.0273972602739726,24,0.0273972602739726
Building -> Neighborhood -> Office -> Clothing Store,4,0.0273972602739726,24,0.0273972602739726
Coffee Shop -> Bar -> Coffee Shop -> Clothing Store,4,0.0273972602739726,24,0.0273972602739726
Coffee Shop -> Office -> Neighborhood -> Clothing Store,4,0.0273972602739726,24,0.0273972602739726
Coffee Shop -> Train Station -> Coffee Shop -> Clothing Store,4,0.0273972602739726,24,0.0273972602739726
Drugstore / Pharmacy -> Office -> Park -> Clothing Store,4,0.0273972602739726,24,0.0273972602739726
Food & Drink Shop -> Coffee Shop -> Bar -> Clothing Store,4,0.0273972602739726,24,0.0273972602739726
Gym / Fitness Center -> Bar -> Gym / Fitness Center -> Clothing Store,4,0.0273972602739726,24,0.0273972602739726
Hotel -> Office -> Deli / Bodega -> Clothing Store,4,0.0273972602739726,24,0.0273972602739726
Office -> Gym / Fitness Center -> Building -> Clothing Store,4,0.0273972602739726,24,0.0273972602739726
Office -> Gym / Fitness Center -> Deli / Bodega -> Clothing Store,4,0.0273972602739726,24,0.0273972602739726
Park -> Coffee Shop -> Food & Drink Shop -> Clothing Store,4,0.0273972602739726,24,0.0273972602739726
Park -> Gym / Fitness Center -> Bar -> Clothing Store,4,0.0273972602739726,24,0.0273972602739726
Subway -> Clothing Store -> Park -> Clothing Store,4,0.0273972602739726,24,0.0273972602739726
Subway -> Food & Drink Shop -> Office -> Clothing Store,4,0.0273972602739726,24,0.0273972602739726
Bank -> Office -> Building -> Office -> Clothing Store,5,0.0273972602739726,24,0.0273972602739726
Bar -> Coffee Shop -> Office -> Coffee Shop -> Clothing Store,5,0.0273972602739726,24,0.0273972602739726
Bar -> Train Station -> Office -> Deli / Bodega -> Clothing Store,5,0.0273972602739726,24,0.0273972602739726
Building -> Deli / Bodega -> Office -> Gym / Fitness Center -> Clothing Store,5,0.0273972602739726,24,0.0273972602739726
Building -> Office -> Coffee Shop -> Hotel -> Clothing Store,5,0.0273972602739726,24,0.0273972602739726
Building -> Office -> Food & Drink Shop -> Office -> Clothing Store,5,0.0273972602739726,24,0.0273972602739726
Building -> Office -> Train Station -> Coffee Shop -> Clothing Store,5,0.0273972602739726,24,0.0273972602739726
Building -> Subway -> Office -> Gym / Fitness Center -> Clothing Store,5,0.0273972602739726,24,0.0273972602739726
Coffee Shop -> Office -> Subway -> Deli / Bodega -> Clothing Store,5,0.0273972602739726,24,0.0273972602739726
Coffee Shop -> Subway -> Office -> Deli / Bodega -> Clothing Store,5,0.0273972602739726,24,0.0273972602739726
Deli / Bodega -> Building -> Deli / Bodega -> Office -> Clothing Store,5,0.0273972602739726,24,0.0273972602739726
Deli / Bodega -> Gym / Fitness Center -> Coffee Shop -> Office -> Clothing Store,5,0.0273972602739726,24,0.0273972602739726
Deli / Bodega -> Office -> Gym / Fitness Center -> Coffee Shop -> Clothing Store,5,0.0273972602739726,24,0.0273972602739726
Food & Drink Shop -> Office -> Food & Drink Shop -> Park -> Clothing Store,5,0.0273972602739726,24,0.0273972602739726
Gym / Fitness Center -> Building -> Office -> Building -> Clothing Store,5,0.0273972602739726,24,0.0273972602739726
Gym / Fitness Center -> Clothing Store -> Office -> Coffee Shop -> Clothing Store,5,0.0273972602739726,24,0.0273972602739726
Gym / Fitness Center -> Food & Drink Shop -> Office -> Gym / Fitness Center -> Clothing Store,5,0.0273972602739726,24,0.0273972602739726
Gym / Fitness Center -> Hotel -> Office -> Coffee Shop -> Clothing Store,5,0.0273972602739726,24,0.0273972602739726
Gym / Fitness Center -> Office -> Clothing Store -> Building -> Clothing Store,5,0.0273972602739726,24,0.0273972602739726
Gym / Fitness Center -> Park -> Office -> Gym / Fitness Center -> Clothing Store,5,0.0273972602739726,24,0.0273972602739726
Office -> Bank -> Coffee Shop -> Office -> Clothing Store,5,0.0273972602739726,24,0.0273972602739726
Office -> Building -> Neighborhood -> Office -> Clothing Store,5,0.0273972602739726,24,0.0273972602739726
Office -> Coffee Shop -> Bar -> Office -> Clothing Store,5,0.0273972602739726,24,0.0273972602739726
Office -> Coffee Shop -> Clothing Store -> Deli / Bodega -> Clothing Store,5,0.0273972602739726,24,0.0273972602739726
Office -> Coffee Shop -> Gym / Fitness Center -> Bar -> Clothing Store,5,0.0273972602739726,24,0.0273972602739726
Office -> Drugstore / Pharmacy -> Office -> Park -> Clothing Store,5,0.0273972602739726,24,0.0273972602739726
Office -> Food & Drink Shop -> Office -> Park -> Clothing Store,5,0.0273972602739726,24,0.0273972602739726
Office -> Gym / Fitness Center -> Train Station -> Office -> Clothing Store,5,0.0273972602739726,24,0.0273972602739726
Office -> Subway -> Office -> Train Station -> Clothing Store,5,0.0273972602739726,24,0.0273972602739726
Park -> Office -> Coffee Shop -> Gym / Fitness Center -> Clothing Store,5,0.0273972602739726,24,0.0273972602739726
Subway -> Gym / Fitness Center -> Office -> Gym / Fitness Center -> Clothing Store,5,0.0273972602739726,24,0.0273972602739726
Subway -> Office -> Clothing Store -> Deli / Bodega -> Clothing Store,5,0.0273972602739726,24,0.0273972602739726
Subway -> Office -> Coffee Shop -> Food & Drink Shop -> Clothing Store,5,0.0273972602739726,24,0.0273972602739726
Subway -> Office -> Food & Drink Shop -> Park -> Clothing Store,5,0.0273972602739726,24,0.0273972602739726
Train Station -> Gym / Fitness Center -> Office -> Train Station -> Clothing Store,5,0.0273972602739726,24,0.0273972602739726
Train Station -> Neighborhood,2,0.027387120651369355,37,0.027387120651369355
Gym / Fitness Center -> Deli / Bodega -> Office -> Neighborhood,4,0.027387120651369355,37,0.027387120651369355
Gym / Fitness Center -> Office -> Coffee Shop -> Neighborhood,4,0.027387120651369355,37,0.027387120651369355
Subway -> Coffee Shop -> Office -> Neighborhood,4,0.027387120651369355,37,0.027387120651369355
Gym / Fitness Center -> Deli / Bodega -> Office -> Neighborhood -> Office,5,0.027387120651369355,141,0.03752994410433857
Gym / Fitness Center -> Office -> Deli / Bodega -> Office -> Neighborhood,5,0.027387120651369355,37,0.027387120651369355
Subway -> Coffee Shop -> Office -> Neighborhood -> Office,5,0.027387120651369355,113,0.03007718924673942
Hotel -> Pizza Place -> Hotel,3,0.027348394768133173,23,0.027348394768133173
Park -> Bar -> Hotel,3,0.027348394768133173,23,0.027348394768133173
American Restaurant -> Coffee Shop -> Bar -> Hotel,4,0.027348394768133173,23,0.027348394768133173
American Restaurant -> Office -> Gym / Fitness Center -> Hotel,4,0.027348394768133173,23,0.027348394768133173
Building -> Deli / Bodega -> Coffee Shop -> Hotel,4,0.027348394768133173,23,0.027348394768133173
Gym / Fitness Center -> American Restaurant -> Bar -> Hotel,4,0.027348394768133173,23,0.027348394768133173
Gym / Fitness Center -> Office -> Deli / Bodega -> Hotel,4,0.027348394768133173,23,0.027348394768133173
Office -> Gym / Fitness Center -> Food & Drink Shop -> Hotel,4,0.027348394768133173,23,0.027348394768133173
Office -> Hotel -> Train Station -> Hotel,4,0.027348394768133173,23,0.027348394768133173
Park -> American Restaurant -> Bar -> Hotel,4,0.027348394768133173,23,0.027348394768133173
Subway -> Office -> Deli / Bodega -> Hotel,4,0.027348394768133173,23,0.027348394768133173
Train Station -> Office -> Deli / Bodega -> Hotel,4,0.027348394768133173,23,0.027348394768133173
Coffee Shop -> Deli / Bodega -> Building -> Office -> Hotel,5,0.027348394768133173,23,0.027348394768133173
Coffee Shop -> Deli / Bodega -> Office -> Gym / Fitness Center -> Hotel,5,0.027348394768133173,23,0.027348394768133173
Coffee Shop -> Deli / Bodega -> Office -> Train Station -> Hotel,5,0.027348394768133173,23,0.027348394768133173
Deli / Bodega -> Office -> Park -> Office -> Hotel,5,0.027348394768133173,23,0.027348394768133173
Gym / Fitness Center -> Deli / Bodega -> Coffee Shop -> Office -> Hotel,5,0.027348394768133173,23,0.027348394768133173
Hotel -> Office -> Building -> Coffee Shop -> Hotel,5,0.027348394768133173,23,0.027348394768133173
Neighborhood -> Office -> Coffee Shop -> Office -> Hotel,5,0.027348394768133173,23,0.027348394768133173
Office -> Bar -> Coffee Shop -> Office -> Hotel,5,0.027348394768133173,23,0.027348394768133173
Park -> Office -> Gym / Fitness Center -> Office -> Hotel,5,0.027348394768133173,23,0.027348394768133173
Park -> Office -> Subway -> Office -> Hotel,5,0.027348394768133173,23,0.027348394768133173
Train Station -> Coffee Shop -> Office -> Coffee Shop -> Hotel,5,0.027348394768133173,23,0.027348394768133173
Train Station -> Office -> Train Station -> Coffee Shop -> Hotel,5,0.027348394768133173,23,0.027348394768133173
American Restaurant -> Office -> Coffee Shop -> Train Station,4,0.027181688125894134,57,0.027181688125894134
Building -> Coffee Shop -> Gym / Fitness Center -> Train Station,4,0.027181688125894134,57,0.027181688125894134
Coffee Shop -> Train Station -> Building -> Train Station,4,0.027181688125894134,57,0.027181688125894134
Gym / Fitness Center -> Coffee Shop -> Gym / Fitness Center -> Train Station,4,0.027181688125894134,57,0.027181688125894134
Hotel -> Train Station -> Hotel -> Train Station,4,0.027181688125894134,57,0.027181688125894134
Office -> Park -> Office -> Train Station,4,0.027181688125894134,57,0.027181688125894134
Deli / Bodega -> Office -> Clothing Store -> Office -> Train Station,5,0.027181688125894134,57,0.027181688125894134
Deli / Bodega -> Subway -> Office -> Gym / Fitness Center -> Train Station,5,0.027181688125894134,57,0.027181688125894134
Office -> Bar -> Office -> Gym / Fitness Center -> Train Station,5,0.027181688125894134,57,0.027181688125894134
Office -> Coffee Shop -> Gym / Fitness Center -> Coffee Shop -> Train Station,5,0.027181688125894134,57,0.027181688125894134
Office -> Coffee Shop -> Office -> Deli / Bodega -> Train Station,5,0.027181688125894134,57,0.027181688125894134
Office -> Coffee Shop -> Subway -> Office -> Train Station,5,0.027181688125894134,57,0.027181688125894134
Office -> Deli / Bodega -> Office -> Subway -> Train Station,5,0.027181688125894134,57,0.027181688125894134
Subway -> Office -> Building -> Office -> Train Station,5,0.027181688125894134,57,0.027181688125894134
Bus Station -> Park,2,0.027170311464546057,41,0.027170311464546057
Office -> Bank -> Park,3,0.027170311464546057,41,0.027170311464546057
Office -> College Academic Building -> Park,3,0.027170311464546057,41,0.027170311464546057
Office -> Hotel -> Park,3,0.027170311464546057,41,0.027170311464546057
Building -> Office -> Clothing Store -> Park,4,0.027170311464546057,41,0.027170311464546057
Gym / Fitness Center -> Food & Drink Shop -> Clothing Store -> Park,4,0.027170311464546057,41,0.027170311464546057
Gym / Fitness Center -> Park -> Coffee Shop -> Park,4,0.027170311464546057,41,0.027170311464546057
Office -> Clothing Store -> Bar -> Park,4,0.027170311464546057,41,0.027170311464546057
Office -> Park -> Subway -> Park,4,0.027170311464546057,41,0.027170311464546057
Office -> Subway -> Clothing Store -> Park,4,0.027170311464546057,41,0.027170311464546057
Park -> Building -> Office -> Park,4,0.027170311464546057,41,0.027170311464546057
Park -> Coffee Shop -> Food & Drink Shop -> Park,4,0.027170311464546057,41,0.027170311464546057
Subway -> Food & Drink Shop -> Office -> Park,4,0.027170311464546057,41,0.027170311464546057
Coffee Shop -> Gym / Fitness Center -> Park -> Clothing Store -> Park,5,0.027170311464546057,41,0.027170311464546057
Coffee Shop -> Subway -> Coffee Shop -> Office -> Park,5,0.027170311464546057,41,0.027170311464546057
Deli / Bodega -> Office -> Bar -> Office -> Park,5,0.027170311464546057,41,0.027170311464546057
Deli / Bodega -> Park -> Gym / Fitness Center -> Office -> Park,5,0.027170311464546057,41,0.027170311464546057
Gym / Fitness Center -> Coffee Shop -> Office -> Deli / Bodega -> Park,5,0.027170311464546057,41,0.027170311464546057
Gym / Fitness Center -> Office -> Clothing Store -> Office -> Park,5,0.027170311464546057,41,0.027170311464546057
Hotel -> Office -> Deli / Bodega -> Office -> Park,5,0.027170311464546057,41,0.027170311464546057
Office -> Coffee Shop -> Building -> Office -> Park,5,0.027170311464546057,41,0.027170311464546057
Office -> Deli / Bodega -> Office -> Coffee Shop -> Park,5,0.027170311464546057,41,0.027170311464546057
Office -> Subway -> Coffee Shop -> Office -> Park,5,0.027170311464546057,41,0.027170311464546057
Office -> Subway -> Office -> Coffee Shop -> Park,5,0.027170311464546057,41,0.027170311464546057
Subway -> Office -> Park -> Clothing Store -> Park,5,0.027170311464546057,41,0.027170311464546057
Building -> Train Station -> Office,3,0.027149321266968326,102,0.027149321266968326
Building -> Train Station -> Office -> Clothing Store,4,0.027149321266968326,24,0.0273972602739726
Building -> Train Station -> Office -> Train Station,4,0.027149321266968326,84,0.04005722460658083
Office -> Food & Drink Shop -> Coffee Shop -> Office,4,0.027149321266968326,102,0.027149321266968326
Deli / Bodega -> Gym / Fitness Center -> Office -> Park -> Office,5,0.027149321266968326,102,0.027149321266968326
Gym / Fitness Center -> Coffee Shop -> Office -> Train Station -> Office,5,0.027149321266968326,102,0.027149321266968326
Gym / Fitness Center -> Office -> Train Station -> Coffee Shop -> Office,5,0.027149321266968326,102,0.027149321266968326
Office -> Food & Drink Shop -> Coffee Shop -> Office -> Clothing Store,5,0.027149321266968326,29,0.033105022831050226
Office -> Food & Drink Shop -> Coffee Shop -> Office -> Train Station,5,0.027149321266968326,63,0.030042918454935622
Office -> Hotel -> Office -> Clothing Store -> Office,5,0.027149321266968326,102,0.027149321266968326
Subway -> Coffee Shop -> Office -> Clothing Store -> Office,5,0.027149321266968326,102,0.027149321266968326
Coffee Shop -> Park -> College Academic Building,3,0.02714600146735143,37,0.02714600146735143
Office -> Food & Drink Shop -> College Academic Building,3,0.02714600146735143,37,0.02714600146735143
Coffee Shop -> Gym / Fitness Center -> Coffee Shop -> College Academic Building,4,0.02714600146735143,37,0.02714600146735143
Gym / Fitness Center -> Building -> Office -> College Academic Building,4,0.02714600146735143,37,0.02714600146735143
Gym / Fitness Center -> Office -> Gym / Fitness Center -> College Academic Building,4,0.02714600146735143,37,0.02714600146735143
Office -> Food & Drink Shop -> Office -> College Academic Building,4,0.02714600146735143,37,0.02714600146735143
Coffee Shop -> Office -> Building -> Office -> College Academic Building,5,0.02714600146735143,37,0.02714600146735143
Coffee Shop -> Office -> Deli / Bodega -> Coffee Shop -> College Academic Building,5,0.02714600146735143,37,0.02714600146735143
Coffee Shop -> Office -> Subway -> Office -> College Academic Building,5,0.02714600146735143,37,0.02714600146735143
Gym / Fitness Center -> Office -> Deli / Bodega -> Coffee Shop -> College Academic Building,5,0.02714600146735143,37,0.02714600146735143
Office -> Building -> Office -> Coffee Shop -> College Academic Building,5,0.02714600146735143,37,0.02714600146735143
Office -> Coffee Shop -> Office -> Deli / Bodega -> College Academic Building,5,0.02714600146735143,37,0.02714600146735143
Office -> Gym / Fitness Center -> Coffee Shop -> Office -> College Academic Building,5,0.02714600146735143,37,0.02714600146735143
Park -> Office -> Coffee Shop -> Office -> College Academic Building,5,0.02714600146735143,37,0.02714600146735143
Coffee Shop -> Bar -> Bus Station,3,0.02710027100271003,40,0.02710027100271003
Office -> Coffee Shop -> Office -> Bus Station,4,0.02710027100271003,40,0.02710027100271003
Deli / Bodega -> Coffee Shop -> Deli / Bodega -> Coffee Shop,4,0.02708803611738149,60,0.02708803611738149
Drugstore / Pharmacy -> Coffee Shop -> Office -> Coffee Shop,4,0.02708803611738149,60,0.02708803611738149
Hotel -> Office -> Deli / Bodega -> Coffee Shop,4,0.02708803611738149,60,0.02708803611738149
Park -> Building -> Office -> Coffee Shop,4,0.02708803611738149,60,0.02708803611738149
Subway -> Gym / Fitness Center -> Office -> Coffee Shop,4,0.02708803611738149,60,0.02708803611738149
Bar -> Office -> Coffee Shop -> Office -> Coffee Shop,5,0.02708803611738149,60,0.02708803611738149
Building -> Coffee Shop -> Office -> Building -> Coffee Shop,5,0.02708803611738149,60,0.02708803611738149
Coffee Shop -> Train Station -> Office -> Train Station -> Coffee Shop,5,0.02708803611738149,60,0.02708803611738149
Deli / Bodega -> Office -> Neighborhood -> Office -> Coffee Shop,5,0.02708803611738149,60,0.02708803611738149
Drugstore / Pharmacy -> Coffee Shop -> Office -> Coffee Shop -> Clothing Store,5,0.02708803611738149,31,0.03538812785388128
Drugstore / Pharmacy -> Coffee Shop -> Office -> Coffee Shop -> Office,5,0.02708803611738149,132,0.03513441575725313
Drugstore / Pharmacy -> Office -> Coffee Shop -> Office -> Coffee Shop,5,0.02708803611738149,60,0.02708803611738149
Hotel -> Office -> Train Station -> Office -> Coffee Shop,5,0.02708803611738149,60,0.02708803611738149
Park -> Office -> Gym / Fitness Center -> Office -> Coffee Shop,5,0.02708803611738149,60,0.02708803611738149
Train Station -> Office -> Coffee Shop -> Train Station -> Coffee Shop,5,0.02708803611738149,60,0.02708803611738149
Gym / Fitness Center -> Office -> Food & Drink Shop -> Gym / Fitness Center,4,0.02708247845711941,66,0.02708247845711941
Coffee Shop -> Gym / Fitness Center -> Office -> Coffee Shop -> Gym / Fitness Center,5,0.02708247845711941,66,0.02708247845711941
Coffee Shop -> Office -> Park -> Office -> Gym / Fitness Center,5,0.02708247845711941,66,0.02708247845711941
Coffee Shop -> Clothing Store -> Food & Drink Shop,3,0.027065527065527065,57,0.027065527065527065
Coffee Shop -> Neighborhood -> Office -> Food & Drink Shop,4,0.027065527065527065,57,0.027065527065527065
Deli / Bodega -> Neighborhood -> Office -> Food & Drink Shop,4,0.027065527065527065,57,0.027065527065527065
Gym / Fitness Center -> Park -> Office -> Food & Drink Shop,4,0.027065527065527065,57,0.027065527065527065
Office -> Coffee Shop -> Park -> Food & Drink Shop,4,0.027065527065527065,57,0.027065527065527065
Office -> Subway -> Office -> Park -> Food & Drink Shop,5,0.027065527065527065,57,0.027065527065527065
Deli / Bodega -> Office -> Coffee Shop -> Office -> Subway,5,0.02698201199200533,81,0.02698201199200533
Clothing Store -> Subway -> Bar,3,0.026927502876869965,117,0.026927502876869965
Park -> Food & Drink Shop -> Bar,3,0.026927502876869965,117,0.026927502876869965
Clothing Store -> Subway -> Bar -> Pizza Place,4,0.026927502876869965,24,0.03468208092485549
Office -> Food & Drink Shop -> Office -> Bar,4,0.026927502876869965,117,0.026927502876869965
Bank -> Coffee Shop -> Deli / Bodega,3,0.02689486552567237,33,0.02689486552567237
Building -> Subway -> Deli / Bodega,3,0.02689486552567237,33,0.02689486552567237
Deli / Bodega -> College Academic Building -> Deli / Bodega,3,0.02689486552567237,33,0.02689486552567237
Gym / Fitness Center -> Clothing Store -> Deli / Bodega,3,0.02689486552567237,33,0.02689486552567237
Gym / Fitness Center -> Hotel -> Deli / Bodega,3,0.02689486552567237,33,0.02689486552567237
Hotel -> Gym / Fitness Center -> Deli / Bodega,3,0.02689486552567237,33,0.02689486552567237
Train Station -> Coffee Shop -> Deli / Bodega,3,0.02689486552567237,33,0.02689486552567237
Bank -> Deli / Bodega -> Office -> Deli / Bodega,4,0.02689486552567237,33,0.02689486552567237
Building -> Gym / Fitness Center -> Coffee Shop -> Deli / Bodega,4,0.02689486552567237,33,0.02689486552567237
Coffee Shop -> Bank -> Office -> Deli / Bodega,4,0.02689486552567237,33,0.02689486552567237
Drugstore / Pharmacy -> Coffee Shop -> Office -> Deli / Bodega,4,0.02689486552567237,33,0.02689486552567237
Gym / Fitness Center -> Clothing Store -> Deli / Bodega -> Clothing Store,4,0.02689486552567237,25,0.028538812785388126
Hotel -> Office -> Gym / Fitness Center -> Deli / Bodega,4,0.02689486552567237,33,0.02689486552567237
Office -> Deli / Bodega -> Park -> Deli / Bodega,4,0.02689486552567237,33,0.02689486552567237
Subway -> Office -> Subway -> Deli / Bodega,4,0.02689486552567237,33,0.02689486552567237
Train Station -> Office -> Train Station -> Deli / Bodega,4,0.02689486552567237,33,0.02689486552567237
Bank -> Office -> Building -> Office -> Deli / Bodega,5,0.02689486552567237,33,0.02689486552567237
Bar -> Office -> Deli / Bodega -> Coffee Shop -> Deli / Bodega,5,0.02689486552567237,33,0.02689486552567237
Building -> Deli / Bodega -> Coffee Shop -> Office -> Deli / Bodega,5,0.02689486552567237,33,0.02689486552567237
Coffee Shop -> Subway -> Deli / Bodega -> Office -> Deli / Bodega,5,0.02689486552567237,33,0.02689486552567237
Gym / Fitness Center -> Coffee Shop -> Building -> Coffee Shop -> Deli / Bodega,5,0.02689486552567237,33,0.02689486552567237
Gym / Fitness Center -> Office -> Building -> Coffee Shop -> Deli / Bodega,5,0.02689486552567237,33,0.02689486552567237
Hotel -> Office -> Neighborhood -> Office -> Deli / Bodega,5,0.02689486552567237,33,0.02689486552567237
Office -> Building -> Deli / Bodega -> Coffee Shop -> Deli / Bodega,5,0.02689486552567237,33,0.02689486552567237
Office -> Coffee Shop -> Hotel -> Office -> Deli / Bodega,5,0.02689486552567237,33,0.02689486552567237
Office -> Coffee Shop -> Office -> College Academic Building -> Deli / Bodega,5,0.02689486552567237,33,0.02689486552567237
Office -> Gym / Fitness Center -> Office -> Building -> Deli / Bodega,5,0.02689486552567237,33,0.02689486552567237
Office -> Hotel -> Coffee Shop -> Office -> Deli / Bodega,5,0.02689486552567237,33,0.02689486552567237
Office -> Park -> Deli / Bodega -> Office -> Deli / Bodega,5,0.02689486552567237,33,0.02689486552567237
Park -> Deli / Bodega -> Coffee Shop -> Office -> Deli / Bodega,5,0.02689486552567237,33,0.02689486552567237
Subway -> Office -> Clothing Store -> Office -> Deli / Bodega,5,0.02689486552567237,33,0.02689486552567237
Train Station -> Coffee Shop -> Office -> Coffee Shop -> Deli / Bodega,5,0.02689486552567237,33,0.02689486552567237
Subway -> Coffee Shop -> Clothing Store -> Office,4,0.0268831514506255,101,0.0268831514506255
Bar -> Coffee Shop -> Office -> Coffee Shop -> Office,5,0.0268831514506255,101,0.0268831514506255
Coffee Shop -> Hotel -> Office -> Deli / Bodega -> Office,5,0.0268831514506255,101,0.0268831514506255
Coffee Shop -> Office -> Coffee Shop -> Hotel -> Office,5,0.0268831514506255,101,0.0268831514506255
Deli / Bodega -> Office -> Park -> Gym / Fitness Center -> Office,5,0.0268831514506255,101,0.0268831514506255
Gym / Fitness Center -> Building -> Office -> Deli / Bodega -> Office,5,0.0268831514506255,101,0.0268831514506255
Hotel -> Office -> Deli / Bodega -> Coffee Shop -> Office,5,0.0268831514506255,101,0.0268831514506255
Office -> Neighborhood -> Office -> Deli / Bodega -> Office,5,0.0268831514506255,101,0.0268831514506255
Office -> Subway -> Office -> Neighborhood -> Office,5,0.0268831514506255,101,0.0268831514506255
Subway -> Coffee Shop -> Clothing Store -> Office -> Clothing Store,5,0.0268831514506255,41,0.04680365296803653
Subway -> Coffee Shop -> Clothing Store -> Office -> Hotel,5,0.0268831514506255,27,0.03210463733650416
Subway -> Coffee Shop -> Clothing Store -> Office -> Train Station,5,0.0268831514506255,59,0.028135431568907965
Subway -> Coffee Shop -> Office -> Train Station -> Office,5,0.0268831514506255,101,0.0268831514506255
Bar -> Clothing Store -> American Restaurant,3,0.026794258373205742,28,0.026794258373205742
Gym / Fitness Center -> Deli / Bodega -> American Restaurant,3,0.026794258373205742,28,0.026794258373205742
Coffee Shop -> Deli / Bodega -> Office -> American Restaurant,4,0.026794258373205742,28,0.026794258373205742
Coffee Shop -> Food & Drink Shop -> Bar -> American Restaurant,4,0.026794258373205742,28,0.026794258373205742
Food & Drink Shop -> Coffee Shop -> Office -> American Restaurant,4,0.026794258373205742,28,0.026794258373205742
Food & Drink Shop -> Office -> Bar -> American Restaurant,4,0.026794258373205742,28,0.026794258373205742
Food & Drink Shop -> Office -> Food & Drink Shop -> American Restaurant,4,0.026794258373205742,28,0.026794258373205742
Gym / Fitness Center -> Office -> Gym / Fitness Center -> American Restaurant,4,0.026794258373205742,28,0.026794258373205742
Gym / Fitness Center -> Office -> Park -> American Restaurant,4,0.026794258373205742,28,0.026794258373205742
Hotel -> Coffee Shop -> Office -> American Restaurant,4,0.026794258373205742,28,0.026794258373205742
Office -> Park -> Bar -> American Restaurant,4,0.026794258373205742,28,0.026794258373205742
Bar -> Office -> Deli / Bodega -> Office -> American Restaurant,5,0.026794258373205742,28,0.026794258373205742
Office -> Coffee Shop -> Building -> Office -> American Restaurant,5,0.026794258373205742,28,0.026794258373205742
Office -> Food & Drink Shop -> Office -> Park -> American Restaurant,5,0.026794258373205742,28,0.026794258373205742
Bank -> Coffee Shop -> Building,3,0.026752767527675275,29,0.026752767527675275
Building -> Gym / Fitness Center -> Building,3,0.026752767527675275,29,0.026752767527675275
Coffee Shop -> Bar -> Building,3,0.026752767527675275,29,0.026752767527675275
Food & Drink Shop -> Gym / Fitness Center -> Building,3,0.026752767527675275,29,0.026752767527675275
Gym / Fitness Center -> Bar -> Building,3,0.026752767527675275,29,0.026752767527675275
Gym / Fitness Center -> Hotel -> Building,3,0.026752767527675275,29,0.026752767527675275
Park -> Deli / Bodega -> Building,3,0.026752767527675275,29,0.026752767527675275
Building -> Clothing Store -> Office -> Building,4,0.026752767527675275,29,0.026752767527675275
Building -> Gym / Fitness Center -> Office -> Building,4,0.026752767527675275,29,0.026752767527675275
Coffee Shop -> Subway -> Coffee Shop -> Building,4,0.026752767527675275,29,0.026752767527675275
Hotel -> Train Station -> Office -> Building,4,0.026752767527675275,29,0.026752767527675275
Office -> Subway -> Coffee Shop -> Building,4,0.026752767527675275,29,0.026752767527675275
Park -> Building -> Office -> Building,4,0.026752767527675275,29,0.026752767527675275
Coffee Shop -> Building -> Deli / Bodega -> Office -> Building,5,0.026752767527675275,29,0.026752767527675275
Coffee Shop -> Building -> Office -> Gym / Fitness Center -> Building,5,0.026752767527675275,29,0.026752767527675275
Coffee Shop -> Deli / Bodega -> Office -> Gym / Fitness Center -> Building,5,0.026752767527675275,29,0.026752767527675275
Coffee Shop -> Office -> American Restaurant -> Office -> Building,5,0.026752767527675275,29,0.026752767527675275
Deli / Bodega -> Building -> Deli / Bodega -> Office -> Building,5,0.026752767527675275,29,0.026752767527675275
Deli / Bodega -> Office -> Hotel -> Office -> Building,5,0.026752767527675275,29,0.026752767527675275
Deli / Bodega -> Park -> Office -> Coffee Shop -> Building,5,0.026752767527675275,29,0.026752767527675275
Gym / Fitness Center -> Coffee Shop -> Office -> Deli / Bodega -> Building,5,0.026752767527675275,29,0.026752767527675275
Office -> Coffee Shop -> Building -> Coffee Shop -> Building,5,0.026752767527675275,29,0.026752767527675275
Office -> Gym / Fitness Center -> Deli / Bodega -> Office -> Building,5,0.026752767527675275,29,0.026752767527675275
Park -> Deli / Bodega -> Office -> Coffee Shop -> Building,5,0.026752767527675275,29,0.026752767527675275
Park -> Office -> Building -> Office -> Building,5,0.026752767527675275,29,0.026752767527675275
Train Station -> Office -> Clothing Store -> Office -> Building,5,0.026752767527675275,29,0.026752767527675275
Coffee Shop -> Clothing Store -> Train Station,3,0.02670481640438722,56,0.02670481640438722
Hotel -> Building -> Office -> Train Station,4,0.02670481640438722,56,0.02670481640438722
Subway -> Office -> Coffee Shop -> Train Station,4,0.02670481640438722,56,0.02670481640438722
Building -> Subway -> Coffee Shop -> Office -> Train Station,5,0.02670481640438722,56,0.02670481640438722
Coffee Shop -> Office -> Train Station -> Clothing Store -> Train Station,5,0.02670481640438722,56,0.02670481640438722
Hotel -> Office -> Bar -> Office -> Train Station,5,0.02670481640438722,56,0.02670481640438722
Hotel -> Office -> Clothing Store -> Office -> Train Station,5,0.02670481640438722,56,0.02670481640438722
Subway -> Office -> Deli / Bodega -> Office -> Train Station,5,0.02670481640438722,56,0.02670481640438722
Train Station -> Coffee Shop -> Building -> Office -> Train Station,5,0.02670481640438722,56,0.02670481640438722
Park -> Medical Center,2,0.026696329254727477,24,0.026696329254727477
Clothing Store -> Bar -> Gym / Fitness Center,3,0.026672137874435783,65,0.026672137874435783
Coffee Shop -> Neighborhood -> Office -> Gym / Fitness Center,4,0.026672137874435783,65,0.026672137874435783
Park -> Office -> Park -> Gym / Fitness Center,4,0.026672137874435783,65,0.026672137874435783
Coffee Shop -> Neighborhood -> Office -> Gym / Fitness Center -> Train Station,5,0.026672137874435783,61,0.029089175011921792
Coffee Shop -> Subway -> Coffee Shop -> Office -> Gym / Fitness Center,5,0.026672137874435783,65,0.026672137874435783
Office -> Park -> Coffee Shop -> Office -> Gym / Fitness Center,5,0.026672137874435783,65,0.026672137874435783
Office -> Park -> Subway -> Office -> Gym / Fitness Center,5,0.026672137874435783,65,0.026672137874435783
Office -> Subway -> Office -> Coffee Shop -> Gym / Fitness Center,5,0.026672137874435783,65,0.026672137874435783
Park -> Office -> Deli / Bodega -> Office -> Gym / Fitness Center,5,0.026672137874435783,65,0.026672137874435783
Coffee Shop -> Office -> Gym / Fitness Center -> Subway,4,0.02664890073284477,80,0.02664890073284477
Coffee Shop -> Office -> Gym / Fitness Center -> Subway -> Office,5,0.02664890073284477,107,0.02848017034868246
Drugstore / Pharmacy -> Neighborhood,2,0.026646928201332347,36,0.026646928201332347
Building -> Coffee Shop -> Neighborhood,3,0.026646928201332347,36,0.026646928201332347
Gym / Fitness Center -> Bar -> Neighborhood,3,0.026646928201332347,36,0.026646928201332347
Coffee Shop -> Office -> Deli / Bodega -> Office -> Neighborhood,5,0.026646928201332347,36,0.026646928201332347
American Restaurant -> Residential Building (Apartment / Condo),2,0.02664129400570885,28,0.02664129400570885
Deli / Bodega -> Residential Building (Apartment / Condo),2,0.02664129400570885,28,0.02664129400570885
Bus Station -> Office -> Coffee Shop,3,0.026636568848758466,59,0.026636568848758466
Food & Drink Shop -> Bar -> Coffee Shop,3,0.026636568848758466,59,0.026636568848758466
Park -> Gym / Fitness Center -> Coffee Shop,3,0.026636568848758466,59,0.026636568848758466
Bus Station -> Office -> Coffee Shop -> Clothing Store,4,0.026636568848758466,24,0.0273972602739726
Bus Station -> Office -> Coffee Shop -> Office,4,0.026636568848758466,129,0.03433590630822465
Coffee Shop -> Food & Drink Shop -> Office -> Coffee Shop,4,0.026636568848758466,59,0.026636568848758466
Neighborhood -> Office -> Gym / Fitness Center -> Coffee Shop,4,0.026636568848758466,59,0.026636568848758466
Office -> Deli / Bodega -> Building -> Coffee Shop,4,0.026636568848758466,59,0.026636568848758466
Subway -> Deli / Bodega -> Office -> Coffee Shop,4,0.026636568848758466,59,0.026636568848758466
Bus Station -> Office -> Coffee Shop -> Office -> Clothing Store,5,0.026636568848758466,32,0.0365296803652968
Bus Station -> Office -> Coffee Shop -> Office -> Hotel,5,0.026636568848758466,28,0.03329369797859691
Coffee Shop -> Food & Drink Shop -> Office -> Coffee Shop -> Clothing Store,5,0.026636568848758466,29,0.033105022831050226
Coffee Shop -> Office -> Building -> Deli / Bodega -> Coffee Shop,5,0.026636568848758466,59,0.026636568848758466
Deli / Bodega -> Office -> Clothing Store -> Office -> Coffee Shop,5,0.026636568848758466,59,0.026636568848758466
Office -> Deli / Bodega -> Building -> Coffee Shop -> Clothing Store,5,0.026636568848758466,25,0.028538812785388126
Office -> Deli / Bodega -> Office -> Train Station -> Coffee Shop,5,0.026636568848758466,59,0.026636568848758466
Office -> Gym / Fitness Center -> Building -> Office -> Coffee Shop,5,0.026636568848758466,59,0.026636568848758466
Subway -> Deli / Bodega -> Office -> Coffee Shop -> Office,5,0.026636568848758466,129,0.03433590630822465
American Restaurant -> Office -> Train Station -> Office,4,0.026616981634282673,100,0.026616981634282673
Office -> Coffee Shop -> Food & Drink Shop -> Office,4,0.026616981634282673,100,0.026616981634282673
American Restaurant -> Office -> Train Station -> Office -> Clothing Store,5,0.026616981634282673,26,0.02968036529680365
American Restaurant -> Office -> Train Station -> Office -> Train Station,5,0.026616981634282673,67,0.03195040534096328
Office -> Coffee Shop -> Food & Drink Shop -> Office -> Clothing Store,5,0.026616981634282673,28,0.0319634703196347
Subway -> Office -> Subway -> Coffee Shop -> Office,5,0.026616981634282673,100,0.026616981634282673
Bank -> Office -> Drugstore / Pharmacy,3,0.026602176541717048,22,0.026602176541717048
Coffee Shop -> Clothing Store -> Drugstore / Pharmacy,3,0.026602176541717048,22,0.026602176541717048
Gym / Fitness Center -> Food & Drink Shop -> Drugstore / Pharmacy,3,0.026602176541717048,22,0.026602176541717048
Office -> Hotel -> Drugstore / Pharmacy,3,0.026602176541717048,22,0.026602176541717048
Building -> Office -> Coffee Shop -> Drugstore / Pharmacy,4,0.026602176541717048,22,0.026602176541717048
Coffee Shop -> Office -> Deli / Bodega -> Drugstore / Pharmacy,4,0.026602176541717048,22,0.026602176541717048
Coffee Shop -> Office -> Park -> Drugstore / Pharmacy,4,0.026602176541717048,22,0.026602176541717048
Deli / Bodega -> Office -> Deli / Bodega -> Drugstore / Pharmacy,4,0.026602176541717048,22,0.026602176541717048
Food & Drink Shop -> Office -> Coffee Shop -> Drugstore / Pharmacy,4,0.026602176541717048,22,0.026602176541717048
Office -> Building -> Coffee Shop -> Drugstore / Pharmacy,4,0.026602176541717048,22,0.026602176541717048
Office -> Neighborhood -> Office -> Drugstore / Pharmacy,4,0.026602176541717048,22,0.026602176541717048
Park -> Office -> Gym / Fitness Center -> Drugstore / Pharmacy,4,0.026602176541717048,22,0.026602176541717048
Subway -> Office -> Gym / Fitness Center -> Drugstore / Pharmacy,4,0.026602176541717048,22,0.026602176541717048
Deli / Bodega -> Office -> Gym / Fitness Center -> Office -> Drugstore / Pharmacy,5,0.026602176541717048,22,0.026602176541717048
Gym / Fitness Center -> Office -> Food & Drink Shop -> Office -> Drugstore / Pharmacy,5,0.026602176541717048,22,0.026602176541717048
Gym / Fitness Center -> Subway -> Office -> Coffee Shop -> Drugstore / Pharmacy,5,0.026602176541717048,22,0.026602176541717048
Office -> Coffee Shop -> Gym / Fitness Center -> Office -> Drugstore / Pharmacy,5,0.026602176541717048,22,0.026602176541717048
Train Station -> Food & Drink Shop,2,0.026590693257359924,56,0.026590693257359924
Train Station -> Food & Drink Shop -> Train Station,3,0.026590693257359924,70,0.03338102050548403
Gym / Fitness Center -> Deli / Bodega -> Office -> Food & Drink Shop,4,0.026590693257359924,56,0.026590693257359924
Office -> Hotel -> Office -> Food & Drink Shop,4,0.026590693257359924,56,0.026590693257359924
Office -> Park -> Gym / Fitness Center -> Food & Drink Shop,4,0.026590693257359924,56,0.026590693257359924
Park -> Neighborhood -> Office -> Food & Drink Shop,4,0.026590693257359924,56,0.026590693257359924
Subway -> Neighborhood -> Office -> Food & Drink Shop,4,0.026590693257359924,56,0.026590693257359924
Subway -> Office -> Gym / Fitness Center -> Food & Drink Shop,4,0.026590693257359924,56,0.026590693257359924
Building -> Office -> Neighborhood -> Office -> Food & Drink Shop,5,0.026590693257359924,56,0.026590693257359924
Deli / Bodega -> Park -> Coffee Shop -> Office -> Food & Drink Shop,5,0.026590693257359924,56,0.026590693257359924
Gym / Fitness Center -> Subway -> Coffee Shop -> Office -> Food & Drink Shop,5,0.026590693257359924,56,0.026590693257359924
Park -> Office -> Neighborhood -> Office -> Food & Drink Shop,5,0.026590693257359924,56,0.026590693257359924
Home (private) -> Park,2,0.026507620941020542,40,0.026507620941020542
American Restaurant -> Bar -> Park,3,0.026507620941020542,40,0.026507620941020542
Deli / Bodega -> Coffee Shop -> Park,3,0.026507620941020542,40,0.026507620941020542
Coffee Shop -> American Restaurant -> Office -> Park,4,0.026507620941020542,40,0.026507620941020542
Deli / Bodega -> Neighborhood -> Office -> Park,4,0.026507620941020542,40,0.026507620941020542
Deli / Bodega -> Office -> Clothing Store -> Park,4,0.026507620941020542,40,0.026507620941020542
Hotel -> Gym / Fitness Center -> Office -> Park,4,0.026507620941020542,40,0.026507620941020542
Hotel -> Office -> Coffee Shop -> Park,4,0.026507620941020542,40,0.026507620941020542
Hotel -> Office -> Deli / Bodega -> Park,4,0.026507620941020542,40,0.026507620941020542
Neighborhood -> Coffee Shop -> Office -> Park,4,0.026507620941020542,40,0.026507620941020542
Neighborhood -> Office -> Gym / Fitness Center -> Park,4,0.026507620941020542,40,0.026507620941020542
Office -> Gym / Fitness Center -> Coffee Shop -> Park,4,0.026507620941020542,40,0.026507620941020542
Park -> Neighborhood -> Office -> Park,4,0.026507620941020542,40,0.026507620941020542
Park -> Office -> Bar -> Park,4,0.026507620941020542,40,0.026507620941020542
Coffee Shop -> Food & Drink Shop -> Office -> Food & Drink Shop -> Park,5,0.026507620941020542,40,0.026507620941020542
Coffee Shop -> Gym / Fitness Center -> Office -> Clothing Store -> Park,5,0.026507620941020542,40,0.026507620941020542
Coffee Shop -> Office -> Coffee Shop -> Deli / Bodega -> Park,5,0.026507620941020542,40,0.026507620941020542
Coffee Shop -> Office -> Coffee Shop -> Gym / Fitness Center -> Park,5,0.026507620941020542,40,0.026507620941020542
Deli / Bodega -> Office -> Park -> Gym / Fitness Center -> Park,5,0.026507620941020542,40,0.026507620941020542
Deli / Bodega -> Subway -> Office -> Food & Drink Shop -> Park,5,0.026507620941020542,40,0.026507620941020542
Gym / Fitness Center -> Coffee Shop -> Deli / Bodega -> Office -> Park,5,0.026507620941020542,40,0.026507620941020542
Gym / Fitness Center -> Coffee Shop -> Office -> Clothing Store -> Park,5,0.026507620941020542,40,0.026507620941020542
Gym / Fitness Center -> Deli / Bodega -> Office -> Gym / Fitness Center -> Park,5,0.026507620941020542,40,0.026507620941020542
Gym / Fitness Center -> Park -> Office -> Food & Drink Shop -> Park,5,0.026507620941020542,40,0.026507620941020542
Gym / Fitness Center -> Subway -> Office -> Gym / Fitness Center -> Park,5,0.026507620941020542,40,0.026507620941020542
Office -> Park -> Deli / Bodega -> Office -> Park,5,0.026507620941020542,40,0.026507620941020542
Park -> Office -> Neighborhood -> Office -> Park,5,0.026507620941020542,40,0.026507620941020542
Coffee Shop -> Bar -> Hotel -> Bar,4,0.026467203682393557,115,0.026467203682393557
Coffee Shop -> Bar -> Hotel -> Bar -> Hotel,5,0.026467203682393557,24,0.028537455410225922
Bus Station -> College Academic Building,2,0.02641232575201761,36,0.02641232575201761
Clothing Store -> Bar -> College Academic Building,3,0.02641232575201761,36,0.02641232575201761
Hotel -> Office -> College Academic Building,3,0.02641232575201761,36,0.02641232575201761
Office -> Subway -> College Academic Building,3,0.02641232575201761,36,0.02641232575201761
Building -> Deli / Bodega -> Office -> College Academic Building,4,0.02641232575201761,36,0.02641232575201761
Coffee Shop -> Building -> Office -> College Academic Building,4,0.02641232575201761,36,0.02641232575201761
Hotel -> Office -> Coffee Shop -> College Academic Building,4,0.02641232575201761,36,0.02641232575201761
Hotel -> Office -> Deli / Bodega -> College Academic Building,4,0.02641232575201761,36,0.02641232575201761
Office -> Building -> Coffee Shop -> College Academic Building,4,0.02641232575201761,36,0.02641232575201761
Subway -> Office -> Gym / Fitness Center -> Office -> College Academic Building,5,0.02641232575201761,36,0.02641232575201761
Office -> Neighborhood -> Building -> Office,4,0.026350811817939846,99,0.026350811817939846
Subway -> Gym / Fitness Center -> Coffee Shop -> Office,4,0.026350811817939846,99,0.026350811817939846
Coffee Shop -> Hotel -> Office -> Neighborhood -> Office,5,0.026350811817939846,99,0.026350811817939846
Deli / Bodega -> Building -> Office -> Gym / Fitness Center -> Office,5,0.026350811817939846,99,0.026350811817939846
Office -> Coffee Shop -> Gym / Fitness Center -> Coffee Shop -> Office,5,0.026350811817939846,99,0.026350811817939846
Office -> Train Station -> Coffee Shop -> Building -> Office,5,0.026350811817939846,99,0.026350811817939846
Subway -> Coffee Shop -> Office -> Subway,4,0.02631578947368421,79,0.02631578947368421
Subway -> Coffee Shop -> Office -> Subway -> Clothing Store,5,0.02631578947368421,24,0.0273972602739726
Subway -> Coffee Shop -> Office -> Subway -> Office,5,0.02631578947368421,125,0.03327122704285334
Coffee Shop -> Clothing Store -> Office -> Gym / Fitness Center,4,0.026261797291752154,64,0.026261797291752154
Office -> Gym / Fitness Center -> Bar -> Gym / Fitness Center,4,0.026261797291752154,64,0.026261797291752154
Coffee Shop -> Clothing Store -> Office -> Gym / Fitness Center -> Clothing Store,5,0.026261797291752154,26,0.02968036529680365
Office -> Building -> Deli / Bodega -> Office -> Gym / Fitness Center,5,0.026261797291752154,64,0.026261797291752154
College Academic Building -> Food & Drink Shop -> Clothing Store,3,0.026255707762557076,23,0.026255707762557076
Drugstore / Pharmacy -> Deli / Bodega -> Clothing Store,3,0.026255707762557076,23,0.026255707762557076
Food & Drink Shop -> Train Station -> Clothing Store,3,0.026255707762557076,23,0.026255707762557076
American Restaurant -> Office -> Park -> Clothing Store,4,0.026255707762557076,23,0.026255707762557076
Bar -> Gym / Fitness Center -> Train Station -> Clothing Store,4,0.026255707762557076,23,0.026255707762557076
Bar -> Subway -> Office -> Clothing Store,4,0.026255707762557076,23,0.026255707762557076
Coffee Shop -> Clothing Store -> Park -> Clothing Store,4,0.026255707762557076,23,0.026255707762557076
Coffee Shop -> College Academic Building -> Coffee Shop -> Clothing Store,4,0.026255707762557076,23,0.026255707762557076
Coffee Shop -> Park -> Gym / Fitness Center -> Clothing Store,4,0.026255707762557076,23,0.026255707762557076
Coffee Shop -> Subway -> Building -> Clothing Store,4,0.026255707762557076,23,0.026255707762557076
Deli / Bodega -> Bank -> Office -> Clothing Store,4,0.026255707762557076,23,0.026255707762557076
Deli / Bodega -> Coffee Shop -> Gym / Fitness Center -> Clothing Store,4,0.026255707762557076,23,0.026255707762557076
Deli / Bodega -> Hotel -> Office -> Clothing Store,4,0.026255707762557076,23,0.026255707762557076
Deli / Bodega -> Office -> College Academic Building -> Clothing Store,4,0.026255707762557076,23,0.026255707762557076
Deli / Bodega -> Park -> Coffee Shop -> Clothing Store,4,0.026255707762557076,23,0.026255707762557076
Food & Drink Shop -> Clothing Store -> Park -> Clothing Store,4,0.026255707762557076,23,0.026255707762557076
Hotel -> Coffee Shop -> Hotel -> Clothing Store,4,0.026255707762557076,23,0.026255707762557076
Hotel -> Office -> Hotel -> Clothing Store,4,0.026255707762557076,23,0.026255707762557076
Hotel -> Train Station -> Office -> Clothing Store,4,0.026255707762557076,23,0.026255707762557076
Office -> Gym / Fitness Center -> Food & Drink Shop -> Clothing Store,4,0.026255707762557076,23,0.026255707762557076
Office -> Park -> Gym / Fitness Center -> Clothing Store,4,0.026255707762557076,23,0.026255707762557076
Park -> Clothing Store -> Park -> Clothing Store,4,0.026255707762557076,23,0.026255707762557076
Park -> Food & Drink Shop -> Park -> Clothing Store,4,0.026255707762557076,23,0.026255707762557076
Park -> Office -> Subway -> Clothing Store,4,0.026255707762557076,23,0.026255707762557076
Bank -> Coffee Shop -> Office -> Coffee Shop -> Clothing Store,5,0.026255707762557076,23,0.026255707762557076
Building -> Coffee Shop -> Building -> Coffee Shop -> Clothing Store,5,0.026255707762557076,23,0.026255707762557076
Building -> Office -> Coffee Shop -> Deli / Bodega -> Clothing Store,5,0.026255707762557076,23,0.026255707762557076
Building -> Office -> Deli / Bodega -> Coffee Shop -> Clothing Store,5,0.026255707762557076,23,0.026255707762557076
Coffee Shop -> Clothing Store -> Office -> Building -> Clothing Store,5,0.026255707762557076,23,0.026255707762557076
Coffee Shop -> Gym / Fitness Center -> Park -> Gym / Fitness Center -> Clothing Store,5,0.026255707762557076,23,0.026255707762557076
Coffee Shop -> Neighborhood -> Office -> Coffee Shop -> Clothing Store,5,0.026255707762557076,23,0.026255707762557076
Coffee Shop -> Office -> Clothing Store -> Building -> Clothing Store,5,0.026255707762557076,23,0.026255707762557076
Coffee Shop -> Office -> Coffee Shop -> Bar -> Clothing Store,5,0.026255707762557076,23,0.026255707762557076
Coffee Shop -> Office -> Drugstore / Pharmacy -> Office -> Clothing Store,5,0.026255707762557076,23,0.026255707762557076
Coffee Shop -> Office -> Food & Drink Shop -> Gym / Fitness Center -> Clothing Store,5,0.026255707762557076,23,0.026255707762557076
Coffee Shop -> Office -> Hotel -> Coffee Shop -> Clothing Store,5,0.026255707762557076,23,0.026255707762557076
Coffee Shop -> Office -> Subway -> Park -> Clothing Store,5,0.026255707762557076,23,0.026255707762557076
Deli / Bodega -> Office -> Bank -> Office -> Clothing Store,5,0.026255707762557076,23,0.026255707762557076
Gym / Fitness Center -> Building -> Office -> Deli / Bodega -> Clothing Store,5,0.026255707762557076,23,0.026255707762557076
Gym / Fitness Center -> Deli / Bodega -> Office -> Deli / Bodega -> Clothing Store,5,0.026255707762557076,23,0.026255707762557076
Gym / Fitness Center -> Office -> Coffee Shop -> Hotel -> Clothing Store,5,0.026255707762557076,23,0.026255707762557076
Gym / Fitness Center -> Office -> Train Station -> Coffee Shop -> Clothing Store,5,0.026255707762557076,23,0.026255707762557076
Gym / Fitness Center -> Park -> Office -> Park -> Clothing Store,5,0.026255707762557076,23,0.026255707762557076
Office -> Building -> Coffee Shop -> Building -> Clothing Store,5,0.026255707762557076,23,0.026255707762557076
Office -> Building -> Hotel -> Office -> Clothing Store,5,0.026255707762557076,23,0.026255707762557076
Office -> Building -> Office -> Hotel -> Clothing Store,5,0.026255707762557076,23,0.026255707762557076
Office -> Coffee Shop -> Clothing Store -> Building -> Clothing Store,5,0.026255707762557076,23,0.026255707762557076
Office -> Coffee Shop -> Train Station -> Coffee Shop -> Clothing Store,5,0.026255707762557076,23,0.026255707762557076
Office -> Deli / Bodega -> Office -> Food & Drink Shop -> Clothing Store,5,0.026255707762557076,23,0.026255707762557076
Office -> Neighborhood -> Office -> Food & Drink Shop -> Clothing Store,5,0.026255707762557076,23,0.026255707762557076
Office -> Subway -> Coffee Shop -> Building -> Clothing Store,5,0.026255707762557076,23,0.026255707762557076
Office -> Subway -> Neighborhood -> Office -> Clothing Store,5,0.026255707762557076,23,0.026255707762557076
Office -> Subway -> Office -> Subway -> Clothing Store,5,0.026255707762557076,23,0.026255707762557076
Subway -> Coffee Shop -> Office -> Park -> Clothing Store,5,0.026255707762557076,23,0.026255707762557076
Subway -> Deli / Bodega -> Office -> Coffee Shop -> Clothing Store,5,0.026255707762557076,23,0.026255707762557076
Subway -> Gym / Fitness Center -> Office -> Coffee Shop -> Clothing Store,5,0.026255707762557076,23,0.026255707762557076
Subway -> Office -> Coffee Shop -> Building -> Clothing Store,5,0.026255707762557076,23,0.026255707762557076
Subway -> Office -> Park -> Food & Drink Shop -> Clothing Store,5,0.026255707762557076,23,0.026255707762557076
Train Station -> Coffee Shop -> Office -> Building -> Clothing Store,5,0.026255707762557076,23,0.026255707762557076
Train Station -> Coffee Shop -> Office -> Train Station -> Clothing Store,5,0.026255707762557076,23,0.026255707762557076
Train Station -> Office -> Coffee Shop -> Train Station -> Clothing Store,5,0.026255707762557076,23,0.026255707762557076
Train Station -> Office -> Deli / Bodega -> Coffee Shop -> Clothing Store,5,0.026255707762557076,23,0.026255707762557076
Coffee Shop -> Deli / Bodega -> Train Station,3,0.026227944682880304,55,0.026227944682880304
Gym / Fitness Center -> Subway -> Train Station,3,0.026227944682880304,55,0.026227944682880304
Train Station -> American Restaurant -> Train Station,3,0.026227944682880304,55,0.026227944682880304
Train Station -> Drugstore / Pharmacy -> Train Station,3,0.026227944682880304,55,0.026227944682880304
Office -> Coffee Shop -> Hotel -> Train Station,4,0.026227944682880304,55,0.026227944682880304
Train Station -> Office -> Clothing Store -> Train Station,4,0.026227944682880304,55,0.026227944682880304
Coffee Shop -> Subway -> Office -> Gym / Fitness Center -> Train Station,5,0.026227944682880304,55,0.026227944682880304
Gym / Fitness Center -> Office -> Gym / Fitness Center -> Office -> Train Station,5,0.026227944682880304,55,0.026227944682880304
Office -> Gym / Fitness Center -> Office -> Coffee Shop -> Train Station,5,0.026227944682880304,55,0.026227944682880304
Office -> Subway -> Deli / Bodega -> Office -> Train Station,5,0.026227944682880304,55,0.026227944682880304
Bus Station -> Subway -> Office -> Coffee Shop,4,0.02618510158013544,58,0.02618510158013544
Coffee Shop -> Park -> Office -> Coffee Shop,4,0.02618510158013544,58,0.02618510158013544
Hotel -> Gym / Fitness Center -> Office -> Coffee Shop,4,0.02618510158013544,58,0.02618510158013544
Building -> Office -> Coffee Shop -> Deli / Bodega -> Coffee Shop,5,0.02618510158013544,58,0.02618510158013544
Bus Station -> Subway -> Office -> Coffee Shop -> Clothing Store,5,0.02618510158013544,30,0.03424657534246575
Bus Station -> Subway -> Office -> Coffee Shop -> Office,5,0.02618510158013544,128,0.03406973649188182
Deli / Bodega -> Coffee Shop -> Building -> Office -> Coffee Shop,5,0.02618510158013544,58,0.02618510158013544
Deli / Bodega -> Coffee Shop -> Office -> Deli / Bodega -> Coffee Shop,5,0.02618510158013544,58,0.02618510158013544
Gym / Fitness Center -> Deli / Bodega -> Office -> Deli / Bodega -> Coffee Shop,5,0.02618510158013544,58,0.02618510158013544
Gym / Fitness Center -> Office -> Park -> Office -> Coffee Shop,5,0.02618510158013544,58,0.02618510158013544
Gym / Fitness Center -> Office -> Train Station -> Office -> Coffee Shop,5,0.02618510158013544,58,0.02618510158013544
Hotel -> Gym / Fitness Center -> Office -> Coffee Shop -> Clothing Store,5,0.02618510158013544,33,0.03767123287671233
Hotel -> Office -> Neighborhood -> Office -> Coffee Shop,5,0.02618510158013544,58,0.02618510158013544
Office -> Hotel -> Building -> Office -> Coffee Shop,5,0.02618510158013544,58,0.02618510158013544
Building -> Clothing Store -> Hotel,3,0.026159334126040427,22,0.026159334126040427
Clothing Store -> American Restaurant -> Hotel,3,0.026159334126040427,22,0.026159334126040427
Gym / Fitness Center -> Clothing Store -> Hotel,3,0.026159334126040427,22,0.026159334126040427
Hotel -> Building -> Hotel,3,0.026159334126040427,22,0.026159334126040427
Park -> Food & Drink Shop -> Hotel,3,0.026159334126040427,22,0.026159334126040427
Subway -> American Restaurant -> Hotel,3,0.026159334126040427,22,0.026159334126040427
Subway -> Train Station -> Hotel,3,0.026159334126040427,22,0.026159334126040427
Bar -> Deli / Bodega -> Office -> Hotel,4,0.026159334126040427,22,0.026159334126040427
Coffee Shop -> American Restaurant -> Office -> Hotel,4,0.026159334126040427,22,0.026159334126040427
Coffee Shop -> Office -> Food & Drink Shop -> Hotel,4,0.026159334126040427,22,0.026159334126040427
Deli / Bodega -> Office -> Neighborhood -> Hotel,4,0.026159334126040427,22,0.026159334126040427
Drugstore / Pharmacy -> Office -> Gym / Fitness Center -> Hotel,4,0.026159334126040427,22,0.026159334126040427
Neighborhood -> Gym / Fitness Center -> Office -> Hotel,4,0.026159334126040427,22,0.026159334126040427
Neighborhood -> Office -> Gym / Fitness Center -> Hotel,4,0.026159334126040427,22,0.026159334126040427
Office -> American Restaurant -> Gym / Fitness Center -> Hotel,4,0.026159334126040427,22,0.026159334126040427
Office -> Bar -> Gym / Fitness Center -> Hotel,4,0.026159334126040427,22,0.026159334126040427
Office -> Bar -> Train Station -> Hotel,4,0.026159334126040427,22,0.026159334126040427
Office -> Coffee Shop -> Neighborhood -> Hotel,4,0.026159334126040427,22,0.026159334126040427
Office -> Park -> Subway -> Hotel,4,0.026159334126040427,22,0.026159334126040427
Bar -> Hotel -> Bar -> Bus Station -> Hotel,5,0.026159334126040427,22,0.026159334126040427
Building -> Office -> Deli / Bodega -> Coffee Shop -> Hotel,5,0.026159334126040427,22,0.026159334126040427
Building -> Office -> Gym / Fitness Center -> Train Station -> Hotel,5,0.026159334126040427,22,0.026159334126040427
Building -> Subway -> Coffee Shop -> Office -> Hotel,5,0.026159334126040427,22,0.026159334126040427
Coffee Shop -> Office -> Food & Drink Shop -> Office -> Hotel,5,0.026159334126040427,22,0.026159334126040427
Coffee Shop -> Office -> Park -> Office -> Hotel,5,0.026159334126040427,22,0.026159334126040427
Coffee Shop -> Subway -> Deli / Bodega -> Office -> Hotel,5,0.026159334126040427,22,0.026159334126040427
Coffee Shop -> Subway -> Office -> Gym / Fitness Center -> Hotel,5,0.026159334126040427,22,0.026159334126040427
Deli / Bodega -> Park -> Coffee Shop -> Office -> Hotel,5,0.026159334126040427,22,0.026159334126040427
Deli / Bodega -> Subway -> Coffee Shop -> Office -> Hotel,5,0.026159334126040427,22,0.026159334126040427
Gym / Fitness Center -> Office -> Gym / Fitness Center -> Bar -> Hotel,5,0.026159334126040427,22,0.026159334126040427
Gym / Fitness Center -> Park -> Coffee Shop -> Office -> Hotel,5,0.026159334126040427,22,0.026159334126040427
Gym / Fitness Center -> Train Station -> Office -> Train Station -> Hotel,5,0.026159334126040427,22,0.026159334126040427
Hotel -> Coffee Shop -> Office -> Coffee Shop -> Hotel,5,0.026159334126040427,22,0.026159334126040427
Hotel -> Office -> Gym / Fitness Center -> Train Station -> Hotel,5,0.026159334126040427,22,0.026159334126040427
Office -> Clothing Store -> Office -> Train Station -> Hotel,5,0.026159334126040427,22,0.026159334126040427
Office -> Neighborhood -> Office -> Gym / Fitness Center -> Hotel,5,0.026159334126040427,22,0.026159334126040427
Office -> Subway -> Deli / Bodega -> Office -> Hotel,5,0.026159334126040427,22,0.026159334126040427
Office -> Subway -> Office -> Train Station -> Hotel,5,0.026159334126040427,22,0.026159334126040427
Train Station -> Office -> Coffee Shop -> Train Station -> Hotel,5,0.026159334126040427,22,0.026159334126040427
Gym / Fitness Center -> Building -> Food & Drink Shop,3,0.026115859449192782,55,0.026115859449192782
Subway -> Coffee Shop -> Food & Drink Shop,3,0.026115859449192782,55,0.026115859449192782
Coffee Shop -> Gym / Fitness Center -> Park -> Food & Drink Shop,4,0.026115859449192782,55,0.026115859449192782
Deli / Bodega -> Office -> Gym / Fitness Center -> Food & Drink Shop,4,0.026115859449192782,55,0.026115859449192782
Food & Drink Shop -> Office -> Coffee Shop -> Food & Drink Shop,4,0.026115859449192782,55,0.026115859449192782
Subway -> Gym / Fitness Center -> Office -> Food & Drink Shop,4,0.026115859449192782,55,0.026115859449192782
Coffee Shop -> Gym / Fitness Center -> Park -> Food & Drink Shop -> Park,5,0.026115859449192782,45,0.02982107355864811
Gym / Fitness Center -> Food & Drink Shop -> Office -> Park -> Food & Drink Shop,5,0.026115859449192782,55,0.026115859449192782
Office -> Coffee Shop -> Deli / Bodega -> Office -> Food & Drink Shop,5,0.026115859449192782,55,0.026115859449192782
Office -> Coffee Shop -> Office -> Gym / Fitness Center -> Food & Drink Shop,5,0.026115859449192782,55,0.026115859449192782
Subway -> Gym / Fitness Center -> Office -> Food & Drink Shop -> Clothing Store,5,0.026115859449192782,26,0.02968036529680365
Bus Station -> Deli / Bodega -> Office,3,0.02608464200159702,98,0.02608464200159702
Gym / Fitness Center -> Deli / Bodega -> Building -> Office,4,0.02608464200159702,98,0.02608464200159702
Subway -> Coffee Shop -> Building -> Office,4,0.02608464200159702,98,0.02608464200159702
Coffee Shop -> Office -> Deli / Bodega -> Building -> Office,5,0.02608464200159702,98,0.02608464200159702
Deli / Bodega -> Gym / Fitness Center -> Office -> Gym / Fitness Center -> Office,5,0.02608464200159702,98,0.02608464200159702
Gym / Fitness Center -> Deli / Bodega -> Building -> Office -> Clothing Store,5,0.02608464200159702,26,0.02968036529680365
Gym / Fitness Center -> Deli / Bodega -> Building -> Office -> Deli / Bodega,5,0.02608464200159702,41,0.03341483292583537
Hotel -> Coffee Shop -> Office -> Gym / Fitness Center -> Office,5,0.02608464200159702,98,0.02608464200159702
Office -> Deli / Bodega -> Office -> Hotel -> Office,5,0.02608464200159702,98,0.02608464200159702
Office -> Hotel -> Office -> Neighborhood -> Office,5,0.02608464200159702,98,0.02608464200159702
Office -> Subway -> Office -> Food & Drink Shop -> Office,5,0.02608464200159702,98,0.02608464200159702
Subway -> Coffee Shop -> Building -> Office -> Clothing Store,5,0.02608464200159702,28,0.0319634703196347
Subway -> Coffee Shop -> Building -> Office -> Hotel,5,0.02608464200159702,26,0.030915576694411414
Subway -> Office -> Coffee Shop -> Deli / Bodega -> Office,5,0.02608464200159702,98,0.02608464200159702
Train Station -> Office -> Coffee Shop -> Clothing Store -> Office,5,0.02608464200159702,98,0.02608464200159702
Building -> Clothing Store -> Deli / Bodega,3,0.026079869600651995,32,0.026079869600651995
Building -> College Academic Building -> Deli / Bodega,3,0.026079869600651995,32,0.026079869600651995
Coffee Shop -> Park -> Deli / Bodega,3,0.026079869600651995,32,0.026079869600651995
Deli / Bodega -> Bank -> Deli / Bodega,3,0.026079869600651995,32,0.026079869600651995
Drugstore / Pharmacy -> Coffee Shop -> Deli / Bodega,3,0.026079869600651995,32,0.026079869600651995
Gym / Fitness Center -> College Academic Building -> Deli / Bodega,3,0.026079869600651995,32,0.026079869600651995
Hotel -> Building -> Deli / Bodega,3,0.026079869600651995,32,0.026079869600651995
Bank -> Office -> Coffee Shop -> Deli / Bodega,4,0.026079869600651995,32,0.026079869600651995
Coffee Shop -> American Restaurant -> Office -> Deli / Bodega,4,0.026079869600651995,32,0.026079869600651995
Coffee Shop -> Bar -> Office -> Deli / Bodega,4,0.026079869600651995,32,0.026079869600651995
Coffee Shop -> Office -> American Restaurant -> Deli / Bodega,4,0.026079869600651995,32,0.026079869600651995
Coffee Shop -> Office -> Hotel -> Deli / Bodega,4,0.026079869600651995,32,0.026079869600651995
Office -> Coffee Shop -> Subway -> Deli / Bodega,4,0.026079869600651995,32,0.026079869600651995
Park -> Office -> Gym / Fitness Center -> Deli / Bodega,4,0.026079869600651995,32,0.026079869600651995
Building -> Office -> Building -> Coffee Shop -> Deli / Bodega,5,0.026079869600651995,32,0.026079869600651995
Building -> Office -> Coffee Shop -> Clothing Store -> Deli / Bodega,5,0.026079869600651995,32,0.026079869600651995
Coffee Shop -> Building -> Office -> Building -> Deli / Bodega,5,0.026079869600651995,32,0.026079869600651995
Coffee Shop -> Office -> Coffee Shop -> Gym / Fitness Center -> Deli / Bodega,5,0.026079869600651995,32,0.026079869600651995
Coffee Shop -> Office -> Deli / Bodega -> Building -> Deli / Bodega,5,0.026079869600651995,32,0.026079869600651995
Coffee Shop -> Office -> Neighborhood -> Office -> Deli / Bodega,5,0.026079869600651995,32,0.026079869600651995
Coffee Shop -> Subway -> Building -> Office -> Deli / Bodega,5,0.026079869600651995,32,0.026079869600651995
Gym / Fitness Center -> Building -> Coffee Shop -> Office -> Deli / Bodega,5,0.026079869600651995,32,0.026079869600651995
Gym / Fitness Center -> Coffee Shop -> Office -> College Academic Building -> Deli / Bodega,5,0.026079869600651995,32,0.026079869600651995
Hotel -> Coffee Shop -> Office -> Building -> Deli / Bodega,5,0.026079869600651995,32,0.026079869600651995
Neighborhood -> Office -> Coffee Shop -> Office -> Deli / Bodega,5,0.026079869600651995,32,0.026079869600651995
Office -> Coffee Shop -> Office -> Gym / Fitness Center -> Deli / Bodega,5,0.026079869600651995,32,0.026079869600651995
Office -> Subway -> Office -> Building -> Deli / Bodega,5,0.026079869600651995,32,0.026079869600651995
Park -> Office -> Deli / Bodega -> Coffee Shop -> Deli / Bodega,5,0.026079869600651995,32,0.026079869600651995
Medical Center -> Pizza Place,2,0.02601156069364162,18,0.02601156069364162
Building -> Coffee Shop -> Pizza Place,3,0.02601156069364162,18,0.02601156069364162
Clothing Store -> American Restaurant -> Pizza Place,3,0.02601156069364162,18,0.02601156069364162
Clothing Store -> Gym / Fitness Center -> Pizza Place,3,0.02601156069364162,18,0.02601156069364162
Coffee Shop -> Park -> Pizza Place,3,0.02601156069364162,18,0.02601156069364162
Coffee Shop -> Subway -> Pizza Place,3,0.02601156069364162,18,0.02601156069364162
Gym / Fitness Center -> Subway -> Pizza Place,3,0.02601156069364162,18,0.02601156069364162
Office -> Deli / Bodega -> Pizza Place,3,0.02601156069364162,18,0.02601156069364162
Office -> Neighborhood -> Pizza Place,3,0.02601156069364162,18,0.02601156069364162
Park -> Gym / Fitness Center -> Pizza Place,3,0.02601156069364162,18,0.02601156069364162
Bar -> Clothing Store -> Bar -> Pizza Place,4,0.02601156069364162,18,0.02601156069364162
Bar -> Coffee Shop -> Bar -> Pizza Place,4,0.02601156069364162,18,0.02601156069364162
Bar -> Neighborhood -> Bar -> Pizza Place,4,0.02601156069364162,18,0.02601156069364162
Clothing Store -> American Restaurant -> Bar -> Pizza Place,4,0.02601156069364162,18,0.02601156069364162
Coffee Shop -> Office -> Clothing Store -> Pizza Place,4,0.02601156069364162,18,0.02601156069364162
Coffee Shop -> Office -> Deli / Bodega -> Pizza Place,4,0.02601156069364162,18,0.02601156069364162
Gym / Fitness Center -> Deli / Bodega -> Office -> Pizza Place,4,0.02601156069364162,18,0.02601156069364162
Gym / Fitness Center -> Office -> Building -> Pizza Place,4,0.02601156069364162,18,0.02601156069364162
Gym / Fitness Center -> Subway -> Office -> Pizza Place,4,0.02601156069364162,18,0.02601156069364162
Office -> Coffee Shop -> Clothing Store -> Pizza Place,4,0.02601156069364162,18,0.02601156069364162
Office -> Coffee Shop -> Food & Drink Shop -> Pizza Place,4,0.02601156069364162,18,0.02601156069364162
Subway -> Office -> Bar -> Pizza Place,4,0.02601156069364162,18,0.02601156069364162
Train Station -> Coffee Shop -> Office -> Pizza Place,4,0.02601156069364162,18,0.02601156069364162
Office -> Subway -> Coffee Shop -> Office -> Pizza Place,5,0.02601156069364162,18,0.02601156069364162
Other Great Outdoors -> Bar,2,0.026006904487917145,113,0.026006904487917145
College Academic Building -> Gym / Fitness Center -> Bar,3,0.026006904487917145,113,0.026006904487917145
American Restaurant -> Bar -> Hotel -> Bar,4,0.026006904487917145,113,0.026006904487917145
Hotel -> Office -> Subway,3,0.02598267821452365,78,0.02598267821452365
Coffee Shop -> Gym / Fitness Center -> Office -> Subway,4,0.02598267821452365,78,0.02598267821452365
Hotel -> Office -> Subway -> Hotel,4,0.02598267821452365,29,0.034482758620689655
Hotel -> Office -> Subway -> Office,4,0.02598267821452365,140,0.03726377428799574
Office -> Park -> Office -> Subway,4,0.02598267821452365,78,0.02598267821452365
Coffee Shop -> Gym / Fitness Center -> Office -> Subway -> Clothing Store,5,0.02598267821452365,30,0.03424657534246575
Coffee Shop -> Gym / Fitness Center -> Office -> Subway -> Office,5,0.02598267821452365,133,0.035400585573595954
Gym / Fitness Center -> Office -> Coffee Shop -> Office -> Subway,5,0.02598267821452365,78,0.02598267821452365
Hotel -> Office -> Subway -> Office -> Clothing Store,5,0.02598267821452365,31,0.03538812785388128
Hotel -> Office -> Subway -> Office -> Hotel,5,0.02598267821452365,29,0.034482758620689655
Office -> Park -> Office -> Subway -> Office,5,0.02598267821452365,129,0.03433590630822465
Food & Drink Shop -> Office -> Neighborhood,3,0.025906735751295335,35,0.025906735751295335
Coffee Shop -> Gym / Fitness Center -> Office -> Neighborhood,4,0.025906735751295335,35,0.025906735751295335
Bar -> Office -> Bank,3,0.025889967637540454,16,0.025889967637540454
Coffee Shop -> Hotel -> Bank,3,0.025889967637540454,16,0.025889967637540454
College Academic Building -> Office -> Bank,3,0.025889967637540454,16,0.025889967637540454
Deli / Bodega -> Neighborhood -> Bank,3,0.025889967637540454,16,0.025889967637540454
Gym / Fitness Center -> Food & Drink Shop -> Bank,3,0.025889967637540454,16,0.025889967637540454
Gym / Fitness Center -> Park -> Bank,3,0.025889967637540454,16,0.025889967637540454
Neighborhood -> Building -> Bank,3,0.025889967637540454,16,0.025889967637540454
Neighborhood -> Deli / Bodega -> Bank,3,0.025889967637540454,16,0.025889967637540454
Office -> Neighborhood -> Bank,3,0.025889967637540454,16,0.025889967637540454
Building -> Coffee Shop -> Deli / Bodega -> Bank,4,0.025889967637540454,16,0.025889967637540454
Building -> Deli / Bodega -> Office -> Bank,4,0.025889967637540454,16,0.025889967637540454
Building -> Subway -> Office -> Bank,4,0.025889967637540454,16,0.025889967637540454
Coffee Shop -> Gym / Fitness Center -> Deli / Bodega -> Bank,4,0.025889967637540454,16,0.025889967637540454
Deli / Bodega -> Coffee Shop -> Gym / Fitness Center -> Bank,4,0.025889967637540454,16,0.025889967637540454
Hotel -> Office -> Subway -> Bank,4,0.025889967637540454,16,0.025889967637540454
Office -> Subway -> Building -> Bank,4,0.025889967637540454,16,0.025889967637540454
Subway -> Coffee Shop -> Deli / Bodega -> Bank,4,0.025889967637540454,16,0.025889967637540454
Coffee Shop -> Gym / Fitness Center -> Office -> Gym / Fitness Center -> Bank,5,0.025889967637540454,16,0.025889967637540454
Deli / Bodega -> Coffee Shop -> Office -> Coffee Shop -> Bank,5,0.025889967637540454,16,0.025889967637540454
Deli / Bodega -> Gym / Fitness Center -> Office -> Gym / Fitness Center -> Bank,5,0.025889967637540454,16,0.025889967637540454
Deli / Bodega -> Office -> Coffee Shop -> Gym / Fitness Center -> Bank,5,0.025889967637540454,16,0.025889967637540454
Deli / Bodega -> Office -> Park -> Office -> Bank,5,0.025889967637540454,16,0.025889967637540454
Drugstore / Pharmacy -> Office -> Coffee Shop -> Office -> Bank,5,0.025889967637540454,16,0.025889967637540454
Gym / Fitness Center -> Coffee Shop -> Deli / Bodega -> Office -> Bank,5,0.025889967637540454,16,0.025889967637540454
Gym / Fitness Center -> Coffee Shop -> Gym / Fitness Center -> Office -> Bank,5,0.025889967637540454,16,0.025889967637540454
Gym / Fitness Center -> Deli / Bodega -> Office -> Coffee Shop -> Bank,5,0.025889967637540454,16,0.025889967637540454
Gym / Fitness Center -> Deli / Bodega -> Office -> Gym / Fitness Center -> Bank,5,0.025889967637540454,16,0.025889967637540454
Hotel -> Office -> Building -> Office -> Bank,5,0.025889967637540454,16,0.025889967637540454
Hotel -> Office -> Coffee Shop -> Gym / Fitness Center -> Bank,5,0.025889967637540454,16,0.025889967637540454
Neighborhood -> Office -> Deli / Bodega -> Office -> Bank,5,0.025889967637540454,16,0.025889967637540454
Office -> Coffee Shop -> Office -> Subway -> Bank,5,0.025889967637540454,16,0.025889967637540454
Office -> Deli / Bodega -> Coffee Shop -> Deli / Bodega -> Bank,5,0.025889967637540454,16,0.025889967637540454
Office -> Deli / Bodega -> Park -> Office -> Bank,5,0.025889967637540454,16,0.025889967637540454
Office -> Hotel -> Office -> Coffee Shop -> Bank,5,0.025889967637540454,16,0.025889967637540454
Office -> Park -> Deli / Bodega -> Office -> Bank,5,0.025889967637540454,16,0.025889967637540454
Park -> Deli / Bodega -> Coffee Shop -> Office -> Bank,5,0.025889967637540454,16,0.025889967637540454
Park -> Deli / Bodega -> Office -> Gym / Fitness Center -> Bank,5,0.025889967637540454,16,0.025889967637540454
Subway -> Coffee Shop -> Office -> Coffee Shop -> Bank,5,0.025889967637540454,16,0.025889967637540454
Subway -> Deli / Bodega -> Office -> Deli / Bodega -> Bank,5,0.025889967637540454,16,0.025889967637540454
Subway -> Office -> Building -> Deli / Bodega -> Bank,5,0.025889967637540454,16,0.025889967637540454
Train Station -> Office -> Coffee Shop -> Deli / Bodega -> Bank,5,0.025889967637540454,16,0.025889967637540454
Coffee Shop -> Deli / Bodega -> Gym / Fitness Center,3,0.025851456709068528,63,0.025851456709068528
Coffee Shop -> Deli / Bodega -> Gym / Fitness Center -> Bank,4,0.025851456709068528,18,0.02912621359223301
Coffee Shop -> Deli / Bodega -> Gym / Fitness Center -> Office,4,0.025851456709068528,112,0.029811019430396594
Gym / Fitness Center -> Office -> Deli / Bodega -> Gym / Fitness Center,4,0.025851456709068528,63,0.025851456709068528
Office -> American Restaurant -> Office -> Gym / Fitness Center,4,0.025851456709068528,63,0.025851456709068528
Coffee Shop -> Building -> Coffee Shop -> Office -> Gym / Fitness Center,5,0.025851456709068528,63,0.025851456709068528
Coffee Shop -> Deli / Bodega -> Gym / Fitness Center -> Office -> Bank,5,0.025851456709068528,18,0.02912621359223301
Coffee Shop -> Deli / Bodega -> Gym / Fitness Center -> Office -> Deli / Bodega,5,0.025851456709068528,32,0.026079869600651995
Coffee Shop -> Office -> Hotel -> Office -> Gym / Fitness Center,5,0.025851456709068528,63,0.025851456709068528
Gym / Fitness Center -> Office -> Deli / Bodega -> Gym / Fitness Center -> Bank,5,0.025851456709068528,18,0.02912621359223301
Gym / Fitness Center -> Office -> Deli / Bodega -> Gym / Fitness Center -> Office,5,0.025851456709068528,130,0.03460207612456748
Deli / Bodega -> Subway -> Park,3,0.02584493041749503,39,0.02584493041749503
Food & Drink Shop -> Subway -> Park,3,0.02584493041749503,39,0.02584493041749503
Clothing Store -> Office -> Coffee Shop -> Park,4,0.02584493041749503,39,0.02584493041749503
Coffee Shop -> Neighborhood -> Office -> Park,4,0.02584493041749503,39,0.02584493041749503
Food & Drink Shop -> Coffee Shop -> Food & Drink Shop -> Park,4,0.02584493041749503,39,0.02584493041749503
Gym / Fitness Center -> Clothing Store -> Office -> Park,4,0.02584493041749503,39,0.02584493041749503
Gym / Fitness Center -> Park -> Bar -> Park,4,0.02584493041749503,39,0.02584493041749503
Office -> Coffee Shop -> Bar -> Park,4,0.02584493041749503,39,0.02584493041749503
Office -> Food & Drink Shop -> Coffee Shop -> Park,4,0.02584493041749503,39,0.02584493041749503
Office -> Hotel -> Office -> Park,4,0.02584493041749503,39,0.02584493041749503
Subway -> Coffee Shop -> Gym / Fitness Center -> Park,4,0.02584493041749503,39,0.02584493041749503
Subway -> Office -> Bar -> Park,4,0.02584493041749503,39,0.02584493041749503
Coffee Shop -> Gym / Fitness Center -> Office -> Deli / Bodega -> Park,5,0.02584493041749503,39,0.02584493041749503
Deli / Bodega -> Gym / Fitness Center -> Office -> Food & Drink Shop -> Park,5,0.02584493041749503,39,0.02584493041749503
Gym / Fitness Center -> Food & Drink Shop -> Office -> Gym / Fitness Center -> Park,5,0.02584493041749503,39,0.02584493041749503
Office -> Neighborhood -> Office -> Gym / Fitness Center -> Park,5,0.02584493041749503,39,0.02584493041749503
Office -> Subway -> Office -> Clothing Store -> Park,5,0.02584493041749503,39,0.02584493041749503
Office -> Subway -> Office -> Gym / Fitness Center -> Park,5,0.02584493041749503,39,0.02584493041749503
Park -> Gym / Fitness Center -> Park -> Clothing Store -> Park,5,0.02584493041749503,39,0.02584493041749503
Coffee Shop -> Clothing Store -> Office -> American Restaurant,4,0.02583732057416268,27,0.02583732057416268
Coffee Shop -> Gym / Fitness Center -> Park -> American Restaurant,4,0.02583732057416268,27,0.02583732057416268
Gym / Fitness Center -> Coffee Shop -> Bar -> American Restaurant,4,0.02583732057416268,27,0.02583732057416268
Hotel -> Office -> Coffee Shop -> American Restaurant,4,0.02583732057416268,27,0.02583732057416268
Office -> Bar -> Gym / Fitness Center -> American Restaurant,4,0.02583732057416268,27,0.02583732057416268
Office -> Coffee Shop -> Park -> American Restaurant,4,0.02583732057416268,27,0.02583732057416268
Park -> Gym / Fitness Center -> Office -> American Restaurant,4,0.02583732057416268,27,0.02583732057416268
Subway -> Office -> Coffee Shop -> American Restaurant,4,0.02583732057416268,27,0.02583732057416268
Office -> Gym / Fitness Center -> Coffee Shop -> Office -> American Restaurant,5,0.02583732057416268,27,0.02583732057416268
Train Station -> Office -> Coffee Shop -> Office -> American Restaurant,5,0.02583732057416268,27,0.02583732057416268
Bar -> Coffee Shop -> Building,3,0.025830258302583026,28,0.025830258302583026
Coffee Shop -> Bank -> Building,3,0.025830258302583026,28,0.025830258302583026
Coffee Shop -> Park -> Building,3,0.025830258302583026,28,0.025830258302583026
Deli / Bodega -> Subway -> Building,3,0.025830258302583026,28,0.025830258302583026
Gym / Fitness Center -> American Restaurant -> Building,3,0.025830258302583026,28,0.025830258302583026
Train Station -> Gym / Fitness Center -> Building,3,0.025830258302583026,28,0.025830258302583026
American Restaurant -> Office -> Coffee Shop -> Building,4,0.025830258302583026,28,0.025830258302583026
Bank -> Office -> Coffee Shop -> Building,4,0.025830258302583026,28,0.025830258302583026
Deli / Bodega -> Subway -> Office -> Building,4,0.025830258302583026,28,0.025830258302583026
Neighborhood -> Coffee Shop -> Office -> Building,4,0.025830258302583026,28,0.025830258302583026
Office -> Coffee Shop -> Hotel -> Building,4,0.025830258302583026,28,0.025830258302583026
Office -> Food & Drink Shop -> Office -> Building,4,0.025830258302583026,28,0.025830258302583026
Subway -> Deli / Bodega -> Office -> Building,4,0.025830258302583026,28,0.025830258302583026
Subway -> Office -> Deli / Bodega -> Building,4,0.025830258302583026,28,0.025830258302583026
Train Station -> Bar -> Office -> Building,4,0.025830258302583026,28,0.025830258302583026
Building -> Coffee Shop -> Building -> Office -> Building,5,0.025830258302583026,28,0.025830258302583026
Coffee Shop -> Deli / Bodega -> Building -> Office -> Building,5,0.025830258302583026,28,0.025830258302583026
Coffee Shop -> Office -> Coffee Shop -> Deli / Bodega -> Building,5,0.025830258302583026,28,0.025830258302583026
Deli / Bodega -> Building -> Office -> Coffee Shop -> Building,5,0.025830258302583026,28,0.025830258302583026
Deli / Bodega -> Building -> Office -> Deli / Bodega -> Building,5,0.025830258302583026,28,0.025830258302583026
Gym / Fitness Center -> Coffee Shop -> Office -> Gym / Fitness Center -> Building,5,0.025830258302583026,28,0.025830258302583026
Gym / Fitness Center -> Deli / Bodega -> Building -> Office -> Building,5,0.025830258302583026,28,0.025830258302583026
Gym / Fitness Center -> Deli / Bodega -> Office -> Deli / Bodega -> Building,5,0.025830258302583026,28,0.025830258302583026
Gym / Fitness Center -> Office -> Hotel -> Office -> Building,5,0.025830258302583026,28,0.025830258302583026
Hotel -> Office -> Gym / Fitness Center -> Office -> Building,5,0.025830258302583026,28,0.025830258302583026
Office -> Gym / Fitness Center -> Subway -> Office -> Building,5,0.025830258302583026,28,0.025830258302583026
Office -> Hotel -> Building -> Office -> Building,5,0.025830258302583026,28,0.025830258302583026
Park -> Food & Drink Shop -> Office,3,0.025818472185254192,97,0.025818472185254192
Building -> Coffee Shop -> Hotel -> Office,4,0.025818472185254192,97,0.025818472185254192
College Academic Building -> Office -> Coffee Shop -> Office,4,0.025818472185254192,97,0.025818472185254192
Food & Drink Shop -> Office -> Food & Drink Shop -> Office,4,0.025818472185254192,97,0.025818472185254192
Park -> Food & Drink Shop -> Office -> Clothing Store,4,0.025818472185254192,26,0.02968036529680365
Park -> Food & Drink Shop -> Office -> Park,4,0.025818472185254192,61,0.04042412193505633
Building -> Coffee Shop -> Hotel -> Office -> Clothing Store,5,0.025818472185254192,29,0.033105022831050226
Food & Drink Shop -> Office -> Food & Drink Shop -> Office -> Clothing Store,5,0.025818472185254192,30,0.03424657534246575
Food & Drink Shop -> Office -> Food & Drink Shop -> Office -> Food & Drink Shop,5,0.025818472185254192,55,0.026115859449192782
Food & Drink Shop -> Office -> Food & Drink Shop -> Office -> Park,5,0.025818472185254192,40,0.026507620941020542
Gym / Fitness Center -> Building -> Office -> Building -> Office,5,0.025818472185254192,97,0.025818472185254192
Gym / Fitness Center -> Coffee Shop -> Office -> Park -> Office,5,0.025818472185254192,97,0.025818472185254192
Gym / Fitness Center -> Office -> Coffee Shop -> Clothing Store -> Office,5,0.025818472185254192,97,0.025818472185254192
Office -> Building -> Office -> Food & Drink Shop -> Office,5,0.025818472185254192,97,0.025818472185254192
Office -> Coffee Shop -> Office -> Bank -> Office,5,0.025818472185254192,97,0.025818472185254192
Office -> Train Station -> Office -> Clothing Store -> Office,5,0.025818472185254192,97,0.025818472185254192
Park -> Subway -> Office -> Deli / Bodega -> Office,5,0.025818472185254192,97,0.025818472185254192
Food & Drink Shop -> Bar -> Train Station,3,0.02575107296137339,54,0.02575107296137339
Building -> Office -> Subway -> Train Station,4,0.02575107296137339,54,0.02575107296137339
Coffee Shop -> Bar -> Gym / Fitness Center -> Train Station,4,0.02575107296137339,54,0.02575107296137339
Office -> Hotel -> Bar -> Train Station,4,0.02575107296137339,54,0.02575107296137339
Coffee Shop -> Clothing Store -> Office -> Coffee Shop -> Train Station,5,0.02575107296137339,54,0.02575107296137339
Coffee Shop -> Gym / Fitness Center -> Coffee Shop -> Office -> Train Station,5,0.02575107296137339,54,0.02575107296137339
Coffee Shop -> Office -> Building -> Gym / Fitness Center -> Train Station,5,0.02575107296137339,54,0.02575107296137339
Coffee Shop -> Office -> Deli / Bodega -> Coffee Shop -> Train Station,5,0.02575107296137339,54,0.02575107296137339
Gym / Fitness Center -> Coffee Shop -> Building -> Office -> Train Station,5,0.02575107296137339,54,0.02575107296137339
Gym / Fitness Center -> Office -> Gym / Fitness Center -> Coffee Shop -> Train Station,5,0.02575107296137339,54,0.02575107296137339
Gym / Fitness Center -> Office -> Neighborhood -> Office -> Train Station,5,0.02575107296137339,54,0.02575107296137339
Office -> Coffee Shop -> Train Station -> Building -> Train Station,5,0.02575107296137339,54,0.02575107296137339
Bus Station -> Drugstore / Pharmacy -> Bus Station,3,0.025745257452574527,38,0.025745257452574527
Bar -> Bus Station -> Hotel -> Bus Station,4,0.025745257452574527,38,0.025745257452574527
Train Station -> Gym / Fitness Center -> Coffee Shop,3,0.025733634311512415,57,0.025733634311512415
American Restaurant -> Coffee Shop -> Office -> Coffee Shop,4,0.025733634311512415,57,0.025733634311512415
Building -> Bank -> Office -> Coffee Shop,4,0.025733634311512415,57,0.025733634311512415
Gym / Fitness Center -> Office -> Neighborhood -> Coffee Shop,4,0.025733634311512415,57,0.025733634311512415
Office -> Coffee Shop -> Park -> Coffee Shop,4,0.025733634311512415,57,0.025733634311512415
Train Station -> Gym / Fitness Center -> Coffee Shop -> Clothing Store,4,0.025733634311512415,33,0.03767123287671233
Train Station -> Gym / Fitness Center -> Coffee Shop -> Train Station,4,0.025733634311512415,82,0.039103481163567
Train Station -> Office -> Gym / Fitness Center -> Coffee Shop,4,0.025733634311512415,57,0.025733634311512415
Building -> Bank -> Office -> Coffee Shop -> Clothing Store,5,0.025733634311512415,26,0.02968036529680365
Building -> Office -> Neighborhood -> Office -> Coffee Shop,5,0.025733634311512415,57,0.025733634311512415
Coffee Shop -> Building -> Office -> Gym / Fitness Center -> Coffee Shop,5,0.025733634311512415,57,0.025733634311512415
Deli / Bodega -> Coffee Shop -> Office -> Gym / Fitness Center -> Coffee Shop,5,0.025733634311512415,57,0.025733634311512415
Gym / Fitness Center -> Office -> Building -> Deli / Bodega -> Coffee Shop,5,0.025733634311512415,57,0.025733634311512415
Gym / Fitness Center -> Office -> Food & Drink Shop -> Office -> Coffee Shop,5,0.025733634311512415,57,0.025733634311512415
Gym / Fitness Center -> Office -> Neighborhood -> Coffee Shop -> Office,5,0.025733634311512415,127,0.03380356667553899
Gym / Fitness Center -> Subway -> Coffee Shop -> Office -> Coffee Shop,5,0.025733634311512415,57,0.025733634311512415
Office -> Coffee Shop -> Hotel -> Office -> Coffee Shop,5,0.025733634311512415,57,0.025733634311512415
Office -> Coffee Shop -> Park -> Coffee Shop -> Clothing Store,5,0.025733634311512415,27,0.030821917808219176
Office -> Deli / Bodega -> Office -> Building -> Coffee Shop,5,0.025733634311512415,57,0.025733634311512415
Office -> Gym / Fitness Center -> Office -> Deli / Bodega -> Coffee Shop,5,0.025733634311512415,57,0.025733634311512415
Office -> Gym / Fitness Center -> Subway -> Office -> Coffee Shop,5,0.025733634311512415,57,0.025733634311512415
Office -> Hotel -> Office -> Gym / Fitness Center -> Coffee Shop,5,0.025733634311512415,57,0.025733634311512415
Train Station -> Office -> Gym / Fitness Center -> Coffee Shop -> Clothing Store,5,0.025733634311512415,25,0.028538812785388126
Train Station -> Office -> Gym / Fitness Center -> Coffee Shop -> Train Station,5,0.025733634311512415,57,0.027181688125894134
Bank -> Office -> College Academic Building,3,0.025678650036683785,35,0.025678650036683785
Coffee Shop -> Subway -> Office -> College Academic Building,4,0.025678650036683785,35,0.025678650036683785
Park -> Deli / Bodega -> Office -> College Academic Building,4,0.025678650036683785,35,0.025678650036683785
Gym / Fitness Center -> Office -> Park -> Office -> College Academic Building,5,0.025678650036683785,35,0.025678650036683785
Office -> Deli / Bodega -> Office -> Coffee Shop -> College Academic Building,5,0.025678650036683785,35,0.025678650036683785
Other Great Outdoors -> Subway,2,0.025649566955363093,77,0.025649566955363093
Gym / Fitness Center -> Coffee Shop -> Subway,3,0.025649566955363093,77,0.025649566955363093
Gym / Fitness Center -> Coffee Shop -> Subway -> Clothing Store,4,0.025649566955363093,26,0.02968036529680365
Gym / Fitness Center -> Coffee Shop -> Subway -> Office,4,0.025649566955363093,128,0.03406973649188182
Coffee Shop -> Office -> Deli / Bodega -> Office -> Subway,5,0.025649566955363093,77,0.025649566955363093
Gym / Fitness Center -> Coffee Shop -> Subway -> Office -> Park,5,0.025649566955363093,45,0.02982107355864811
Bus Station -> Food & Drink Shop,2,0.02564102564102564,54,0.02564102564102564
Gym / Fitness Center -> Subway -> Food & Drink Shop,3,0.02564102564102564,54,0.02564102564102564
Deli / Bodega -> Food & Drink Shop -> Office -> Food & Drink Shop,4,0.02564102564102564,54,0.02564102564102564
Building -> Office -> Food & Drink Shop -> Office -> Food & Drink Shop,5,0.02564102564102564,54,0.02564102564102564
Building -> Office -> Subway -> Office -> Food & Drink Shop,5,0.02564102564102564,54,0.02564102564102564
Park -> Office -> Gym / Fitness Center -> Office -> Food & Drink Shop,5,0.02564102564102564,54,0.02564102564102564
Subway -> Office -> Neighborhood -> Office -> Food & Drink Shop,5,0.02564102564102564,54,0.02564102564102564
Bar -> Medical Center,2,0.025583982202447165,23,0.025583982202447165
Drugstore / Pharmacy -> Medical Center,2,0.025583982202447165,23,0.025583982202447165
Gym / Fitness Center -> Office -> Medical Center,3,0.025583982202447165,23,0.025583982202447165
Subway -> Office -> Medical Center,3,0.025583982202447165,23,0.025583982202447165
Office -> Building -> Train Station -> Office,4,0.025552302368911366,96,0.025552302368911366
Office -> Gym / Fitness Center -> Clothing Store -> Office,4,0.025552302368911366,96,0.025552302368911366
Gym / Fitness Center -> Neighborhood -> Office -> Coffee Shop -> Office,5,0.025552302368911366,96,0.025552302368911366
Office -> Building -> Train Station -> Office -> Train Station,5,0.025552302368911366,74,0.03528850739151168
Office -> Coffee Shop -> Office -> American Restaurant -> Office,5,0.025552302368911366,96,0.025552302368911366
Office -> Deli / Bodega -> Office -> Bank -> Office,5,0.025552302368911366,96,0.025552302368911366
Office -> Food & Drink Shop -> Office -> Coffee Shop -> Office,5,0.025552302368911366,96,0.025552302368911366
Office -> Gym / Fitness Center -> Clothing Store -> Office -> Clothing Store,5,0.025552302368911366,27,0.030821917808219176
Office -> Gym / Fitness Center -> Clothing Store -> Office -> Hotel,5,0.025552302368911366,24,0.028537455410225922
Office -> Gym / Fitness Center -> Clothing Store -> Office -> Train Station,5,0.025552302368911366,66,0.031473533619456366
Office -> Gym / Fitness Center -> Office -> Food & Drink Shop -> Office,5,0.025552302368911366,96,0.025552302368911366
Subway -> Office -> Gym / Fitness Center -> Coffee Shop -> Office,5,0.025552302368911366,96,0.025552302368911366
Train Station -> Office -> Coffee Shop -> Deli / Bodega -> Office,5,0.025552302368911366,96,0.025552302368911366
American Restaurant -> Office -> Bar,3,0.025546605293440737,111,0.025546605293440737
Office -> Building -> Bar,3,0.025546605293440737,111,0.025546605293440737
American Restaurant -> Office -> Bar -> Hotel,4,0.025546605293440737,42,0.04994054696789536
Coffee Shop -> Gym / Fitness Center -> Office -> Bar,4,0.025546605293440737,111,0.025546605293440737
Office -> Building -> Bar -> Hotel,4,0.025546605293440737,31,0.036860879904875146
Park -> Bar -> American Restaurant -> Bar,4,0.025546605293440737,111,0.025546605293440737
Coffee Shop -> Gym / Fitness Center -> Office -> Bar -> Clothing Store,5,0.025546605293440737,28,0.0319634703196347
Coffee Shop -> Gym / Fitness Center -> Office -> Bar -> Hotel,5,0.025546605293440737,28,0.03329369797859691
Pizza Place -> Gym / Fitness Center,2,0.0254411161263849,62,0.0254411161263849
Coffee Shop -> College Academic Building -> Gym / Fitness Center,3,0.0254411161263849,62,0.0254411161263849
Coffee Shop -> Hotel -> Gym / Fitness Center,3,0.0254411161263849,62,0.0254411161263849
Hotel -> Coffee Shop -> Gym / Fitness Center,3,0.0254411161263849,62,0.0254411161263849
Office -> College Academic Building -> Gym / Fitness Center,3,0.0254411161263849,62,0.0254411161263849
Coffee Shop -> Office -> Deli / Bodega -> Gym / Fitness Center,4,0.0254411161263849,62,0.0254411161263849
Coffee Shop -> Park -> Office -> Gym / Fitness Center,4,0.0254411161263849,62,0.0254411161263849
Hotel -> Coffee Shop -> Gym / Fitness Center -> Clothing Store,4,0.0254411161263849,23,0.026255707762557076
Hotel -> Coffee Shop -> Gym / Fitness Center -> Train Station,4,0.0254411161263849,55,0.026227944682880304
Neighborhood -> Office -> Coffee Shop -> Gym / Fitness Center,4,0.0254411161263849,62,0.0254411161263849
Subway -> Deli / Bodega -> Office -> Gym / Fitness Center,4,0.0254411161263849,62,0.0254411161263849
Coffee Shop -> Gym / Fitness Center -> Coffee Shop -> Office -> Gym / Fitness Center,5,0.0254411161263849,62,0.0254411161263849
Coffee Shop -> Office -> Clothing Store -> Office -> Gym / Fitness Center,5,0.0254411161263849,62,0.0254411161263849
Gym / Fitness Center -> Deli / Bodega -> Park -> Office -> Gym / Fitness Center,5,0.0254411161263849,62,0.0254411161263849
Hotel -> Office -> Subway -> Office -> Gym / Fitness Center,5,0.0254411161263849,62,0.0254411161263849
Subway -> Deli / Bodega -> Office -> Gym / Fitness Center -> Train Station,5,0.0254411161263849,57,0.027181688125894134
Clothing Store -> Office -> Drugstore / Pharmacy,3,0.02539298669891173,21,0.02539298669891173
Food & Drink Shop -> Park -> Drugstore / Pharmacy,3,0.02539298669891173,21,0.02539298669891173
Gym / Fitness Center -> Clothing Store -> Drugstore / Pharmacy,3,0.02539298669891173,21,0.02539298669891173
Gym / Fitness Center -> Subway -> Drugstore / Pharmacy,3,0.02539298669891173,21,0.02539298669891173
Coffee Shop -> Office -> Clothing Store -> Drugstore / Pharmacy,4,0.02539298669891173,21,0.02539298669891173
Office -> Coffee Shop -> Bar -> Drugstore / Pharmacy,4,0.02539298669891173,21,0.02539298669891173
Deli / Bodega -> Office -> Subway -> Office -> Drugstore / Pharmacy,5,0.02539298669891173,21,0.02539298669891173
Gym / Fitness Center -> Coffee Shop -> Gym / Fitness Center -> Office -> Drugstore / Pharmacy,5,0.02539298669891173,21,0.02539298669891173
Office -> Building -> Coffee Shop -> Office -> Drugstore / Pharmacy,5,0.02539298669891173,21,0.02539298669891173
Office -> Coffee Shop -> Building -> Office -> Drugstore / Pharmacy,5,0.02539298669891173,21,0.02539298669891173
Office -> Coffee Shop -> Office -> Gym / Fitness Center -> Drugstore / Pharmacy,5,0.02539298669891173,21,0.02539298669891173
Office -> Subway -> Office -> Coffee Shop -> Drugstore / Pharmacy,5,0.02539298669891173,21,0.02539298669891173
Residential Building (Apartment / Condo) -> Bar,2,0.02531645569620253,110,0.02531645569620253
Deli / Bodega -> Coffee Shop -> Bar,3,0.02531645569620253,110,0.02531645569620253
Neighborhood -> Office -> Subway,3,0.02531645569620253,76,0.02531645569620253
Train Station -> Office -> Subway,3,0.02531645569620253,76,0.02531645569620253
Deli / Bodega -> Coffee Shop -> Bar -> Hotel,4,0.02531645569620253,24,0.028537455410225922
Neighborhood -> Office -> Subway -> Clothing Store,4,0.02531645569620253,24,0.0273972602739726
Neighborhood -> Office -> Subway -> Office,4,0.02531645569620253,141,0.03752994410433857
Office -> Bar -> Gym / Fitness Center -> Bar,4,0.02531645569620253,110,0.02531645569620253
Office -> Bar -> Hotel -> Bar,4,0.02531645569620253,110,0.02531645569620253
Train Station -> Office -> Subway -> Hotel,4,0.02531645569620253,24,0.028537455410225922
Train Station -> Office -> Subway -> Office,4,0.02531645569620253,123,0.032738887410167686
Train Station -> Office -> Subway -> Train Station,4,0.02531645569620253,70,0.03338102050548403
Coffee Shop -> Office -> Gym / Fitness Center -> Office -> Subway,5,0.02531645569620253,76,0.02531645569620253
Neighborhood -> Office -> Subway -> Office -> Clothing Store,5,0.02531645569620253,33,0.03767123287671233
Neighborhood -> Office -> Subway -> Office -> Park,5,0.02531645569620253,43,0.028495692511597084
Office -> Bar -> Hotel -> Bar -> Hotel,5,0.02531645569620253,32,0.03804994054696789
Train Station -> Office -> Subway -> Office -> Clothing Store,5,0.02531645569620253,34,0.03881278538812785
Train Station -> Office -> Subway -> Office -> Deli / Bodega,5,0.02531645569620253,32,0.026079869600651995
Train Station -> Office -> Subway -> Office -> Hotel,5,0.02531645569620253,30,0.0356718192627824
Train Station -> Office -> Subway -> Office -> Train Station,5,0.02531645569620253,66,0.031473533619456366
Clothing Store -> Office -> Coffee Shop -> Office,4,0.02528613255256854,95,0.02528613255256854
Coffee Shop -> Gym / Fitness Center -> Deli / Bodega -> Office,4,0.02528613255256854,95,0.02528613255256854
Gym / Fitness Center -> Building -> Deli / Bodega -> Office,4,0.02528613255256854,95,0.02528613255256854
Gym / Fitness Center -> Subway -> Gym / Fitness Center -> Office,4,0.02528613255256854,95,0.02528613255256854
Office -> Bar -> Gym / Fitness Center -> Office,4,0.02528613255256854,95,0.02528613255256854
Office -> Coffee Shop -> American Restaurant -> Office,4,0.02528613255256854,95,0.02528613255256854
Park -> Deli / Bodega -> Park -> Office,4,0.02528613255256854,95,0.02528613255256854
Clothing Store -> Office -> Coffee Shop -> Office -> Clothing Store,5,0.02528613255256854,26,0.02968036529680365
Clothing Store -> Office -> Coffee Shop -> Office -> Train Station,5,0.02528613255256854,71,0.03385789222699094
Coffee Shop -> Gym / Fitness Center -> Deli / Bodega -> Office -> Bank,5,0.02528613255256854,16,0.025889967637540454
Coffee Shop -> Train Station -> Coffee Shop -> Train Station -> Office,5,0.02528613255256854,95,0.02528613255256854
Gym / Fitness Center -> Building -> Deli / Bodega -> Office -> Building,5,0.02528613255256854,30,0.027675276752767528
Gym / Fitness Center -> Building -> Deli / Bodega -> Office -> Clothing Store,5,0.02528613255256854,30,0.03424657534246575
Office -> Bar -> Gym / Fitness Center -> Office -> Hotel,5,0.02528613255256854,25,0.029726516052318668
Office -> Building -> Coffee Shop -> Building -> Office,5,0.02528613255256854,95,0.02528613255256854
Office -> Coffee Shop -> American Restaurant -> Office -> Clothing Store,5,0.02528613255256854,23,0.026255707762557076
Office -> Coffee Shop -> American Restaurant -> Office -> Train Station,5,0.02528613255256854,64,0.030519790176442536
Office -> Coffee Shop -> Building -> Deli / Bodega -> Office,5,0.02528613255256854,95,0.02528613255256854
Food & Drink Shop -> Park -> Coffee Shop,3,0.02528216704288939,56,0.02528216704288939
Gym / Fitness Center -> College Academic Building -> Coffee Shop,3,0.02528216704288939,56,0.02528216704288939
Gym / Fitness Center -> Neighborhood -> Coffee Shop,3,0.02528216704288939,56,0.02528216704288939
Coffee Shop -> American Restaurant -> Office -> Coffee Shop,4,0.02528216704288939,56,0.02528216704288939
Coffee Shop -> Office -> College Academic Building -> Coffee Shop,4,0.02528216704288939,56,0.02528216704288939
Deli / Bodega -> Building -> Deli / Bodega -> Coffee Shop,4,0.02528216704288939,56,0.02528216704288939
Gym / Fitness Center -> Neighborhood -> Coffee Shop -> Office,4,0.02528216704288939,112,0.029811019430396594
Gym / Fitness Center -> Train Station -> Office -> Coffee Shop,4,0.02528216704288939,56,0.02528216704288939
Bank -> Office -> Building -> Office -> Coffee Shop,5,0.02528216704288939,56,0.02528216704288939
Deli / Bodega -> Office -> Park -> Office -> Coffee Shop,5,0.02528216704288939,56,0.02528216704288939
Gym / Fitness Center -> Coffee Shop -> Office -> Building -> Coffee Shop,5,0.02528216704288939,56,0.02528216704288939
Gym / Fitness Center -> Deli / Bodega -> Office -> Gym / Fitness Center -> Coffee Shop,5,0.02528216704288939,56,0.02528216704288939
Gym / Fitness Center -> Train Station -> Office -> Coffee Shop -> Clothing Store,5,0.02528216704288939,34,0.03881278538812785
Gym / Fitness Center -> Train Station -> Office -> Coffee Shop -> Office,5,0.02528216704288939,99,0.026350811817939846
Building -> Bar -> Train Station,3,0.025274201239866477,53,0.025274201239866477
Bar -> Gym / Fitness Center -> Office -> Train Station,4,0.025274201239866477,53,0.025274201239866477
Bar -> Train Station -> Hotel -> Train Station,4,0.025274201239866477,53,0.025274201239866477
Coffee Shop -> Building -> Gym / Fitness Center -> Train Station,4,0.025274201239866477,53,0.025274201239866477
Coffee Shop -> Deli / Bodega -> Coffee Shop -> Train Station,4,0.025274201239866477,53,0.025274201239866477
Building -> Office -> Subway -> Office -> Train Station,5,0.025274201239866477,53,0.025274201239866477
Coffee Shop -> Deli / Bodega -> Office -> Coffee Shop -> Train Station,5,0.025274201239866477,53,0.025274201239866477
Coffee Shop -> Office -> Bank -> Office -> Train Station,5,0.025274201239866477,53,0.025274201239866477
Coffee Shop -> Office -> Coffee Shop -> Bar -> Train Station,5,0.025274201239866477,53,0.025274201239866477
Drugstore / Pharmacy -> Office -> Deli / Bodega -> Office -> Train Station,5,0.025274201239866477,53,0.025274201239866477
Gym / Fitness Center -> Office -> Train Station -> Hotel -> Train Station,5,0.025274201239866477,53,0.025274201239866477
Hotel -> Office -> Gym / Fitness Center -> Coffee Shop -> Train Station,5,0.025274201239866477,53,0.025274201239866477
Office -> Coffee Shop -> Train Station -> Hotel -> Train Station,5,0.025274201239866477,53,0.025274201239866477
Office -> Gym / Fitness Center -> Office -> Bar -> Train Station,5,0.025274201239866477,53,0.025274201239866477
Deli / Bodega -> American Restaurant -> Deli / Bodega,3,0.02526487367563162,31,0.02526487367563162
Gym / Fitness Center -> Subway -> Deli / Bodega,3,0.02526487367563162,31,0.02526487367563162
Office -> Food & Drink Shop -> Deli / Bodega,3,0.02526487367563162,31,0.02526487367563162
Bar -> Subway -> Office -> Deli / Bodega,4,0.02526487367563162,31,0.02526487367563162
Building -> Office -> College Academic Building -> Deli / Bodega,4,0.02526487367563162,31,0.02526487367563162
Building -> Office -> Subway -> Deli / Bodega,4,0.02526487367563162,31,0.02526487367563162
Bus Station -> Coffee Shop -> Office -> Deli / Bodega,4,0.02526487367563162,31,0.02526487367563162
Coffee Shop -> College Academic Building -> Coffee Shop -> Deli / Bodega,4,0.02526487367563162,31,0.02526487367563162
Coffee Shop -> Drugstore / Pharmacy -> Office -> Deli / Bodega,4,0.02526487367563162,31,0.02526487367563162
Coffee Shop -> Neighborhood -> Office -> Deli / Bodega,4,0.02526487367563162,31,0.02526487367563162
Coffee Shop -> Park -> Office -> Deli / Bodega,4,0.02526487367563162,31,0.02526487367563162
Deli / Bodega -> Coffee Shop -> College Academic Building -> Deli / Bodega,4,0.02526487367563162,31,0.02526487367563162
Deli / Bodega -> Office -> Neighborhood -> Deli / Bodega,4,0.02526487367563162,31,0.02526487367563162
Gym / Fitness Center -> Bar -> Office -> Deli / Bodega,4,0.02526487367563162,31,0.02526487367563162
Gym / Fitness Center -> Office -> Subway -> Deli / Bodega,4,0.02526487367563162,31,0.02526487367563162
Hotel -> Building -> Office -> Deli / Bodega,4,0.02526487367563162,31,0.02526487367563162
Office -> Coffee Shop -> College Academic Building -> Deli / Bodega,4,0.02526487367563162,31,0.02526487367563162
Building -> Coffee Shop -> Deli / Bodega -> Office -> Deli / Bodega,5,0.02526487367563162,31,0.02526487367563162
Building -> Office -> Clothing Store -> Office -> Deli / Bodega,5,0.02526487367563162,31,0.02526487367563162
Coffee Shop -> Gym / Fitness Center -> Coffee Shop -> Office -> Deli / Bodega,5,0.02526487367563162,31,0.02526487367563162
Coffee Shop -> Office -> Drugstore / Pharmacy -> Office -> Deli / Bodega,5,0.02526487367563162,31,0.02526487367563162
College Academic Building -> Office -> Coffee Shop -> Office -> Deli / Bodega,5,0.02526487367563162,31,0.02526487367563162
Deli / Bodega -> Gym / Fitness Center -> Coffee Shop -> Office -> Deli / Bodega,5,0.02526487367563162,31,0.02526487367563162
Deli / Bodega -> Office -> Clothing Store -> Office -> Deli / Bodega,5,0.02526487367563162,31,0.02526487367563162
Deli / Bodega -> Office -> Neighborhood -> Deli / Bodega -> Office,5,0.02526487367563162,95,0.02528613255256854
Gym / Fitness Center -> Office -> Clothing Store -> Office -> Deli / Bodega,5,0.02526487367563162,31,0.02526487367563162
Hotel -> Coffee Shop -> Office -> Coffee Shop -> Deli / Bodega,5,0.02526487367563162,31,0.02526487367563162
Office -> Building -> Office -> Gym / Fitness Center -> Deli / Bodega,5,0.02526487367563162,31,0.02526487367563162
Office -> Coffee Shop -> Gym / Fitness Center -> Coffee Shop -> Deli / Bodega,5,0.02526487367563162,31,0.02526487367563162
Office -> Deli / Bodega -> Office -> Subway -> Deli / Bodega,5,0.02526487367563162,31,0.02526487367563162
Office -> Drugstore / Pharmacy -> Coffee Shop -> Office -> Deli / Bodega,5,0.02526487367563162,31,0.02526487367563162
Office -> Gym / Fitness Center -> Subway -> Office -> Deli / Bodega,5,0.02526487367563162,31,0.02526487367563162
Office -> Hotel -> Office -> Coffee Shop -> Deli / Bodega,5,0.02526487367563162,31,0.02526487367563162
Office -> Neighborhood -> Office -> Coffee Shop -> Deli / Bodega,5,0.02526487367563162,31,0.02526487367563162
Office -> Park -> Coffee Shop -> Office -> Deli / Bodega,5,0.02526487367563162,31,0.02526487367563162
Office -> Train Station -> Office -> Building -> Deli / Bodega,5,0.02526487367563162,31,0.02526487367563162
Train Station -> Office -> Clothing Store -> Office -> Deli / Bodega,5,0.02526487367563162,31,0.02526487367563162
Pizza Place -> Park,2,0.025182239893969515,38,0.025182239893969515
Building -> Food & Drink Shop -> Park,3,0.025182239893969515,38,0.025182239893969515
Bank -> Coffee Shop -> Office -> Park,4,0.025182239893969515,38,0.025182239893969515
Gym / Fitness Center -> Clothing Store -> Food & Drink Shop -> Park,4,0.025182239893969515,38,0.025182239893969515
Gym / Fitness Center -> Coffee Shop -> Food & Drink Shop -> Park,4,0.025182239893969515,38,0.025182239893969515
American Restaurant -> Office -> Coffee Shop -> Office -> Park,5,0.025182239893969515,38,0.025182239893969515
Bank -> Office -> Building -> Office -> Park,5,0.025182239893969515,38,0.025182239893969515
Coffee Shop -> Deli / Bodega -> Office -> Gym / Fitness Center -> Park,5,0.025182239893969515,38,0.025182239893969515
Coffee Shop -> Gym / Fitness Center -> Office -> Subway -> Park,5,0.025182239893969515,38,0.025182239893969515
Coffee Shop -> Office -> American Restaurant -> Office -> Park,5,0.025182239893969515,38,0.025182239893969515
Gym / Fitness Center -> Deli / Bodega -> Office -> Deli / Bodega -> Park,5,0.025182239893969515,38,0.025182239893969515
Gym / Fitness Center -> Office -> Bar -> Office -> Park,5,0.025182239893969515,38,0.025182239893969515
Gym / Fitness Center -> Park -> Office -> Clothing Store -> Park,5,0.025182239893969515,38,0.025182239893969515
Neighborhood -> Office -> Deli / Bodega -> Office -> Park,5,0.025182239893969515,38,0.025182239893969515
Office -> Deli / Bodega -> Building -> Office -> Park,5,0.025182239893969515,38,0.025182239893969515
Office -> Deli / Bodega -> Neighborhood -> Office -> Park,5,0.025182239893969515,38,0.025182239893969515
Office -> Gym / Fitness Center -> Office -> Bar -> Park,5,0.025182239893969515,38,0.025182239893969515
Park -> Subway -> Office -> Food & Drink Shop -> Park,5,0.025182239893969515,38,0.025182239893969515
Subway -> Gym / Fitness Center -> Office -> Food & Drink Shop -> Park,5,0.025182239893969515,38,0.025182239893969515
Home (private) -> Neighborhood,2,0.025166543301258327,34,0.025166543301258327
Office -> Bar -> Neighborhood,3,0.025166543301258327,34,0.025166543301258327
Office -> Coffee Shop -> Office -> Coffee Shop -> Neighborhood,5,0.025166543301258327,34,0.025166543301258327
Coffee Shop -> Building -> Food & Drink Shop,3,0.0251661918328585,53,0.0251661918328585
Coffee Shop -> Subway -> Food & Drink Shop,3,0.0251661918328585,53,0.0251661918328585
Drugstore / Pharmacy -> Office -> Food & Drink Shop,3,0.0251661918328585,53,0.0251661918328585
Coffee Shop -> Office -> Building -> Food & Drink Shop,4,0.0251661918328585,53,0.0251661918328585
Gym / Fitness Center -> Neighborhood -> Office -> Food & Drink Shop,4,0.0251661918328585,53,0.0251661918328585
Gym / Fitness Center -> Office -> Subway -> Food & Drink Shop,4,0.0251661918328585,53,0.0251661918328585
Office -> Bank -> Office -> Food & Drink Shop,4,0.0251661918328585,53,0.0251661918328585
Park -> Gym / Fitness Center -> Park -> Food & Drink Shop,4,0.0251661918328585,53,0.0251661918328585
Park -> Office -> Gym / Fitness Center -> Food & Drink Shop,4,0.0251661918328585,53,0.0251661918328585
Deli / Bodega -> Office -> Building -> Office -> Food & Drink Shop,5,0.0251661918328585,53,0.0251661918328585
Gym / Fitness Center -> Coffee Shop -> Gym / Fitness Center -> Office -> Food & Drink Shop,5,0.0251661918328585,53,0.0251661918328585
Gym / Fitness Center -> Office -> Bar -> Office -> Food & Drink Shop,5,0.0251661918328585,53,0.0251661918328585
Gym / Fitness Center -> Office -> Subway -> Food & Drink Shop -> Park,5,0.0251661918328585,42,0.027833001988071572
Office -> Coffee Shop -> Food & Drink Shop -> Office -> Food & Drink Shop,5,0.0251661918328585,53,0.0251661918328585
Office -> Deli / Bodega -> Neighborhood -> Office -> Food & Drink Shop,5,0.0251661918328585,53,0.0251661918328585
Office -> Food & Drink Shop -> Office -> Park -> Food & Drink Shop,5,0.0251661918328585,53,0.0251661918328585
Park -> Gym / Fitness Center -> Park -> Food & Drink Shop -> Park,5,0.0251661918328585,39,0.02584493041749503
Park -> Office -> Gym / Fitness Center -> Food & Drink Shop -> Park,5,0.0251661918328585,42,0.027833001988071572
Home (private) -> Clothing Store,2,0.02511415525114155,22,0.02511415525114155
Bar -> Building -> Clothing Store,3,0.02511415525114155,22,0.02511415525114155
Building -> Subway -> Clothing Store,3,0.02511415525114155,22,0.02511415525114155
Clothing Store -> Train Station -> Clothing Store,3,0.02511415525114155,22,0.02511415525114155
College Academic Building -> Gym / Fitness Center -> Clothing Store,3,0.02511415525114155,22,0.02511415525114155
Deli / Bodega -> College Academic Building -> Clothing Store,3,0.02511415525114155,22,0.02511415525114155
Drugstore / Pharmacy -> Gym / Fitness Center -> Clothing Store,3,0.02511415525114155,22,0.02511415525114155
Hotel -> Subway -> Clothing Store,3,0.02511415525114155,22,0.02511415525114155
Pizza Place -> Office -> Clothing Store,3,0.02511415525114155,22,0.02511415525114155
American Restaurant -> Office -> Deli / Bodega -> Clothing Store,4,0.02511415525114155,22,0.02511415525114155
Bank -> Subway -> Office -> Clothing Store,4,0.02511415525114155,22,0.02511415525114155
Building -> Deli / Bodega -> Coffee Shop -> Clothing Store,4,0.02511415525114155,22,0.02511415525114155
Clothing Store -> Coffee Shop -> Bar -> Clothing Store,4,0.02511415525114155,22,0.02511415525114155
Coffee Shop -> Deli / Bodega -> Building -> Clothing Store,4,0.02511415525114155,22,0.02511415525114155
Coffee Shop -> Food & Drink Shop -> Bar -> Clothing Store,4,0.02511415525114155,22,0.02511415525114155
Deli / Bodega -> Coffee Shop -> Bar -> Clothing Store,4,0.02511415525114155,22,0.02511415525114155
Food & Drink Shop -> Gym / Fitness Center -> Coffee Shop -> Clothing Store,4,0.02511415525114155,22,0.02511415525114155
Food & Drink Shop -> Gym / Fitness Center -> Food & Drink Shop -> Clothing Store,4,0.02511415525114155,22,0.02511415525114155
Gym / Fitness Center -> Coffee Shop -> Deli / Bodega -> Clothing Store,4,0.02511415525114155,22,0.02511415525114155
Gym / Fitness Center -> Food & Drink Shop -> Bar -> Clothing Store,4,0.02511415525114155,22,0.02511415525114155
Gym / Fitness Center -> Park -> American Restaurant -> Clothing Store,4,0.02511415525114155,22,0.02511415525114155
Gym / Fitness Center -> Train Station -> Coffee Shop -> Clothing Store,4,0.02511415525114155,22,0.02511415525114155
Neighborhood -> Building -> Office -> Clothing Store,4,0.02511415525114155,22,0.02511415525114155
Neighborhood -> Subway -> Office -> Clothing Store,4,0.02511415525114155,22,0.02511415525114155
Office -> College Academic Building -> Coffee Shop -> Clothing Store,4,0.02511415525114155,22,0.02511415525114155
Park -> Food & Drink Shop -> American Restaurant -> Clothing Store,4,0.02511415525114155,22,0.02511415525114155
Park -> Gym / Fitness Center -> American Restaurant -> Clothing Store,4,0.02511415525114155,22,0.02511415525114155
Park -> Office -> Deli / Bodega -> Clothing Store,4,0.02511415525114155,22,0.02511415525114155
Subway -> Coffee Shop -> Food & Drink Shop -> Clothing Store,4,0.02511415525114155,22,0.02511415525114155
American Restaurant -> Coffee Shop -> Office -> Building -> Clothing Store,5,0.02511415525114155,22,0.02511415525114155
American Restaurant -> Coffee Shop -> Office -> Coffee Shop -> Clothing Store,5,0.02511415525114155,22,0.02511415525114155
Building -> Coffee Shop -> Office -> Hotel -> Clothing Store,5,0.02511415525114155,22,0.02511415525114155
Building -> Office -> Clothing Store -> Deli / Bodega -> Clothing Store,5,0.02511415525114155,22,0.02511415525114155
Coffee Shop -> Deli / Bodega -> Office -> Park -> Clothing Store,5,0.02511415525114155,22,0.02511415525114155
Coffee Shop -> Food & Drink Shop -> Park -> Food & Drink Shop -> Clothing Store,5,0.02511415525114155,22,0.02511415525114155
Coffee Shop -> Gym / Fitness Center -> Office -> American Restaurant -> Clothing Store,5,0.02511415525114155,22,0.02511415525114155
Coffee Shop -> Gym / Fitness Center -> Park -> Food & Drink Shop -> Clothing Store,5,0.02511415525114155,22,0.02511415525114155
Coffee Shop -> Office -> Coffee Shop -> Deli / Bodega -> Clothing Store,5,0.02511415525114155,22,0.02511415525114155
Coffee Shop -> Office -> Coffee Shop -> Train Station -> Clothing Store,5,0.02511415525114155,22,0.02511415525114155
Coffee Shop -> Subway -> Gym / Fitness Center -> Office -> Clothing Store,5,0.02511415525114155,22,0.02511415525114155
Coffee Shop -> Subway -> Office -> Food & Drink Shop -> Clothing Store,5,0.02511415525114155,22,0.02511415525114155
Deli / Bodega -> Coffee Shop -> Gym / Fitness Center -> Office -> Clothing Store,5,0.02511415525114155,22,0.02511415525114155
Deli / Bodega -> Coffee Shop -> Office -> Gym / Fitness Center -> Clothing Store,5,0.02511415525114155,22,0.02511415525114155
Deli / Bodega -> Gym / Fitness Center -> Office -> Gym / Fitness Center -> Clothing Store,5,0.02511415525114155,22,0.02511415525114155
Deli / Bodega -> Park -> Office -> Coffee Shop -> Clothing Store,5,0.02511415525114155,22,0.02511415525114155
Food & Drink Shop -> Coffee Shop -> Office -> Park -> Clothing Store,5,0.02511415525114155,22,0.02511415525114155
Gym / Fitness Center -> Food & Drink Shop -> Clothing Store -> Park -> Clothing Store,5,0.02511415525114155,22,0.02511415525114155
Gym / Fitness Center -> Hotel -> Office -> Gym / Fitness Center -> Clothing Store,5,0.02511415525114155,22,0.02511415525114155
Gym / Fitness Center -> Neighborhood -> Office -> Gym / Fitness Center -> Clothing Store,5,0.02511415525114155,22,0.02511415525114155
Gym / Fitness Center -> Office -> Bar -> Gym / Fitness Center -> Clothing Store,5,0.02511415525114155,22,0.02511415525114155
Gym / Fitness Center -> Office -> Coffee Shop -> Deli / Bodega -> Clothing Store,5,0.02511415525114155,22,0.02511415525114155
Gym / Fitness Center -> Office -> Subway -> Food & Drink Shop -> Clothing Store,5,0.02511415525114155,22,0.02511415525114155
Hotel -> Coffee Shop -> Office -> Gym / Fitness Center -> Clothing Store,5,0.02511415525114155,22,0.02511415525114155
Hotel -> Gym / Fitness Center -> Office -> Gym / Fitness Center -> Clothing Store,5,0.02511415525114155,22,0.02511415525114155
Hotel -> Office -> Bar -> Office -> Clothing Store,5,0.02511415525114155,22,0.02511415525114155
Neighborhood -> Office -> Coffee Shop -> Gym / Fitness Center -> Clothing Store,5,0.02511415525114155,22,0.02511415525114155
Neighborhood -> Office -> Deli / Bodega -> Office -> Clothing Store,5,0.02511415525114155,22,0.02511415525114155
Office -> Bar -> Coffee Shop -> Office -> Clothing Store,5,0.02511415525114155,22,0.02511415525114155
Office -> Building -> Coffee Shop -> Gym / Fitness Center -> Clothing Store,5,0.02511415525114155,22,0.02511415525114155
Office -> Drugstore / Pharmacy -> Office -> Building -> Clothing Store,5,0.02511415525114155,22,0.02511415525114155
Office -> Hotel -> Office -> Building -> Clothing Store,5,0.02511415525114155,22,0.02511415525114155
Office -> Park -> Office -> Food & Drink Shop -> Clothing Store,5,0.02511415525114155,22,0.02511415525114155
Park -> Coffee Shop -> Gym / Fitness Center -> Park -> Clothing Store,5,0.02511415525114155,22,0.02511415525114155
Park -> Gym / Fitness Center -> Office -> Gym / Fitness Center -> Clothing Store,5,0.02511415525114155,22,0.02511415525114155
Park -> Subway -> Office -> Park -> Clothing Store,5,0.02511415525114155,22,0.02511415525114155
Subway -> Coffee Shop -> Office -> Deli / Bodega -> Clothing Store,5,0.02511415525114155,22,0.02511415525114155
Subway -> Office -> Clothing Store -> Building -> Clothing Store,5,0.02511415525114155,22,0.02511415525114155
Train Station -> Coffee Shop -> Train Station -> Coffee Shop -> Clothing Store,5,0.02511415525114155,22,0.02511415525114155
Hotel -> American Restaurant -> Bus Station,3,0.025067750677506776,37,0.025067750677506776
Office -> Hotel -> Bus Station,3,0.025067750677506776,37,0.025067750677506776
Coffee Shop -> Deli / Bodega -> Coffee Shop -> Gym / Fitness Center,4,0.025030775543701273,61,0.025030775543701273
Food & Drink Shop -> Coffee Shop -> Office -> Gym / Fitness Center,4,0.025030775543701273,61,0.025030775543701273
Food & Drink Shop -> Office -> Coffee Shop -> Gym / Fitness Center,4,0.025030775543701273,61,0.025030775543701273
Gym / Fitness Center -> Office -> Clothing Store -> Gym / Fitness Center,4,0.025030775543701273,61,0.025030775543701273
Office -> Coffee Shop -> Clothing Store -> Gym / Fitness Center,4,0.025030775543701273,61,0.025030775543701273
Office -> Park -> Coffee Shop -> Gym / Fitness Center,4,0.025030775543701273,61,0.025030775543701273
Subway -> Office -> Food & Drink Shop -> Gym / Fitness Center,4,0.025030775543701273,61,0.025030775543701273
Subway -> Office -> Park -> Gym / Fitness Center,4,0.025030775543701273,61,0.025030775543701273
Coffee Shop -> Office -> Train Station -> Office -> Gym / Fitness Center,5,0.025030775543701273,61,0.025030775543701273
Food & Drink Shop -> Office -> Coffee Shop -> Gym / Fitness Center -> Clothing Store,5,0.025030775543701273,22,0.02511415525114155
Gym / Fitness Center -> Office -> Clothing Store -> Gym / Fitness Center -> Clothing Store,5,0.025030775543701273,36,0.0410958904109589
Office -> Coffee Shop -> Clothing Store -> Gym / Fitness Center -> Clothing Store,5,0.025030775543701273,31,0.03538812785388128
Office -> Coffee Shop -> Office -> Park -> Gym / Fitness Center,5,0.025030775543701273,61,0.025030775543701273
Subway -> Office -> Park -> Gym / Fitness Center -> Park,5,0.025030775543701273,39,0.02584493041749503
Subway -> Office -> Park -> Office -> Gym / Fitness Center,5,0.025030775543701273,61,0.025030775543701273
Train Station -> Office -> Train Station -> Office -> Gym / Fitness Center,5,0.025030775543701273,61,0.025030775543701273
Bank -> Building -> Office,3,0.025019962736225712,94,0.025019962736225712
Bank -> Building -> Office -> Clothing Store,4,0.025019962736225712,27,0.030821917808219176
Building -> Office -> Park -> Office,4,0.025019962736225712,94,0.025019962736225712
Gym / Fitness Center -> Coffee Shop -> Food & Drink Shop -> Office,4,0.025019962736225712,94,0.025019962736225712
Office -> Coffee Shop -> Bank -> Office,4,0.025019962736225712,94,0.025019962736225712
Park -> Deli / Bodega -> Building -> Office,4,0.025019962736225712,94,0.025019962736225712
Bar -> Train Station -> Office -> Deli / Bodega -> Office,5,0.025019962736225712,94,0.025019962736225712
Building -> Office -> Park -> Office -> Clothing Store,5,0.025019962736225712,33,0.03767123287671233
Building -> Office -> Park -> Office -> Park,5,0.025019962736225712,46,0.030483764082173626
Coffee Shop -> Deli / Bodega -> Office -> Clothing Store -> Office,5,0.025019962736225712,94,0.025019962736225712
Coffee Shop -> Office -> Subway -> Deli / Bodega -> Office,5,0.025019962736225712,94,0.025019962736225712
Gym / Fitness Center -> Coffee Shop -> Food & Drink Shop -> Office -> Clothing Store,5,0.025019962736225712,25,0.028538812785388126
Gym / Fitness Center -> Coffee Shop -> Food & Drink Shop -> Office -> Park,5,0.025019962736225712,38,0.025182239893969515
Gym / Fitness Center -> Office -> Coffee Shop -> Neighborhood -> Office,5,0.025019962736225712,94,0.025019962736225712
Gym / Fitness Center -> Subway -> Office -> Building -> Office,5,0.025019962736225712,94,0.025019962736225712
Office -> Coffee Shop -> Bank -> Office -> Clothing Store,5,0.025019962736225712,22,0.02511415525114155
Park -> Coffee Shop -> Office -> Deli / Bodega -> Office,5,0.025019962736225712,94,0.025019962736225712
Subway -> Gym / Fitness Center -> Office -> Gym / Fitness Center -> Office,5,0.025019962736225712,94,0.025019962736225712
Bank -> Coffee Shop -> Hotel,3,0.02497027348394768,21,0.02497027348394768
Bar -> Drugstore / Pharmacy -> Hotel,3,0.02497027348394768,21,0.02497027348394768
Coffee Shop -> Bus Station -> Hotel,3,0.02497027348394768,21,0.02497027348394768
College Academic Building -> Bar -> Hotel,3,0.02497027348394768,21,0.02497027348394768
Deli / Bodega -> Bank -> Hotel,3,0.02497027348394768,21,0.02497027348394768
Deli / Bodega -> Neighborhood -> Hotel,3,0.02497027348394768,21,0.02497027348394768
Hotel -> Drugstore / Pharmacy -> Hotel,3,0.02497027348394768,21,0.02497027348394768
Neighborhood -> Coffee Shop -> Hotel,3,0.02497027348394768,21,0.02497027348394768
Subway -> Deli / Bodega -> Hotel,3,0.02497027348394768,21,0.02497027348394768
Subway -> Park -> Hotel,3,0.02497027348394768,21,0.02497027348394768
Train Station -> Clothing Store -> Hotel,3,0.02497027348394768,21,0.02497027348394768
American Restaurant -> Bar -> Bus Station -> Hotel,4,0.02497027348394768,21,0.02497027348394768
Bank -> Building -> Office -> Hotel,4,0.02497027348394768,21,0.02497027348394768
Bar -> Subway -> Bar -> Hotel,4,0.02497027348394768,21,0.02497027348394768
Building -> Gym / Fitness Center -> Coffee Shop -> Hotel,4,0.02497027348394768,21,0.02497027348394768
Building -> Office -> Building -> Hotel,4,0.02497027348394768,21,0.02497027348394768
Building -> Office -> Neighborhood -> Hotel,4,0.02497027348394768,21,0.02497027348394768
Clothing Store -> Coffee Shop -> Bar -> Hotel,4,0.02497027348394768,21,0.02497027348394768
Coffee Shop -> Bank -> Office -> Hotel,4,0.02497027348394768,21,0.02497027348394768
Coffee Shop -> Subway -> Coffee Shop -> Hotel,4,0.02497027348394768,21,0.02497027348394768
Deli / Bodega -> Office -> Deli / Bodega -> Hotel,4,0.02497027348394768,21,0.02497027348394768
Drugstore / Pharmacy -> Subway -> Office -> Hotel,4,0.02497027348394768,21,0.02497027348394768
Food & Drink Shop -> Coffee Shop -> Gym / Fitness Center -> Hotel,4,0.02497027348394768,21,0.02497027348394768
Food & Drink Shop -> Subway -> Office -> Hotel,4,0.02497027348394768,21,0.02497027348394768
Gym / Fitness Center -> Coffee Shop -> Deli / Bodega -> Hotel,4,0.02497027348394768,21,0.02497027348394768
Gym / Fitness Center -> Train Station -> Coffee Shop -> Hotel,4,0.02497027348394768,21,0.02497027348394768
Hotel -> American Restaurant -> Bus Station -> Hotel,4,0.02497027348394768,21,0.02497027348394768
Hotel -> Bar -> American Restaurant -> Hotel,4,0.02497027348394768,21,0.02497027348394768
Hotel -> Bar -> Office -> Hotel,4,0.02497027348394768,21,0.02497027348394768
Hotel -> Bar -> Train Station -> Hotel,4,0.02497027348394768,21,0.02497027348394768
Hotel -> Coffee Shop -> Clothing Store -> Hotel,4,0.02497027348394768,21,0.02497027348394768
Hotel -> Train Station -> Office -> Hotel,4,0.02497027348394768,21,0.02497027348394768
Office -> Bar -> Subway -> Hotel,4,0.02497027348394768,21,0.02497027348394768
Office -> Hotel -> Clothing Store -> Hotel,4,0.02497027348394768,21,0.02497027348394768
Office -> Subway -> Gym / Fitness Center -> Hotel,4,0.02497027348394768,21,0.02497027348394768
Subway -> Neighborhood -> Office -> Hotel,4,0.02497027348394768,21,0.02497027348394768
Train Station -> Office -> Building -> Hotel,4,0.02497027348394768,21,0.02497027348394768
Train Station -> Office -> Gym / Fitness Center -> Hotel,4,0.02497027348394768,21,0.02497027348394768
American Restaurant -> Bar -> Hotel -> Bar -> Hotel,5,0.02497027348394768,21,0.02497027348394768
Clothing Store -> Bar -> American Restaurant -> Bar -> Hotel,5,0.02497027348394768,21,0.02497027348394768
Clothing Store -> Office -> Coffee Shop -> Office -> Hotel,5,0.02497027348394768,21,0.02497027348394768
Coffee Shop -> Building -> Deli / Bodega -> Office -> Hotel,5,0.02497027348394768,21,0.02497027348394768
Coffee Shop -> Clothing Store -> Office -> Clothing Store -> Hotel,5,0.02497027348394768,21,0.02497027348394768
Coffee Shop -> Hotel -> Office -> American Restaurant -> Hotel,5,0.02497027348394768,21,0.02497027348394768
Coffee Shop -> Hotel -> Office -> Clothing Store -> Hotel,5,0.02497027348394768,21,0.02497027348394768
Coffee Shop -> Office -> Coffee Shop -> Deli / Bodega -> Hotel,5,0.02497027348394768,21,0.02497027348394768
Deli / Bodega -> Coffee Shop -> Building -> Office -> Hotel,5,0.02497027348394768,21,0.02497027348394768
Deli / Bodega -> Office -> Bar -> Office -> Hotel,5,0.02497027348394768,21,0.02497027348394768
Deli / Bodega -> Office -> Gym / Fitness Center -> Coffee Shop -> Hotel,5,0.02497027348394768,21,0.02497027348394768
Gym / Fitness Center -> Clothing Store -> Office -> Coffee Shop -> Hotel,5,0.02497027348394768,21,0.02497027348394768
Gym / Fitness Center -> Coffee Shop -> Office -> Gym / Fitness Center -> Hotel,5,0.02497027348394768,21,0.02497027348394768
Gym / Fitness Center -> Coffee Shop -> Office -> Train Station -> Hotel,5,0.02497027348394768,21,0.02497027348394768
Gym / Fitness Center -> Office -> Gym / Fitness Center -> Train Station -> Hotel,5,0.02497027348394768,21,0.02497027348394768
Neighborhood -> Office -> Building -> Office -> Hotel,5,0.02497027348394768,21,0.02497027348394768
Neighborhood -> Office -> Subway -> Office -> Hotel,5,0.02497027348394768,21,0.02497027348394768
Office -> Building -> Gym / Fitness Center -> Train Station -> Hotel,5,0.02497027348394768,21,0.02497027348394768
Office -> Building -> Office -> Clothing Store -> Hotel,5,0.02497027348394768,21,0.02497027348394768
Office -> Coffee Shop -> Gym / Fitness Center -> Train Station -> Hotel,5,0.02497027348394768,21,0.02497027348394768
Office -> Food & Drink Shop -> Office -> Bar -> Hotel,5,0.02497027348394768,21,0.02497027348394768
Office -> Gym / Fitness Center -> Coffee Shop -> Train Station -> Hotel,5,0.02497027348394768,21,0.02497027348394768
Office -> Gym / Fitness Center -> Office -> Clothing Store -> Hotel,5,0.02497027348394768,21,0.02497027348394768
Office -> Park -> Office -> Coffee Shop -> Hotel,5,0.02497027348394768,21,0.02497027348394768
Office -> Train Station -> Hotel -> Train Station -> Hotel,5,0.02497027348394768,21,0.02497027348394768
Park -> Office -> Building -> Office -> Hotel,5,0.02497027348394768,21,0.02497027348394768
Park -> Office -> Neighborhood -> Office -> Hotel,5,0.02497027348394768,21,0.02497027348394768
Subway -> Coffee Shop -> Office -> Gym / Fitness Center -> Hotel,5,0.02497027348394768,21,0.02497027348394768
Bar -> Office -> College Academic Building,3,0.024944974321349962,34,0.024944974321349962
College Academic Building -> Office -> Coffee Shop -> College Academic Building,4,0.024944974321349962,34,0.024944974321349962
Deli / Bodega -> Park -> Office -> College Academic Building,4,0.024944974321349962,34,0.024944974321349962
Park -> Office -> Deli / Bodega -> College Academic Building,4,0.024944974321349962,34,0.024944974321349962
Coffee Shop -> Deli / Bodega -> Office -> Coffee Shop -> College Academic Building,5,0.024944974321349962,34,0.024944974321349962
Deli / Bodega -> Office -> Deli / Bodega -> Coffee Shop -> College Academic Building,5,0.024944974321349962,34,0.024944974321349962
Gym / Fitness Center -> Coffee Shop -> Office -> Deli / Bodega -> College Academic Building,5,0.024944974321349962,34,0.024944974321349962
Pizza Place -> Building,2,0.024907749077490774,27,0.024907749077490774
Gym / Fitness Center -> Park -> Building,3,0.024907749077490774,27,0.024907749077490774
Bar -> Coffee Shop -> Office -> Building,4,0.024907749077490774,27,0.024907749077490774
Building -> Subway -> Office -> Building,4,0.024907749077490774,27,0.024907749077490774
Coffee Shop -> Bar -> Office -> Building,4,0.024907749077490774,27,0.024907749077490774
Coffee Shop -> Office -> Bar -> Building,4,0.024907749077490774,27,0.024907749077490774
Coffee Shop -> Office -> Food & Drink Shop -> Building,4,0.024907749077490774,27,0.024907749077490774
Coffee Shop -> Office -> Neighborhood -> Building,4,0.024907749077490774,27,0.024907749077490774
Coffee Shop -> Train Station -> Coffee Shop -> Building,4,0.024907749077490774,27,0.024907749077490774
Deli / Bodega -> Coffee Shop -> Gym / Fitness Center -> Building,4,0.024907749077490774,27,0.024907749077490774
Gym / Fitness Center -> Building -> Coffee Shop -> Building,4,0.024907749077490774,27,0.024907749077490774
Gym / Fitness Center -> Clothing Store -> Office -> Building,4,0.024907749077490774,27,0.024907749077490774
Gym / Fitness Center -> Coffee Shop -> Deli / Bodega -> Building,4,0.024907749077490774,27,0.024907749077490774
Gym / Fitness Center -> Coffee Shop -> Gym / Fitness Center -> Building,4,0.024907749077490774,27,0.024907749077490774
Gym / Fitness Center -> Office -> Neighborhood -> Building,4,0.024907749077490774,27,0.024907749077490774
Bar -> Office -> Deli / Bodega -> Office -> Building,5,0.024907749077490774,27,0.024907749077490774
Building -> Office -> Neighborhood -> Office -> Building,5,0.024907749077490774,27,0.024907749077490774
Coffee Shop -> Train Station -> Office -> Train Station -> Building,5,0.024907749077490774,27,0.024907749077490774
Deli / Bodega -> Coffee Shop -> Office -> Clothing Store -> Building,5,0.024907749077490774,27,0.024907749077490774
Deli / Bodega -> Gym / Fitness Center -> Coffee Shop -> Office -> Building,5,0.024907749077490774,27,0.024907749077490774
Gym / Fitness Center -> Subway -> Coffee Shop -> Office -> Building,5,0.024907749077490774,27,0.024907749077490774
Office -> Coffee Shop -> Neighborhood -> Office -> Building,5,0.024907749077490774,27,0.024907749077490774
Office -> Deli / Bodega -> Office -> Subway -> Building,5,0.024907749077490774,27,0.024907749077490774
Office -> Deli / Bodega -> Park -> Office -> Building,5,0.024907749077490774,27,0.024907749077490774
Office -> Gym / Fitness Center -> Office -> Deli / Bodega -> Building,5,0.024907749077490774,27,0.024907749077490774
Office -> Hotel -> Office -> Coffee Shop -> Building,5,0.024907749077490774,27,0.024907749077490774
Train Station -> Coffee Shop -> Building -> Office -> Building,5,0.024907749077490774,27,0.024907749077490774
Train Station -> Office -> Coffee Shop -> Train Station -> Building,5,0.024907749077490774,27,0.024907749077490774
Residential Building (Apartment / Condo) -> American Restaurant,2,0.024880382775119617,26,0.024880382775119617
American Restaurant -> Park -> American Restaurant,3,0.024880382775119617,26,0.024880382775119617
Bar -> Bus Station -> American Restaurant,3,0.024880382775119617,26,0.024880382775119617
Clothing Store -> Coffee Shop -> American Restaurant,3,0.024880382775119617,26,0.024880382775119617
Hotel -> Coffee Shop -> American Restaurant,3,0.024880382775119617,26,0.024880382775119617
Office -> Bus Station -> American Restaurant,3,0.024880382775119617,26,0.024880382775119617
Bar -> Coffee Shop -> Office -> American Restaurant,4,0.024880382775119617,26,0.024880382775119617
Building -> Office -> Gym / Fitness Center -> American Restaurant,4,0.024880382775119617,26,0.024880382775119617
Gym / Fitness Center -> Bar -> Office -> American Restaurant,4,0.024880382775119617,26,0.024880382775119617
Gym / Fitness Center -> Office -> Subway -> American Restaurant,4,0.024880382775119617,26,0.024880382775119617
Office -> Bank -> Office -> American Restaurant,4,0.024880382775119617,26,0.024880382775119617
Office -> Coffee Shop -> Food & Drink Shop -> American Restaurant,4,0.024880382775119617,26,0.024880382775119617
Office -> Drugstore / Pharmacy -> Office -> American Restaurant,4,0.024880382775119617,26,0.024880382775119617
Subway -> Office -> Park -> American Restaurant,4,0.024880382775119617,26,0.024880382775119617
Coffee Shop -> Office -> Bar -> Office -> American Restaurant,5,0.024880382775119617,26,0.024880382775119617
Coffee Shop -> Office -> Food & Drink Shop -> Office -> American Restaurant,5,0.024880382775119617,26,0.024880382775119617
Gym / Fitness Center -> Food & Drink Shop -> Office -> Park -> American Restaurant,5,0.024880382775119617,26,0.024880382775119617
Office -> Gym / Fitness Center -> Office -> Gym / Fitness Center -> American Restaurant,5,0.024880382775119617,26,0.024880382775119617
Gym / Fitness Center -> Bar -> Gym / Fitness Center -> Bar,4,0.024856156501726123,108,0.024856156501726123
Gym / Fitness Center -> Hotel -> Coffee Shop,3,0.024830699774266364,55,0.024830699774266364
Building -> Coffee Shop -> Deli / Bodega -> Coffee Shop,4,0.024830699774266364,55,0.024830699774266364
Bus Station -> Coffee Shop -> Office -> Coffee Shop,4,0.024830699774266364,55,0.024830699774266364
Drugstore / Pharmacy -> Deli / Bodega -> Office -> Coffee Shop,4,0.024830699774266364,55,0.024830699774266364
Gym / Fitness Center -> Hotel -> Coffee Shop -> Clothing Store,4,0.024830699774266364,25,0.028538812785388126
Gym / Fitness Center -> Hotel -> Coffee Shop -> Hotel,4,0.024830699774266364,22,0.026159334126040427
Office -> Building -> Gym / Fitness Center -> Coffee Shop,4,0.024830699774266364,55,0.024830699774266364
Office -> College Academic Building -> Office -> Coffee Shop,4,0.024830699774266364,55,0.024830699774266364
Subway -> Office -> Building -> Coffee Shop,4,0.024830699774266364,55,0.024830699774266364
Bus Station -> Coffee Shop -> Office -> Coffee Shop -> Clothing Store,5,0.024830699774266364,24,0.0273972602739726
Bus Station -> Coffee Shop -> Office -> Coffee Shop -> Office,5,0.024830699774266364,114,0.030343359063082248
Deli / Bodega -> Building -> Office -> Deli / Bodega -> Coffee Shop,5,0.024830699774266364,55,0.024830699774266364
Drugstore / Pharmacy -> Deli / Bodega -> Office -> Coffee Shop -> Office,5,0.024830699774266364,113,0.03007718924673942
Drugstore / Pharmacy -> Office -> Deli / Bodega -> Office -> Coffee Shop,5,0.024830699774266364,55,0.024830699774266364
Gym / Fitness Center -> Coffee Shop -> Office -> Food & Drink Shop -> Coffee Shop,5,0.024830699774266364,55,0.024830699774266364
Office -> Building -> Gym / Fitness Center -> Coffee Shop -> Train Station,5,0.024830699774266364,55,0.026227944682880304
Office -> Coffee Shop -> Office -> Bar -> Coffee Shop,5,0.024830699774266364,55,0.024830699774266364
Office -> Deli / Bodega -> Office -> Subway -> Coffee Shop,5,0.024830699774266364,55,0.024830699774266364
Office -> Subway -> Building -> Office -> Coffee Shop,5,0.024830699774266364,55,0.024830699774266364
Subway -> Office -> Building -> Coffee Shop -> Clothing Store,5,0.024830699774266364,29,0.033105022831050226
Train Station -> Office -> Clothing Store -> Office -> Coffee Shop,5,0.024830699774266364,55,0.024830699774266364
Hotel -> Gym / Fitness Center -> Train Station,3,0.02479732951835956,52,0.02479732951835956
Coffee Shop -> Food & Drink Shop -> Office -> Train Station,4,0.02479732951835956,52,0.02479732951835956
Coffee Shop -> Train Station -> Clothing Store -> Train Station,4,0.02479732951835956,52,0.02479732951835956
Deli / Bodega -> Gym / Fitness Center -> Coffee Shop -> Train Station,4,0.02479732951835956,52,0.02479732951835956
Deli / Bodega -> Subway -> Office -> Train Station,4,0.02479732951835956,52,0.02479732951835956
Building -> Office -> Train Station -> Building -> Train Station,5,0.02479732951835956,52,0.02479732951835956
Gym / Fitness Center -> Office -> Coffee Shop -> Gym / Fitness Center -> Train Station,5,0.02479732951835956,52,0.02479732951835956
Office -> Bank -> Office -> Gym / Fitness Center -> Train Station,5,0.02479732951835956,52,0.02479732951835956
Office -> Building -> Office -> Building -> Train Station,5,0.02479732951835956,52,0.02479732951835956
Office -> Train Station -> Office -> Clothing Store -> Train Station,5,0.02479732951835956,52,0.02479732951835956
Train Station -> Office -> Train Station -> Clothing Store -> Train Station,5,0.02479732951835956,52,0.02479732951835956
American Restaurant -> Office -> Gym / Fitness Center -> Office,4,0.024753792919882885,93,0.024753792919882885
Building -> Coffee Shop -> Gym / Fitness Center -> Office,4,0.024753792919882885,93,0.024753792919882885
Building -> Office -> Bar -> Office,4,0.024753792919882885,93,0.024753792919882885
Deli / Bodega -> Gym / Fitness Center -> Deli / Bodega -> Office,4,0.024753792919882885,93,0.024753792919882885
Gym / Fitness Center -> Hotel -> Coffee Shop -> Office,4,0.024753792919882885,93,0.024753792919882885
Gym / Fitness Center -> Hotel -> Gym / Fitness Center -> Office,4,0.024753792919882885,93,0.024753792919882885
Office -> Building -> Bank -> Office,4,0.024753792919882885,93,0.024753792919882885
Office -> Coffee Shop -> Drugstore / Pharmacy -> Office,4,0.024753792919882885,93,0.024753792919882885
American Restaurant -> Office -> Gym / Fitness Center -> Office -> Clothing Store,5,0.024753792919882885,38,0.04337899543378995
American Restaurant -> Office -> Gym / Fitness Center -> Office -> Hotel,5,0.024753792919882885,21,0.02497027348394768
Building -> Coffee Shop -> Gym / Fitness Center -> Office -> Clothing Store,5,0.024753792919882885,22,0.02511415525114155
Building -> Coffee Shop -> Gym / Fitness Center -> Office -> Hotel,5,0.024753792919882885,21,0.02497027348394768
Building -> Coffee Shop -> Gym / Fitness Center -> Office -> Park,5,0.024753792919882885,40,0.026507620941020542
Building -> Office -> Bar -> Office -> Clothing Store,5,0.024753792919882885,30,0.03424657534246575
Building -> Office -> Bar -> Office -> Hotel,5,0.024753792919882885,24,0.028537455410225922
Building -> Office -> Bar -> Office -> Train Station,5,0.024753792919882885,55,0.026227944682880304
Coffee Shop -> Neighborhood -> Office -> Coffee Shop -> Office,5,0.024753792919882885,93,0.024753792919882885
Deli / Bodega -> Gym / Fitness Center -> Deli / Bodega -> Office -> Bank,5,0.024753792919882885,17,0.02750809061488673
Gym / Fitness Center -> Hotel -> Coffee Shop -> Office -> Building,5,0.024753792919882885,27,0.024907749077490774
Gym / Fitness Center -> Hotel -> Coffee Shop -> Office -> Clothing Store,5,0.024753792919882885,26,0.02968036529680365
Gym / Fitness Center -> Hotel -> Coffee Shop -> Office -> Hotel,5,0.024753792919882885,21,0.02497027348394768
Gym / Fitness Center -> Hotel -> Gym / Fitness Center -> Office -> Clothing Store,5,0.024753792919882885,27,0.030821917808219176
Gym / Fitness Center -> Office -> Neighborhood -> Deli / Bodega -> Office,5,0.024753792919882885,93,0.024753792919882885
Office -> Deli / Bodega -> Coffee Shop -> Deli / Bodega -> Office,5,0.024753792919882885,93,0.024753792919882885
American Restaurant -> Office -> Food & Drink Shop,3,0.024691358024691357,52,0.024691358024691357
Bar -> Gym / Fitness Center -> Food & Drink Shop,3,0.024691358024691357,52,0.024691358024691357
Clothing Store -> Park -> Food & Drink Shop,3,0.024691358024691357,52,0.024691358024691357
Building -> Office -> Gym / Fitness Center -> Food & Drink Shop,4,0.024691358024691357,52,0.024691358024691357
Deli / Bodega -> Park -> Office -> Food & Drink Shop,4,0.024691358024691357,52,0.024691358024691357
Food & Drink Shop -> Coffee Shop -> Office -> Food & Drink Shop,4,0.024691358024691357,52,0.024691358024691357
Building -> Office -> Gym / Fitness Center -> Office -> Food & Drink Shop,5,0.024691358024691357,52,0.024691358024691357
Gym / Fitness Center -> Subway -> Office -> Coffee Shop -> Food & Drink Shop,5,0.024691358024691357,52,0.024691358024691357
Neighborhood -> Office -> Food & Drink Shop -> Office -> Food & Drink Shop,5,0.024691358024691357,52,0.024691358024691357
Subway -> Office -> Deli / Bodega -> Office -> Food & Drink Shop,5,0.024691358024691357,52,0.024691358024691357
Office -> Building -> Subway,3,0.02465023317788141,74,0.02465023317788141
Coffee Shop -> Building -> Office -> Subway,4,0.02465023317788141,74,0.02465023317788141
Office -> Building -> Subway -> Hotel,4,0.02465023317788141,34,0.04042806183115339
Office -> Building -> Subway -> Office,4,0.02465023317788141,138,0.03673143465531009
Coffee Shop -> Building -> Office -> Subway -> Bank,5,0.02465023317788141,16,0.025889967637540454
Coffee Shop -> Building -> Office -> Subway -> Hotel,5,0.02465023317788141,26,0.030915576694411414
Coffee Shop -> Building -> Office -> Subway -> Office,5,0.02465023317788141,143,0.03806228373702422
Coffee Shop -> Office -> Building -> Office -> Subway,5,0.02465023317788141,74,0.02465023317788141
Office -> Building -> Subway -> Office -> Clothing Store,5,0.02465023317788141,33,0.03767123287671233
Office -> Building -> Subway -> Office -> Coffee Shop,5,0.02465023317788141,58,0.02618510158013544
Office -> Building -> Subway -> Office -> Hotel,5,0.02465023317788141,30,0.0356718192627824
Subway -> Office -> Coffee Shop -> Office -> Subway,5,0.02465023317788141,74,0.02465023317788141
Coffee Shop -> Clothing Store -> Bar -> American Restaurant -> Bar,5,0.024626006904487917,107,0.024626006904487917
Coffee Shop -> American Restaurant -> Gym / Fitness Center,3,0.024620434961017644,60,0.024620434961017644
Coffee Shop -> Office -> Hotel -> Gym / Fitness Center,4,0.024620434961017644,60,0.024620434961017644
Bank -> Office -> Building -> Office -> Gym / Fitness Center,5,0.024620434961017644,60,0.024620434961017644
Deli / Bodega -> Coffee Shop -> Gym / Fitness Center -> Office -> Gym / Fitness Center,5,0.024620434961017644,60,0.024620434961017644
Deli / Bodega -> Park -> Coffee Shop -> Office -> Gym / Fitness Center,5,0.024620434961017644,60,0.024620434961017644
Office -> Coffee Shop -> Office -> Building -> Gym / Fitness Center,5,0.024620434961017644,60,0.024620434961017644
Office -> Deli / Bodega -> Gym / Fitness Center -> Office -> Gym / Fitness Center,5,0.024620434961017644,60,0.024620434961017644
Other Great Outdoors -> Pizza Place,2,0.024566473988439308,17,0.024566473988439308
Bar -> Food & Drink Shop -> Pizza Place,3,0.024566473988439308,17,0.024566473988439308
Coffee Shop -> American Restaurant -> Pizza Place,3,0.024566473988439308,17,0.024566473988439308
Coffee Shop -> Drugstore / Pharmacy -> Pizza Place,3,0.024566473988439308,17,0.024566473988439308
Gym / Fitness Center -> Clothing Store -> Pizza Place,3,0.024566473988439308,17,0.024566473988439308
Office -> Park -> Pizza Place,3,0.024566473988439308,17,0.024566473988439308
Subway -> Gym / Fitness Center -> Pizza Place,3,0.024566473988439308,17,0.024566473988439308
Building -> Office -> Coffee Shop -> Pizza Place,4,0.024566473988439308,17,0.024566473988439308
Clothing Store -> Gym / Fitness Center -> Bar -> Pizza Place,4,0.024566473988439308,17,0.024566473988439308
Coffee Shop -> American Restaurant -> Bar -> Pizza Place,4,0.024566473988439308,17,0.024566473988439308
Coffee Shop -> Office -> Food & Drink Shop -> Pizza Place,4,0.024566473988439308,17,0.024566473988439308
Coffee Shop -> Park -> Bar -> Pizza Place,4,0.024566473988439308,17,0.024566473988439308
Deli / Bodega -> Office -> Gym / Fitness Center -> Pizza Place,4,0.024566473988439308,17,0.024566473988439308
Gym / Fitness Center -> Building -> Office -> Pizza Place,4,0.024566473988439308,17,0.024566473988439308
Gym / Fitness Center -> Clothing Store -> Bar -> Pizza Place,4,0.024566473988439308,17,0.024566473988439308
Gym / Fitness Center -> Office -> Subway -> Pizza Place,4,0.024566473988439308,17,0.024566473988439308
Office -> Clothing Store -> Office -> Pizza Place,4,0.024566473988439308,17,0.024566473988439308
Office -> Food & Drink Shop -> Bar -> Pizza Place,4,0.024566473988439308,17,0.024566473988439308
Office -> Park -> Office -> Pizza Place,4,0.024566473988439308,17,0.024566473988439308
Office -> Subway -> Bar -> Pizza Place,4,0.024566473988439308,17,0.024566473988439308
Park -> American Restaurant -> Bar -> Pizza Place,4,0.024566473988439308,17,0.024566473988439308
American Restaurant -> Bar -> American Restaurant -> Bar -> Pizza Place,5,0.024566473988439308,17,0.024566473988439308
Coffee Shop -> Office -> Hotel -> Office -> Pizza Place,5,0.024566473988439308,17,0.024566473988439308
Gym / Fitness Center -> Office -> Subway -> Office -> Pizza Place,5,0.024566473988439308,17,0.024566473988439308
Office -> Deli / Bodega -> Office -> Coffee Shop -> Pizza Place,5,0.024566473988439308,17,0.024566473988439308
Subway -> Office -> Subway -> Office -> Pizza Place,5,0.024566473988439308,17,0.024566473988439308
College Academic Building -> Coffee Shop -> Park,3,0.024519549370444003,37,0.024519549370444003
Office -> Neighborhood -> Park,3,0.024519549370444003,37,0.024519549370444003
Park -> Drugstore / Pharmacy -> Park,3,0.024519549370444003,37,0.024519549370444003
Subway -> Bar -> Park,3,0.024519549370444003,37,0.024519549370444003
Coffee Shop -> Gym / Fitness Center -> Bar -> Park,4,0.024519549370444003,37,0.024519549370444003
Coffee Shop -> Gym / Fitness Center -> Coffee Shop -> Park,4,0.024519549370444003,37,0.024519549370444003
Coffee Shop -> Office -> Building -> Park,4,0.024519549370444003,37,0.024519549370444003
Food & Drink Shop -> Gym / Fitness Center -> Office -> Park,4,0.024519549370444003,37,0.024519549370444003
Gym / Fitness Center -> Coffee Shop -> Deli / Bodega -> Park,4,0.024519549370444003,37,0.024519549370444003
Gym / Fitness Center -> Subway -> Food & Drink Shop -> Park,4,0.024519549370444003,37,0.024519549370444003
Neighborhood -> Office -> Food & Drink Shop -> Park,4,0.024519549370444003,37,0.024519549370444003
Office -> Coffee Shop -> Clothing Store -> Park,4,0.024519549370444003,37,0.024519549370444003
Office -> Coffee Shop -> Subway -> Park,4,0.024519549370444003,37,0.024519549370444003
Office -> Subway -> Gym / Fitness Center -> Park,4,0.024519549370444003,37,0.024519549370444003
Park -> Office -> Coffee Shop -> Park,4,0.024519549370444003,37,0.024519549370444003
Subway -> Park -> Clothing Store -> Park,4,0.024519549370444003,37,0.024519549370444003
Coffee Shop -> Building -> Coffee Shop -> Office -> Park,5,0.024519549370444003,37,0.024519549370444003
Coffee Shop -> Deli / Bodega -> Office -> Deli / Bodega -> Park,5,0.024519549370444003,37,0.024519549370444003
Coffee Shop -> Gym / Fitness Center -> Deli / Bodega -> Office -> Park,5,0.024519549370444003,37,0.024519549370444003
Coffee Shop -> Office -> Bank -> Office -> Park,5,0.024519549370444003,37,0.024519549370444003
Coffee Shop -> Office -> Coffee Shop -> Food & Drink Shop -> Park,5,0.024519549370444003,37,0.024519549370444003
Deli / Bodega -> Building -> Deli / Bodega -> Office -> Park,5,0.024519549370444003,37,0.024519549370444003
Deli / Bodega -> Coffee Shop -> Gym / Fitness Center -> Office -> Park,5,0.024519549370444003,37,0.024519549370444003
Deli / Bodega -> Coffee Shop -> Office -> Deli / Bodega -> Park,5,0.024519549370444003,37,0.024519549370444003
Deli / Bodega -> Gym / Fitness Center -> Building -> Office -> Park,5,0.024519549370444003,37,0.024519549370444003
Deli / Bodega -> Gym / Fitness Center -> Office -> Deli / Bodega -> Park,5,0.024519549370444003,37,0.024519549370444003
Deli / Bodega -> Office -> Bank -> Office -> Park,5,0.024519549370444003,37,0.024519549370444003
Gym / Fitness Center -> Subway -> Office -> Clothing Store -> Park,5,0.024519549370444003,37,0.024519549370444003
Hotel -> Office -> Subway -> Office -> Park,5,0.024519549370444003,37,0.024519549370444003
Office -> Building -> Deli / Bodega -> Office -> Park,5,0.024519549370444003,37,0.024519549370444003
Office -> Food & Drink Shop -> Coffee Shop -> Office -> Park,5,0.024519549370444003,37,0.024519549370444003
Office -> Neighborhood -> Coffee Shop -> Office -> Park,5,0.024519549370444003,37,0.024519549370444003
Office -> Park -> Office -> Clothing Store -> Park,5,0.024519549370444003,37,0.024519549370444003
Office -> Subway -> Gym / Fitness Center -> Office -> Park,5,0.024519549370444003,37,0.024519549370444003
Office -> Subway -> Office -> Deli / Bodega -> Park,5,0.024519549370444003,37,0.024519549370444003
Office -> Subway -> Office -> Subway -> Park,5,0.024519549370444003,37,0.024519549370444003
Park -> Deli / Bodega -> Coffee Shop -> Office -> Park,5,0.024519549370444003,37,0.024519549370444003
Park -> Subway -> Coffee Shop -> Office -> Park,5,0.024519549370444003,37,0.024519549370444003
Subway -> Coffee Shop -> Office -> Gym / Fitness Center -> Park,5,0.024519549370444003,37,0.024519549370444003
Deli / Bodega -> Office -> Drugstore / Pharmacy -> Office,4,0.02448762310354006,92,0.02448762310354006
Neighborhood -> Office -> Clothing Store -> Office,4,0.02448762310354006,92,0.02448762310354006
Office -> Drugstore / Pharmacy -> Deli / Bodega -> Office,4,0.02448762310354006,92,0.02448762310354006
Office -> Hotel -> Bar -> Office,4,0.02448762310354006,92,0.02448762310354006
Bar -> Gym / Fitness Center -> Office -> Deli / Bodega -> Office,5,0.02448762310354006,92,0.02448762310354006
Building -> Deli / Bodega -> Office -> Deli / Bodega -> Office,5,0.02448762310354006,92,0.02448762310354006
Coffee Shop -> Subway -> Office -> Hotel -> Office,5,0.02448762310354006,92,0.02448762310354006
Deli / Bodega -> Park -> Office -> Building -> Office,5,0.02448762310354006,92,0.02448762310354006
Gym / Fitness Center -> Subway -> Office -> Deli / Bodega -> Office,5,0.02448762310354006,92,0.02448762310354006
Hotel -> Office -> Coffee Shop -> Gym / Fitness Center -> Office,5,0.02448762310354006,92,0.02448762310354006
Neighborhood -> Office -> Clothing Store -> Office -> Clothing Store,5,0.02448762310354006,27,0.030821917808219176
Neighborhood -> Office -> Clothing Store -> Office -> Hotel,5,0.02448762310354006,21,0.02497027348394768
Neighborhood -> Office -> Clothing Store -> Office -> Train Station,5,0.02448762310354006,55,0.026227944682880304
Office -> Drugstore / Pharmacy -> Deli / Bodega -> Office -> Clothing Store,5,0.02448762310354006,22,0.02511415525114155
Office -> Neighborhood -> Office -> Food & Drink Shop -> Office,5,0.02448762310354006,92,0.02448762310354006
Building -> Medical Center,2,0.024471635150166853,22,0.024471635150166853
Neighborhood -> Medical Center,2,0.024471635150166853,22,0.024471635150166853
Medical Center -> Coffee Shop -> Medical Center,3,0.024471635150166853,22,0.024471635150166853
Coffee Shop -> Office -> Coffee Shop -> Medical Center,4,0.024471635150166853,22,0.024471635150166853
Office -> Coffee Shop -> Office -> Medical Center,4,0.024471635150166853,22,0.024471635150166853
Gym / Fitness Center -> Neighborhood -> Deli / Bodega,3,0.02444987775061125,30,0.02444987775061125
Park -> Gym / Fitness Center -> Deli / Bodega,3,0.02444987775061125,30,0.02444987775061125
Coffee Shop -> Office -> Train Station -> Deli / Bodega,4,0.02444987775061125,30,0.02444987775061125
Coffee Shop -> Subway -> Building -> Deli / Bodega,4,0.02444987775061125,30,0.02444987775061125
Deli / Bodega -> Bank -> Office -> Deli / Bodega,4,0.02444987775061125,30,0.02444987775061125
Deli / Bodega -> Coffee Shop -> Gym / Fitness Center -> Deli / Bodega,4,0.02444987775061125,30,0.02444987775061125
Deli / Bodega -> Subway -> Coffee Shop -> Deli / Bodega,4,0.02444987775061125,30,0.02444987775061125
Hotel -> Office -> Clothing Store -> Deli / Bodega,4,0.02444987775061125,30,0.02444987775061125
Office -> Building -> Clothing Store -> Deli / Bodega,4,0.02444987775061125,30,0.02444987775061125
Office -> Building -> Subway -> Deli / Bodega,4,0.02444987775061125,30,0.02444987775061125
Office -> Deli / Bodega -> College Academic Building -> Deli / Bodega,4,0.02444987775061125,30,0.02444987775061125
Office -> Gym / Fitness Center -> Building -> Deli / Bodega,4,0.02444987775061125,30,0.02444987775061125
Park -> Neighborhood -> Office -> Deli / Bodega,4,0.02444987775061125,30,0.02444987775061125
Park -> Office -> Park -> Deli / Bodega,4,0.02444987775061125,30,0.02444987775061125
Subway -> Coffee Shop -> Clothing Store -> Deli / Bodega,4,0.02444987775061125,30,0.02444987775061125
Subway -> Office -> Gym / Fitness Center -> Deli / Bodega,4,0.02444987775061125,30,0.02444987775061125
Train Station -> Bar -> Office -> Deli / Bodega,4,0.02444987775061125,30,0.02444987775061125
Bank -> Coffee Shop -> Office -> Coffee Shop -> Deli / Bodega,5,0.02444987775061125,30,0.02444987775061125
Building -> Coffee Shop -> Building -> Office -> Deli / Bodega,5,0.02444987775061125,30,0.02444987775061125
Coffee Shop -> Hotel -> Office -> Coffee Shop -> Deli / Bodega,5,0.02444987775061125,30,0.02444987775061125
Coffee Shop -> Office -> Bar -> Office -> Deli / Bodega,5,0.02444987775061125,30,0.02444987775061125
Coffee Shop -> Train Station -> Office -> Clothing Store -> Deli / Bodega,5,0.02444987775061125,30,0.02444987775061125
Deli / Bodega -> Office -> Coffee Shop -> Gym / Fitness Center -> Deli / Bodega,5,0.02444987775061125,30,0.02444987775061125
Deli / Bodega -> Office -> Drugstore / Pharmacy -> Office -> Deli / Bodega,5,0.02444987775061125,30,0.02444987775061125
Deli / Bodega -> Park -> Gym / Fitness Center -> Office -> Deli / Bodega,5,0.02444987775061125,30,0.02444987775061125
Gym / Fitness Center -> Building -> Deli / Bodega -> Office -> Deli / Bodega,5,0.02444987775061125,30,0.02444987775061125
Gym / Fitness Center -> Building -> Office -> Clothing Store -> Deli / Bodega,5,0.02444987775061125,30,0.02444987775061125
Gym / Fitness Center -> Coffee Shop -> Office -> Gym / Fitness Center -> Deli / Bodega,5,0.02444987775061125,30,0.02444987775061125
Office -> Coffee Shop -> Office -> Subway -> Deli / Bodega,5,0.02444987775061125,30,0.02444987775061125
Office -> Deli / Bodega -> Building -> Coffee Shop -> Deli / Bodega,5,0.02444987775061125,30,0.02444987775061125
Office -> Park -> Subway -> Office -> Deli / Bodega,5,0.02444987775061125,30,0.02444987775061125
Office -> Subway -> Office -> Clothing Store -> Deli / Bodega,5,0.02444987775061125,30,0.02444987775061125
Office -> Train Station -> Coffee Shop -> Office -> Deli / Bodega,5,0.02444987775061125,30,0.02444987775061125
Park -> Deli / Bodega -> Building -> Office -> Deli / Bodega,5,0.02444987775061125,30,0.02444987775061125
Subway -> Coffee Shop -> Clothing Store -> Deli / Bodega -> Clothing Store,5,0.02444987775061125,24,0.0273972602739726
Subway -> Coffee Shop -> Office -> Building -> Deli / Bodega,5,0.02444987775061125,30,0.02444987775061125
Neighborhood -> Office -> Neighborhood,3,0.02442635085122132,33,0.02442635085122132
Clothing Store -> Food & Drink Shop -> Bar,3,0.024395857307249712,106,0.024395857307249712
Hotel -> American Restaurant -> Bar,3,0.024395857307249712,106,0.024395857307249712
Hotel -> American Restaurant -> Bar -> Hotel,4,0.024395857307249712,35,0.041617122473246136
Train Station -> Bus Station,2,0.024390243902439025,36,0.024390243902439025
Bar -> Subway -> Bus Station,3,0.024390243902439025,36,0.024390243902439025
Bus Station -> American Restaurant -> Bus Station,3,0.024390243902439025,36,0.024390243902439025
Office -> Coffee Shop -> Bus Station,3,0.024390243902439025,36,0.024390243902439025
Office -> Bar -> Hotel -> Bus Station,4,0.024390243902439025,36,0.024390243902439025
Office -> Hotel -> Bar -> Bus Station,4,0.024390243902439025,36,0.024390243902439025
Coffee Shop -> Office -> Deli / Bodega -> Office -> Bus Station,5,0.024390243902439025,36,0.024390243902439025
Bar -> Subway -> Coffee Shop,3,0.02437923250564334,54,0.02437923250564334
Building -> College Academic Building -> Coffee Shop,3,0.02437923250564334,54,0.02437923250564334
Hotel -> Building -> Coffee Shop,3,0.02437923250564334,54,0.02437923250564334
Building -> Hotel -> Office -> Coffee Shop,4,0.02437923250564334,54,0.02437923250564334
Coffee Shop -> Office -> American Restaurant -> Coffee Shop,4,0.02437923250564334,54,0.02437923250564334
Deli / Bodega -> Office -> Food & Drink Shop -> Coffee Shop,4,0.02437923250564334,54,0.02437923250564334
Gym / Fitness Center -> Coffee Shop -> Deli / Bodega -> Coffee Shop,4,0.02437923250564334,54,0.02437923250564334
Hotel -> Building -> Coffee Shop -> Clothing Store,4,0.02437923250564334,22,0.02511415525114155
Office -> Bar -> Gym / Fitness Center -> Coffee Shop,4,0.02437923250564334,54,0.02437923250564334
Park -> Office -> Gym / Fitness Center -> Coffee Shop,4,0.02437923250564334,54,0.02437923250564334
Building -> Coffee Shop -> Office -> Deli / Bodega -> Coffee Shop,5,0.02437923250564334,54,0.02437923250564334
Building -> Deli / Bodega -> Coffee Shop -> Office -> Coffee Shop,5,0.02437923250564334,54,0.02437923250564334
Building -> Office -> Hotel -> Office -> Coffee Shop,5,0.02437923250564334,54,0.02437923250564334
Building -> Subway -> Coffee Shop -> Office -> Coffee Shop,5,0.02437923250564334,54,0.02437923250564334
Coffee Shop -> Building -> Office -> Train Station -> Coffee Shop,5,0.02437923250564334,54,0.02437923250564334
Coffee Shop -> Office -> American Restaurant -> Coffee Shop -> Hotel,5,0.02437923250564334,23,0.027348394768133173
Coffee Shop -> Subway -> Office -> Gym / Fitness Center -> Coffee Shop,5,0.02437923250564334,54,0.02437923250564334
Deli / Bodega -> Office -> Coffee Shop -> Deli / Bodega -> Coffee Shop,5,0.02437923250564334,54,0.02437923250564334
Office -> Park -> Coffee Shop -> Office -> Coffee Shop,5,0.02437923250564334,54,0.02437923250564334
Office -> Park -> Deli / Bodega -> Office -> Coffee Shop,5,0.02437923250564334,54,0.02437923250564334
Bar -> Subway -> Train Station,3,0.024320457796852647,51,0.024320457796852647
Food & Drink Shop -> Coffee Shop -> Train Station,3,0.024320457796852647,51,0.024320457796852647
Building -> Neighborhood -> Office -> Train Station,4,0.024320457796852647,51,0.024320457796852647
Building -> Office -> Clothing Store -> Train Station,4,0.024320457796852647,51,0.024320457796852647
Deli / Bodega -> Office -> Bar -> Train Station,4,0.024320457796852647,51,0.024320457796852647
Hotel -> Office -> Bar -> Train Station,4,0.024320457796852647,51,0.024320457796852647
Park -> Office -> Gym / Fitness Center -> Train Station,4,0.024320457796852647,51,0.024320457796852647
Bus Station -> Office -> Coffee Shop -> Office -> Train Station,5,0.024320457796852647,51,0.024320457796852647
Deli / Bodega -> Coffee Shop -> Deli / Bodega -> Office -> Train Station,5,0.024320457796852647,51,0.024320457796852647
Neighborhood -> Office -> Gym / Fitness Center -> Coffee Shop -> Train Station,5,0.024320457796852647,51,0.024320457796852647
Office -> Building -> Neighborhood -> Office -> Train Station,5,0.024320457796852647,51,0.024320457796852647
Office -> Building -> Office -> Subway -> Train Station,5,0.024320457796852647,51,0.024320457796852647
Office -> Gym / Fitness Center -> Coffee Shop -> Gym / Fitness Center -> Train Station,5,0.024320457796852647,51,0.024320457796852647
Train Station -> Coffee Shop -> Office -> Building -> Train Station,5,0.024320457796852647,51,0.024320457796852647
Office -> Clothing Store -> Subway,3,0.024317121918720853,73,0.024317121918720853
Coffee Shop -> Deli / Bodega -> Office -> Subway,4,0.024317121918720853,73,0.024317121918720853
Coffee Shop -> Office -> Coffee Shop -> Subway,4,0.024317121918720853,73,0.024317121918720853
Office -> Clothing Store -> Subway -> Clothing Store,4,0.024317121918720853,24,0.0273972602739726
Coffee Shop -> Deli / Bodega -> Office -> Subway -> Bank,5,0.024317121918720853,18,0.02912621359223301
Coffee Shop -> Deli / Bodega -> Office -> Subway -> Office,5,0.024317121918720853,179,0.047644397125365986
Coffee Shop -> Office -> Coffee Shop -> Subway -> Office,5,0.024317121918720853,119,0.03167420814479638
Coffee Shop -> Office -> Coffee Shop -> Subway -> Train Station,5,0.024317121918720853,56,0.02670481640438722
Home (private) -> Bank,2,0.024271844660194174,15,0.024271844660194174
Building -> Bar -> Bank,3,0.024271844660194174,15,0.024271844660194174
Building -> Gym / Fitness Center -> Bank,3,0.024271844660194174,15,0.024271844660194174
Gym / Fitness Center -> Bar -> Bank,3,0.024271844660194174,15,0.024271844660194174
Hotel -> Coffee Shop -> Bank,3,0.024271844660194174,15,0.024271844660194174
Office -> Park -> Bank,3,0.024271844660194174,15,0.024271844660194174
Park -> Gym / Fitness Center -> Bank,3,0.024271844660194174,15,0.024271844660194174
Train Station -> Office -> Bank,3,0.024271844660194174,15,0.024271844660194174
Building -> Coffee Shop -> Gym / Fitness Center -> Bank,4,0.024271844660194174,15,0.024271844660194174
Coffee Shop -> Building -> Coffee Shop -> Bank,4,0.024271844660194174,15,0.024271844660194174
Coffee Shop -> Deli / Bodega -> Coffee Shop -> Bank,4,0.024271844660194174,15,0.024271844660194174
Coffee Shop -> Office -> Bar -> Bank,4,0.024271844660194174,15,0.024271844660194174
Coffee Shop -> Office -> Neighborhood -> Bank,4,0.024271844660194174,15,0.024271844660194174
Deli / Bodega -> Gym / Fitness Center -> Building -> Bank,4,0.024271844660194174,15,0.024271844660194174
Deli / Bodega -> Gym / Fitness Center -> Deli / Bodega -> Bank,4,0.024271844660194174,15,0.024271844660194174
Deli / Bodega -> Subway -> Deli / Bodega -> Bank,4,0.024271844660194174,15,0.024271844660194174
Drugstore / Pharmacy -> Office -> Deli / Bodega -> Bank,4,0.024271844660194174,15,0.024271844660194174
Gym / Fitness Center -> Building -> Office -> Bank,4,0.024271844660194174,15,0.024271844660194174
Gym / Fitness Center -> Hotel -> Office -> Bank,4,0.024271844660194174,15,0.024271844660194174
Gym / Fitness Center -> Office -> Clothing Store -> Bank,4,0.024271844660194174,15,0.024271844660194174
Gym / Fitness Center -> Office -> Neighborhood -> Bank,4,0.024271844660194174,15,0.024271844660194174
Hotel -> Deli / Bodega -> Office -> Bank,4,0.024271844660194174,15,0.024271844660194174
Office -> Deli / Bodega -> Neighborhood -> Bank,4,0.024271844660194174,15,0.024271844660194174
Park -> Building -> Office -> Bank,4,0.024271844660194174,15,0.024271844660194174
Park -> Office -> Building -> Bank,4,0.024271844660194174,15,0.024271844660194174
Train Station -> Office -> Coffee Shop -> Bank,4,0.024271844660194174,15,0.024271844660194174
Bar -> Office -> Subway -> Office -> Bank,5,0.024271844660194174,15,0.024271844660194174
Building -> Coffee Shop -> Deli / Bodega -> Office -> Bank,5,0.024271844660194174,15,0.024271844660194174
Building -> Coffee Shop -> Gym / Fitness Center -> Office -> Bank,5,0.024271844660194174,15,0.024271844660194174
Building -> Subway -> Office -> Deli / Bodega -> Bank,5,0.024271844660194174,15,0.024271844660194174
Coffee Shop -> Building -> Coffee Shop -> Office -> Bank,5,0.024271844660194174,15,0.024271844660194174
Coffee Shop -> Building -> Office -> Gym / Fitness Center -> Bank,5,0.024271844660194174,15,0.024271844660194174
Coffee Shop -> Deli / Bodega -> Coffee Shop -> Deli / Bodega -> Bank,5,0.024271844660194174,15,0.024271844660194174
Coffee Shop -> Gym / Fitness Center -> Office -> Coffee Shop -> Bank,5,0.024271844660194174,15,0.024271844660194174
Coffee Shop -> Office -> Building -> Coffee Shop -> Bank,5,0.024271844660194174,15,0.024271844660194174
Coffee Shop -> Office -> Deli / Bodega -> Gym / Fitness Center -> Bank,5,0.024271844660194174,15,0.024271844660194174
Coffee Shop -> Office -> Gym / Fitness Center -> Coffee Shop -> Bank,5,0.024271844660194174,15,0.024271844660194174
Coffee Shop -> Office -> Hotel -> Office -> Bank,5,0.024271844660194174,15,0.024271844660194174
Coffee Shop -> Office -> Subway -> Deli / Bodega -> Bank,5,0.024271844660194174,15,0.024271844660194174
Coffee Shop -> Subway -> Deli / Bodega -> Office -> Bank,5,0.024271844660194174,15,0.024271844660194174
Deli / Bodega -> Coffee Shop -> Building -> Office -> Bank,5,0.024271844660194174,15,0.024271844660194174
Deli / Bodega -> Coffee Shop -> Office -> Gym / Fitness Center -> Bank,5,0.024271844660194174,15,0.024271844660194174
Deli / Bodega -> Office -> Building -> Deli / Bodega -> Bank,5,0.024271844660194174,15,0.024271844660194174
Deli / Bodega -> Office -> Deli / Bodega -> Coffee Shop -> Bank,5,0.024271844660194174,15,0.024271844660194174
Deli / Bodega -> Office -> Gym / Fitness Center -> Deli / Bodega -> Bank,5,0.024271844660194174,15,0.024271844660194174
Deli / Bodega -> Office -> Subway -> Deli / Bodega -> Bank,5,0.024271844660194174,15,0.024271844660194174
Deli / Bodega -> Park -> Office -> Gym / Fitness Center -> Bank,5,0.024271844660194174,15,0.024271844660194174
Deli / Bodega -> Subway -> Office -> Deli / Bodega -> Bank,5,0.024271844660194174,15,0.024271844660194174
Gym / Fitness Center -> Office -> Neighborhood -> Office -> Bank,5,0.024271844660194174,15,0.024271844660194174
Gym / Fitness Center -> Park -> Deli / Bodega -> Office -> Bank,5,0.024271844660194174,15,0.024271844660194174
Hotel -> Coffee Shop -> Office -> Deli / Bodega -> Bank,5,0.024271844660194174,15,0.024271844660194174
Office -> Coffee Shop -> Hotel -> Office -> Bank,5,0.024271844660194174,15,0.024271844660194174
Office -> Drugstore / Pharmacy -> Office -> Deli / Bodega -> Bank,5,0.024271844660194174,15,0.024271844660194174
Office -> Gym / Fitness Center -> Coffee Shop -> Gym / Fitness Center -> Bank,5,0.024271844660194174,15,0.024271844660194174
Office -> Park -> Office -> Coffee Shop -> Bank,5,0.024271844660194174,15,0.024271844660194174
Office -> Park -> Office -> Deli / Bodega -> Bank,5,0.024271844660194174,15,0.024271844660194174
Park -> Deli / Bodega -> Building -> Office -> Bank,5,0.024271844660194174,15,0.024271844660194174
Park -> Deli / Bodega -> Office -> Coffee Shop -> Bank,5,0.024271844660194174,15,0.024271844660194174
Park -> Deli / Bodega -> Office -> Deli / Bodega -> Bank,5,0.024271844660194174,15,0.024271844660194174
Park -> Office -> Subway -> Office -> Bank,5,0.024271844660194174,15,0.024271844660194174
Park -> Subway -> Office -> Coffee Shop -> Bank,5,0.024271844660194174,15,0.024271844660194174
Park -> Subway -> Office -> Deli / Bodega -> Bank,5,0.024271844660194174,15,0.024271844660194174
Train Station -> Office -> Deli / Bodega -> Office -> Bank,5,0.024271844660194174,15,0.024271844660194174
American Restaurant -> Gym / Fitness Center -> Office,3,0.02422145328719723,91,0.02422145328719723
Coffee Shop -> College Academic Building -> Office,3,0.02422145328719723,91,0.02422145328719723
Deli / Bodega -> Clothing Store -> Office,3,0.02422145328719723,91,0.02422145328719723
Gym / Fitness Center -> American Restaurant -> Office,3,0.02422145328719723,91,0.02422145328719723
American Restaurant -> Gym / Fitness Center -> Office -> Clothing Store,4,0.02422145328719723,36,0.0410958904109589
American Restaurant -> Gym / Fitness Center -> Office -> Hotel,4,0.02422145328719723,22,0.026159334126040427
Coffee Shop -> College Academic Building -> Office -> Building,4,0.02422145328719723,27,0.024907749077490774
Coffee Shop -> College Academic Building -> Office -> Coffee Shop,4,0.02422145328719723,54,0.02437923250564334
Coffee Shop -> College Academic Building -> Office -> College Academic Building,4,0.02422145328719723,35,0.025678650036683785
Coffee Shop -> College Academic Building -> Office -> Deli / Bodega,4,0.02422145328719723,36,0.029339853300733496
Coffee Shop -> College Academic Building -> Office -> Park,4,0.02422145328719723,48,0.03180914512922465
Deli / Bodega -> Clothing Store -> Office -> Clothing Store,4,0.02422145328719723,25,0.028538812785388126
Deli / Bodega -> Clothing Store -> Office -> Hotel,4,0.02422145328719723,21,0.02497027348394768
Deli / Bodega -> Clothing Store -> Office -> Train Station,4,0.02422145328719723,61,0.029089175011921792
Gym / Fitness Center -> American Restaurant -> Office -> Building,4,0.02422145328719723,32,0.02952029520295203
Gym / Fitness Center -> American Restaurant -> Office -> Clothing Store,4,0.02422145328719723,39,0.04452054794520548
Gym / Fitness Center -> American Restaurant -> Office -> Deli / Bodega,4,0.02422145328719723,33,0.02689486552567237
Gym / Fitness Center -> Office -> American Restaurant -> Office,4,0.02422145328719723,91,0.02422145328719723
Gym / Fitness Center -> Office -> Drugstore / Pharmacy -> Office,4,0.02422145328719723,91,0.02422145328719723
Office -> Deli / Bodega -> Bank -> Office,4,0.02422145328719723,91,0.02422145328719723
Office -> Train Station -> Building -> Office,4,0.02422145328719723,91,0.02422145328719723
Subway -> Office -> Bar -> Office,4,0.02422145328719723,91,0.02422145328719723
Deli / Bodega -> Office -> Deli / Bodega -> Park -> Office,5,0.02422145328719723,91,0.02422145328719723
Gym / Fitness Center -> Office -> American Restaurant -> Office -> Building,5,0.02422145328719723,27,0.024907749077490774
Gym / Fitness Center -> Office -> American Restaurant -> Office -> Clothing Store,5,0.02422145328719723,37,0.04223744292237443
Office -> Bar -> Office -> Coffee Shop -> Office,5,0.02422145328719723,91,0.02422145328719723
Office -> Coffee Shop -> Office -> Drugstore / Pharmacy -> Office,5,0.02422145328719723,91,0.02422145328719723
Office -> Deli / Bodega -> Bank -> Office -> Clothing Store,5,0.02422145328719723,22,0.02511415525114155
Office -> Drugstore / Pharmacy -> Office -> Deli / Bodega -> Office,5,0.02422145328719723,91,0.02422145328719723
Office -> Train Station -> Building -> Office -> Train Station,5,0.02422145328719723,70,0.03338102050548403
Subway -> Office -> Bar -> Office -> Clothing Store,5,0.02422145328719723,23,0.026255707762557076
Medical Center -> Food & Drink Shop,2,0.024216524216524215,51,0.024216524216524215
Park -> Bar -> Food & Drink Shop,3,0.024216524216524215,51,0.024216524216524215
Subway -> Park -> Food & Drink Shop,3,0.024216524216524215,51,0.024216524216524215
Building -> Coffee Shop -> Office -> Food & Drink Shop,4,0.024216524216524215,51,0.024216524216524215
Coffee Shop -> Building -> Office -> Food & Drink Shop,4,0.024216524216524215,51,0.024216524216524215
Office -> Park -> Coffee Shop -> Food & Drink Shop,4,0.024216524216524215,51,0.024216524216524215
Subway -> Park -> Food & Drink Shop -> Clothing Store,4,0.024216524216524215,24,0.0273972602739726
Subway -> Park -> Food & Drink Shop -> Park,4,0.024216524216524215,44,0.0291583830351226
Building -> Office -> Deli / Bodega -> Office -> Food & Drink Shop,5,0.024216524216524215,51,0.024216524216524215
Deli / Bodega -> Office -> Bar -> Office -> Food & Drink Shop,5,0.024216524216524215,51,0.024216524216524215
Gym / Fitness Center -> Park -> Gym / Fitness Center -> Office -> Food & Drink Shop,5,0.024216524216524215,51,0.024216524216524215
Hotel -> Office -> Gym / Fitness Center -> Office -> Food & Drink Shop,5,0.024216524216524215,51,0.024216524216524215
Office -> Coffee Shop -> Subway -> Office -> Food & Drink Shop,5,0.024216524216524215,51,0.024216524216524215
Office -> Deli / Bodega -> Office -> Park -> Food & Drink Shop,5,0.024216524216524215,51,0.024216524216524215
Office -> Gym / Fitness Center -> Coffee Shop -> Office -> Food & Drink Shop,5,0.024216524216524215,51,0.024216524216524215
Office -> Gym / Fitness Center -> Office -> Gym / Fitness Center -> Food & Drink Shop,5,0.024216524216524215,51,0.024216524216524215
Subway -> Coffee Shop -> Office -> Park -> Food & Drink Shop,5,0.024216524216524215,51,0.024216524216524215
Hotel -> College Academic Building,2,0.02421129860601614,33,0.02421129860601614
Deli / Bodega -> Building -> College Academic Building,3,0.02421129860601614,33,0.02421129860601614
Office -> Bar -> College Academic Building,3,0.02421129860601614,33,0.02421129860601614
Office -> Drugstore / Pharmacy -> College Academic Building,3,0.02421129860601614,33,0.02421129860601614
Coffee Shop -> Office -> Building -> College Academic Building,4,0.02421129860601614,33,0.02421129860601614
Deli / Bodega -> Coffee Shop -> Deli / Bodega -> College Academic Building,4,0.02421129860601614,33,0.02421129860601614
Gym / Fitness Center -> Subway -> Office -> College Academic Building,4,0.02421129860601614,33,0.02421129860601614
Office -> Neighborhood -> Office -> College Academic Building,4,0.02421129860601614,33,0.02421129860601614
Subway -> Office -> Deli / Bodega -> College Academic Building,4,0.02421129860601614,33,0.02421129860601614
Building -> Office -> Coffee Shop -> Office -> College Academic Building,5,0.02421129860601614,33,0.02421129860601614
Deli / Bodega -> Office -> Coffee Shop -> Deli / Bodega -> College Academic Building,5,0.02421129860601614,33,0.02421129860601614
Gym / Fitness Center -> Coffee Shop -> Deli / Bodega -> Office -> College Academic Building,5,0.02421129860601614,33,0.02421129860601614
Gym / Fitness Center -> Coffee Shop -> Gym / Fitness Center -> Office -> College Academic Building,5,0.02421129860601614,33,0.02421129860601614
Neighborhood -> Office -> Gym / Fitness Center -> Office -> College Academic Building,5,0.02421129860601614,33,0.02421129860601614
Office -> Deli / Bodega -> Gym / Fitness Center -> Office -> College Academic Building,5,0.02421129860601614,33,0.02421129860601614
Building -> Office -> Hotel -> Gym / Fitness Center,4,0.02421009437833402,59,0.02421009437833402
Neighborhood -> Coffee Shop -> Office -> Gym / Fitness Center,4,0.02421009437833402,59,0.02421009437833402
Subway -> Building -> Office -> Gym / Fitness Center,4,0.02421009437833402,59,0.02421009437833402
Subway -> Neighborhood -> Office -> Gym / Fitness Center,4,0.02421009437833402,59,0.02421009437833402
Coffee Shop -> Office -> Food & Drink Shop -> Coffee Shop -> Gym / Fitness Center,5,0.02421009437833402,59,0.02421009437833402
Deli / Bodega -> Coffee Shop -> Office -> Coffee Shop -> Gym / Fitness Center,5,0.02421009437833402,59,0.02421009437833402
Gym / Fitness Center -> Coffee Shop -> Deli / Bodega -> Office -> Gym / Fitness Center,5,0.02421009437833402,59,0.02421009437833402
Neighborhood -> Coffee Shop -> Office -> Gym / Fitness Center -> Office,5,0.02421009437833402,94,0.025019962736225712
Neighborhood -> Office -> Deli / Bodega -> Office -> Gym / Fitness Center,5,0.02421009437833402,59,0.02421009437833402
Office -> Neighborhood -> Office -> Coffee Shop -> Gym / Fitness Center,5,0.02421009437833402,59,0.02421009437833402
Park -> Office -> Park -> Office -> Gym / Fitness Center,5,0.02421009437833402,59,0.02421009437833402
Subway -> Building -> Office -> Gym / Fitness Center -> Clothing Store,5,0.02421009437833402,27,0.030821917808219176
Drugstore / Pharmacy -> Coffee Shop -> Drugstore / Pharmacy,3,0.02418379685610641,20,0.02418379685610641
Gym / Fitness Center -> Park -> Drugstore / Pharmacy,3,0.02418379685610641,20,0.02418379685610641
Park -> Gym / Fitness Center -> Drugstore / Pharmacy,3,0.02418379685610641,20,0.02418379685610641
Subway -> Deli / Bodega -> Drugstore / Pharmacy,3,0.02418379685610641,20,0.02418379685610641
Subway -> Gym / Fitness Center -> Drugstore / Pharmacy,3,0.02418379685610641,20,0.02418379685610641
Coffee Shop -> Office -> Building -> Drugstore / Pharmacy,4,0.02418379685610641,20,0.02418379685610641
Coffee Shop -> Office -> Subway -> Drugstore / Pharmacy,4,0.02418379685610641,20,0.02418379685610641
Deli / Bodega -> Gym / Fitness Center -> Office -> Drugstore / Pharmacy,4,0.02418379685610641,20,0.02418379685610641
Gym / Fitness Center -> Deli / Bodega -> Office -> Drugstore / Pharmacy,4,0.02418379685610641,20,0.02418379685610641
Gym / Fitness Center -> Food & Drink Shop -> Office -> Drugstore / Pharmacy,4,0.02418379685610641,20,0.02418379685610641
Hotel -> Gym / Fitness Center -> Office -> Drugstore / Pharmacy,4,0.02418379685610641,20,0.02418379685610641
Office -> Bar -> Office -> Drugstore / Pharmacy,4,0.02418379685610641,20,0.02418379685610641
Office -> Coffee Shop -> Deli / Bodega -> Drugstore / Pharmacy,4,0.02418379685610641,20,0.02418379685610641
Office -> Train Station -> Office -> Drugstore / Pharmacy,4,0.02418379685610641,20,0.02418379685610641
Building -> Office -> Gym / Fitness Center -> Office -> Drugstore / Pharmacy,5,0.02418379685610641,20,0.02418379685610641
Deli / Bodega -> Office -> Deli / Bodega -> Office -> Drugstore / Pharmacy,5,0.02418379685610641,20,0.02418379685610641
Gym / Fitness Center -> Office -> Building -> Office -> Drugstore / Pharmacy,5,0.02418379685610641,20,0.02418379685610641
Gym / Fitness Center -> Office -> Subway -> Office -> Drugstore / Pharmacy,5,0.02418379685610641,20,0.02418379685610641
Office -> Deli / Bodega -> Coffee Shop -> Office -> Drugstore / Pharmacy,5,0.02418379685610641,20,0.02418379685610641
Office -> Deli / Bodega -> Office -> Coffee Shop -> Drugstore / Pharmacy,5,0.02418379685610641,20,0.02418379685610641
Subway -> Office -> Building -> Office -> Drugstore / Pharmacy,5,0.02418379685610641,20,0.02418379685610641
Train Station -> Office -> Coffee Shop -> Office -> Drugstore / Pharmacy,5,0.02418379685610641,20,0.02418379685610641
Food & Drink Shop -> Clothing Store -> Bar,3,0.024165707710011506,105,0.024165707710011506
Food & Drink Shop -> Clothing Store -> Bar -> Pizza Place,4,0.024165707710011506,18,0.02601156069364162
Office -> Coffee Shop -> Office -> Gym / Fitness Center -> Bar,5,0.024165707710011506,105,0.024165707710011506
Residential Building (Apartment / Condo) -> Building,2,0.023985239852398525,26,0.023985239852398525
Coffee Shop -> College Academic Building -> Building,3,0.023985239852398525,26,0.023985239852398525
Office -> Drugstore / Pharmacy -> Building,3,0.023985239852398525,26,0.023985239852398525
Bank -> Building -> Office -> Building,4,0.023985239852398525,26,0.023985239852398525
Building -> Deli / Bodega -> Coffee Shop -> Building,4,0.023985239852398525,26,0.023985239852398525
Building -> Hotel -> Office -> Building,4,0.023985239852398525,26,0.023985239852398525
Deli / Bodega -> Office -> Clothing Store -> Building,4,0.023985239852398525,26,0.023985239852398525
Gym / Fitness Center -> Bar -> Office -> Building,4,0.023985239852398525,26,0.023985239852398525
Hotel -> Office -> Clothing Store -> Building,4,0.023985239852398525,26,0.023985239852398525
Hotel -> Office -> Deli / Bodega -> Building,4,0.023985239852398525,26,0.023985239852398525
Neighborhood -> Office -> Gym / Fitness Center -> Building,4,0.023985239852398525,26,0.023985239852398525
Office -> Gym / Fitness Center -> Deli / Bodega -> Building,4,0.023985239852398525,26,0.023985239852398525
Park -> Neighborhood -> Office -> Building,4,0.023985239852398525,26,0.023985239852398525
Train Station -> Building -> Office -> Building,4,0.023985239852398525,26,0.023985239852398525
Train Station -> Office -> Subway -> Building,4,0.023985239852398525,26,0.023985239852398525
Building -> Coffee Shop -> Deli / Bodega -> Office -> Building,5,0.023985239852398525,26,0.023985239852398525
Deli / Bodega -> Coffee Shop -> Deli / Bodega -> Office -> Building,5,0.023985239852398525,26,0.023985239852398525
Deli / Bodega -> Coffee Shop -> Gym / Fitness Center -> Office -> Building,5,0.023985239852398525,26,0.023985239852398525
Deli / Bodega -> Gym / Fitness Center -> Office -> Deli / Bodega -> Building,5,0.023985239852398525,26,0.023985239852398525
Deli / Bodega -> Office -> Gym / Fitness Center -> Coffee Shop -> Building,5,0.023985239852398525,26,0.023985239852398525
Drugstore / Pharmacy -> Office -> Coffee Shop -> Office -> Building,5,0.023985239852398525,26,0.023985239852398525
Gym / Fitness Center -> Coffee Shop -> Hotel -> Office -> Building,5,0.023985239852398525,26,0.023985239852398525
Hotel -> Office -> Neighborhood -> Office -> Building,5,0.023985239852398525,26,0.023985239852398525
Office -> Coffee Shop -> Deli / Bodega -> Coffee Shop -> Building,5,0.023985239852398525,26,0.023985239852398525
Office -> Coffee Shop -> Office -> Hotel -> Building,5,0.023985239852398525,26,0.023985239852398525
Office -> Neighborhood -> Coffee Shop -> Office -> Building,5,0.023985239852398525,26,0.023985239852398525
Office -> Subway -> Office -> Clothing Store -> Building,5,0.023985239852398525,26,0.023985239852398525
Office -> Train Station -> Coffee Shop -> Train Station -> Building,5,0.023985239852398525,26,0.023985239852398525
Park -> Office -> Gym / Fitness Center -> Office -> Building,5,0.023985239852398525,26,0.023985239852398525
Subway -> Office -> Gym / Fitness Center -> Office -> Building,5,0.023985239852398525,26,0.023985239852398525
Bar -> Drugstore / Pharmacy -> Clothing Store,3,0.023972602739726026,21,0.023972602739726026
Building -> Hotel -> Clothing Store,3,0.023972602739726026,21,0.023972602739726026
Building -> Park -> Clothing Store,3,0.023972602739726026,21,0.023972602739726026
Building -> Train Station -> Clothing Store,3,0.023972602739726026,21,0.023972602739726026
Clothing Store -> Drugstore / Pharmacy -> Clothing Store,3,0.023972602739726026,21,0.023972602739726026
Deli / Bodega -> Neighborhood -> Clothing Store,3,0.023972602739726026,21,0.023972602739726026
Food & Drink Shop -> Building -> Clothing Store,3,0.023972602739726026,21,0.023972602739726026
American Restaurant -> Office -> Gym / Fitness Center -> Clothing Store,4,0.023972602739726026,21,0.023972602739726026
Bar -> Coffee Shop -> Train Station -> Clothing Store,4,0.023972602739726026,21,0.023972602739726026
Bar -> Office -> American Restaurant -> Clothing Store,4,0.023972602739726026,21,0.023972602739726026
Building -> Coffee Shop -> Deli / Bodega -> Clothing Store,4,0.023972602739726026,21,0.023972602739726026
Building -> Coffee Shop -> Hotel -> Clothing Store,4,0.023972602739726026,21,0.023972602739726026
Building -> Office -> Food & Drink Shop -> Clothing Store,4,0.023972602739726026,21,0.023972602739726026
Clothing Store -> Food & Drink Shop -> Bar -> Clothing Store,4,0.023972602739726026,21,0.023972602739726026
Clothing Store -> Office -> Train Station -> Clothing Store,4,0.023972602739726026,21,0.023972602739726026
Coffee Shop -> American Restaurant -> Park -> Clothing Store,4,0.023972602739726026,21,0.023972602739726026
Coffee Shop -> Office -> Bank -> Clothing Store,4,0.023972602739726026,21,0.023972602739726026
Coffee Shop -> Park -> American Restaurant -> Clothing Store,4,0.023972602739726026,21,0.023972602739726026
Deli / Bodega -> Gym / Fitness Center -> Building -> Clothing Store,4,0.023972602739726026,21,0.023972602739726026
Deli / Bodega -> Subway -> Coffee Shop -> Clothing Store,4,0.023972602739726026,21,0.023972602739726026
Food & Drink Shop -> Clothing Store -> Bar -> Clothing Store,4,0.023972602739726026,21,0.023972602739726026
Gym / Fitness Center -> American Restaurant -> Gym / Fitness Center -> Clothing Store,4,0.023972602739726026,21,0.023972602739726026
Gym / Fitness Center -> Bar -> Coffee Shop -> Clothing Store,4,0.023972602739726026,21,0.023972602739726026
Gym / Fitness Center -> Clothing Store -> Food & Drink Shop -> Clothing Store,4,0.023972602739726026,21,0.023972602739726026
Gym / Fitness Center -> College Academic Building -> Coffee Shop -> Clothing Store,4,0.023972602739726026,21,0.023972602739726026
Office -> American Restaurant -> Coffee Shop -> Clothing Store,4,0.023972602739726026,21,0.023972602739726026
Office -> Building -> Bar -> Clothing Store,4,0.023972602739726026,21,0.023972602739726026
Office -> Clothing Store -> Train Station -> Clothing Store,4,0.023972602739726026,21,0.023972602739726026
Office -> Gym / Fitness Center -> American Restaurant -> Clothing Store,4,0.023972602739726026,21,0.023972602739726026
Office -> Park -> Bar -> Clothing Store,4,0.023972602739726026,21,0.023972602739726026
Park -> Coffee Shop -> Bar -> Clothing Store,4,0.023972602739726026,21,0.023972602739726026
Park -> Food & Drink Shop -> Gym / Fitness Center -> Clothing Store,4,0.023972602739726026,21,0.023972602739726026
Subway -> Office -> College Academic Building -> Clothing Store,4,0.023972602739726026,21,0.023972602739726026
Train Station -> Bar -> Train Station -> Clothing Store,4,0.023972602739726026,21,0.023972602739726026
Bank -> Coffee Shop -> Office -> Building -> Clothing Store,5,0.023972602739726026,21,0.023972602739726026
Bar -> Train Station -> Office -> Building -> Clothing Store,5,0.023972602739726026,21,0.023972602739726026
Coffee Shop -> Building -> Office -> Train Station -> Clothing Store,5,0.023972602739726026,21,0.023972602739726026
Coffee Shop -> Clothing Store -> Office -> Deli / Bodega -> Clothing Store,5,0.023972602739726026,21,0.023972602739726026
Coffee Shop -> Deli / Bodega -> Office -> Food & Drink Shop -> Clothing Store,5,0.023972602739726026,21,0.023972602739726026
Coffee Shop -> Office -> Coffee Shop -> American Restaurant -> Clothing Store,5,0.023972602739726026,21,0.023972602739726026
Coffee Shop -> Office -> Coffee Shop -> Subway -> Clothing Store,5,0.023972602739726026,21,0.023972602739726026
Coffee Shop -> Office -> Gym / Fitness Center -> Train Station -> Clothing Store,5,0.023972602739726026,21,0.023972602739726026
Deli / Bodega -> Building -> Office -> Deli / Bodega -> Clothing Store,5,0.023972602739726026,21,0.023972602739726026
Deli / Bodega -> Building -> Office -> Gym / Fitness Center -> Clothing Store,5,0.023972602739726026,21,0.023972602739726026
Deli / Bodega -> Coffee Shop -> Office -> Deli / Bodega -> Clothing Store,5,0.023972602739726026,21,0.023972602739726026
Deli / Bodega -> Coffee Shop -> Office -> Park -> Clothing Store,5,0.023972602739726026,21,0.023972602739726026
Deli / Bodega -> Gym / Fitness Center -> Office -> Food & Drink Shop -> Clothing Store,5,0.023972602739726026,21,0.023972602739726026
Deli / Bodega -> Office -> Coffee Shop -> Deli / Bodega -> Clothing Store,5,0.023972602739726026,21,0.023972602739726026
Deli / Bodega -> Office -> Coffee Shop -> Food & Drink Shop -> Clothing Store,5,0.023972602739726026,21,0.023972602739726026
Drugstore / Pharmacy -> Deli / Bodega -> Office -> Coffee Shop -> Clothing Store,5,0.023972602739726026,21,0.023972602739726026
Food & Drink Shop -> Office -> Park -> Food & Drink Shop -> Clothing Store,5,0.023972602739726026,21,0.023972602739726026
Gym / Fitness Center -> Coffee Shop -> Gym / Fitness Center -> Coffee Shop -> Clothing Store,5,0.023972602739726026,21,0.023972602739726026
Gym / Fitness Center -> Coffee Shop -> Gym / Fitness Center -> Park -> Clothing Store,5,0.023972602739726026,21,0.023972602739726026
Gym / Fitness Center -> Coffee Shop -> Office -> College Academic Building -> Clothing Store,5,0.023972602739726026,21,0.023972602739726026
Gym / Fitness Center -> Office -> Clothing Store -> Deli / Bodega -> Clothing Store,5,0.023972602739726026,21,0.023972602739726026
Gym / Fitness Center -> Office -> Clothing Store -> Park -> Clothing Store,5,0.023972602739726026,21,0.023972602739726026
Gym / Fitness Center -> Office -> Drugstore / Pharmacy -> Office -> Clothing Store,5,0.023972602739726026,21,0.023972602739726026
Gym / Fitness Center -> Office -> Subway -> Park -> Clothing Store,5,0.023972602739726026,21,0.023972602739726026
Gym / Fitness Center -> Park -> Clothing Store -> Park -> Clothing Store,5,0.023972602739726026,21,0.023972602739726026
Gym / Fitness Center -> Park -> Office -> Coffee Shop -> Clothing Store,5,0.023972602739726026,21,0.023972602739726026
Neighborhood -> Office -> Building -> Office -> Clothing Store,5,0.023972602739726026,21,0.023972602739726026
Office -> Bank -> Office -> Park -> Clothing Store,5,0.023972602739726026,21,0.023972602739726026
Office -> Bar -> Gym / Fitness Center -> Office -> Clothing Store,5,0.023972602739726026,21,0.023972602739726026
Office -> Building -> Office -> Food & Drink Shop -> Clothing Store,5,0.023972602739726026,21,0.023972602739726026
Office -> Clothing Store -> Office -> Train Station -> Clothing Store,5,0.023972602739726026,21,0.023972602739726026
Office -> Coffee Shop -> Office -> American Restaurant -> Clothing Store,5,0.023972602739726026,21,0.023972602739726026
Office -> Coffee Shop -> Office -> Neighborhood -> Clothing Store,5,0.023972602739726026,21,0.023972602739726026
Office -> College Academic Building -> Office -> Coffee Shop -> Clothing Store,5,0.023972602739726026,21,0.023972602739726026
Office -> Food & Drink Shop -> Coffee Shop -> Gym / Fitness Center -> Clothing Store,5,0.023972602739726026,21,0.023972602739726026
Office -> Gym / Fitness Center -> Office -> College Academic Building -> Clothing Store,5,0.023972602739726026,21,0.023972602739726026
Office -> Hotel -> Office -> Deli / Bodega -> Clothing Store,5,0.023972602739726026,21,0.023972602739726026
Office -> Hotel -> Office -> Train Station -> Clothing Store,5,0.023972602739726026,21,0.023972602739726026
Office -> Train Station -> Coffee Shop -> Train Station -> Clothing Store,5,0.023972602739726026,21,0.023972602739726026
Office -> Train Station -> Gym / Fitness Center -> Train Station -> Clothing Store,5,0.023972602739726026,21,0.023972602739726026
Office -> Train Station -> Office -> Gym / Fitness Center -> Clothing Store,5,0.023972602739726026,21,0.023972602739726026
Park -> Gym / Fitness Center -> Park -> Food & Drink Shop -> Clothing Store,5,0.023972602739726026,21,0.023972602739726026
Park -> Subway -> Office -> Gym / Fitness Center -> Clothing Store,5,0.023972602739726026,21,0.023972602739726026
Subway -> Neighborhood -> Office -> Gym / Fitness Center -> Clothing Store,5,0.023972602739726026,21,0.023972602739726026
Subway -> Office -> Subway -> Coffee Shop -> Clothing Store,5,0.023972602739726026,21,0.023972602739726026
Train Station -> Office -> Coffee Shop -> Deli / Bodega -> Clothing Store,5,0.023972602739726026,21,0.023972602739726026
Train Station -> Office -> Gym / Fitness Center -> Train Station -> Clothing Store,5,0.023972602739726026,21,0.023972602739726026
American Restaurant -> Building -> Office,3,0.023955283470854405,90,0.023955283470854405
Bank -> Gym / Fitness Center -> Office,3,0.023955283470854405,90,0.023955283470854405
Hotel -> Subway -> Office,3,0.023955283470854405,90,0.023955283470854405
American Restaurant -> Building -> Office -> Clothing Store,4,0.023955283470854405,26,0.02968036529680365
American Restaurant -> Building -> Office -> Coffee Shop,4,0.023955283470854405,54,0.02437923250564334
American Restaurant -> Building -> Office -> Deli / Bodega,4,0.023955283470854405,31,0.02526487367563162
Bank -> Gym / Fitness Center -> Office -> Clothing Store,4,0.023955283470854405,24,0.0273972602739726
Hotel -> Subway -> Office -> Clothing Store,4,0.023955283470854405,21,0.023972602739726026
Office -> Deli / Bodega -> Drugstore / Pharmacy -> Office,4,0.023955283470854405,90,0.023955283470854405
American Restaurant -> Building -> Office -> Coffee Shop -> Clothing Store,5,0.023955283470854405,26,0.02968036529680365
Coffee Shop -> Train Station -> Office -> Deli / Bodega -> Office,5,0.023955283470854405,90,0.023955283470854405
Gym / Fitness Center -> Building -> Office -> Train Station -> Office,5,0.023955283470854405,90,0.023955283470854405
Gym / Fitness Center -> Office -> Coffee Shop -> Train Station -> Office,5,0.023955283470854405,90,0.023955283470854405
Gym / Fitness Center -> Subway -> Office -> Clothing Store -> Office,5,0.023955283470854405,90,0.023955283470854405
Office -> Deli / Bodega -> Coffee Shop -> Building -> Office,5,0.023955283470854405,90,0.023955283470854405
Office -> Deli / Bodega -> Drugstore / Pharmacy -> Office -> Deli / Bodega,5,0.023955283470854405,31,0.02526487367563162
Train Station -> Office -> Bar,3,0.023935558112773304,104,0.023935558112773304
Office -> Hotel -> Office -> Bar,4,0.023935558112773304,104,0.023935558112773304
Train Station -> Office -> Bar -> Clothing Store,4,0.023935558112773304,32,0.0365296803652968
Train Station -> Office -> Bar -> Hotel,4,0.023935558112773304,30,0.0356718192627824
Train Station -> Office -> Bar -> Train Station,4,0.023935558112773304,96,0.045779685264663805
Office -> Hotel -> Office -> Bar -> Clothing Store,5,0.023935558112773304,25,0.028538812785388126
Office -> Hotel -> Office -> Bar -> Hotel,5,0.023935558112773304,44,0.052318668252080855
Office -> Hotel -> Office -> Bar -> Office,5,0.023935558112773304,97,0.025818472185254192
Office -> Hotel -> Office -> Bar -> Train Station,5,0.023935558112773304,51,0.024320457796852647
Clothing Store -> Gym / Fitness Center -> Coffee Shop,3,0.023927765237020317,53,0.023927765237020317
Bank -> Deli / Bodega -> Office -> Coffee Shop,4,0.023927765237020317,53,0.023927765237020317
Clothing Store -> Gym / Fitness Center -> Coffee Shop -> Clothing Store,4,0.023927765237020317,26,0.02968036529680365
Deli / Bodega -> Neighborhood -> Office -> Coffee Shop,4,0.023927765237020317,53,0.023927765237020317
Gym / Fitness Center -> Office -> Bar -> Coffee Shop,4,0.023927765237020317,53,0.023927765237020317
Gym / Fitness Center -> Office -> College Academic Building -> Coffee Shop,4,0.023927765237020317,53,0.023927765237020317
Office -> Coffee Shop -> College Academic Building -> Coffee Shop,4,0.023927765237020317,53,0.023927765237020317
Office -> Gym / Fitness Center -> Subway -> Coffee Shop,4,0.023927765237020317,53,0.023927765237020317
American Restaurant -> Office -> Deli / Bodega -> Office -> Coffee Shop,5,0.023927765237020317,53,0.023927765237020317
Bank -> Deli / Bodega -> Office -> Coffee Shop -> Office,5,0.023927765237020317,100,0.026616981634282673
Gym / Fitness Center -> Coffee Shop -> Gym / Fitness Center -> Office -> Coffee Shop,5,0.023927765237020317,53,0.023927765237020317
Gym / Fitness Center -> Office -> Bar -> Coffee Shop -> Clothing Store,5,0.023927765237020317,25,0.028538812785388126
Gym / Fitness Center -> Office -> Coffee Shop -> Gym / Fitness Center -> Coffee Shop,5,0.023927765237020317,53,0.023927765237020317
Office -> Building -> Coffee Shop -> Building -> Coffee Shop,5,0.023927765237020317,53,0.023927765237020317
Office -> Coffee Shop -> Neighborhood -> Office -> Coffee Shop,5,0.023927765237020317,53,0.023927765237020317
Office -> Coffee Shop -> Office -> Food & Drink Shop -> Coffee Shop,5,0.023927765237020317,53,0.023927765237020317
Office -> Drugstore / Pharmacy -> Coffee Shop -> Office -> Coffee Shop,5,0.023927765237020317,53,0.023927765237020317
Office -> Gym / Fitness Center -> Subway -> Coffee Shop -> Office,5,0.023927765237020317,99,0.026350811817939846
Office -> Park -> Subway -> Office -> Coffee Shop,5,0.023927765237020317,53,0.023927765237020317
Office -> Subway -> Office -> Gym / Fitness Center -> Coffee Shop,5,0.023927765237020317,53,0.023927765237020317
Train Station -> Office -> Coffee Shop -> Building -> Coffee Shop,5,0.023927765237020317,53,0.023927765237020317
Deli / Bodega -> Gym / Fitness Center -> American Restaurant,3,0.023923444976076555,25,0.023923444976076555
Food & Drink Shop -> Clothing Store -> American Restaurant,3,0.023923444976076555,25,0.023923444976076555
Gym / Fitness Center -> Subway -> American Restaurant,3,0.023923444976076555,25,0.023923444976076555
Neighborhood -> Office -> American Restaurant,3,0.023923444976076555,25,0.023923444976076555
Office -> Train Station -> American Restaurant,3,0.023923444976076555,25,0.023923444976076555
Subway -> Clothing Store -> American Restaurant,3,0.023923444976076555,25,0.023923444976076555
Subway -> Park -> American Restaurant,3,0.023923444976076555,25,0.023923444976076555
Coffee Shop -> Bar -> Office -> American Restaurant,4,0.023923444976076555,25,0.023923444976076555
Coffee Shop -> Office -> Clothing Store -> American Restaurant,4,0.023923444976076555,25,0.023923444976076555
Deli / Bodega -> Office -> Park -> American Restaurant,4,0.023923444976076555,25,0.023923444976076555
Deli / Bodega -> Park -> Office -> American Restaurant,4,0.023923444976076555,25,0.023923444976076555
Gym / Fitness Center -> Park -> Bar -> American Restaurant,4,0.023923444976076555,25,0.023923444976076555
Office -> Park -> Gym / Fitness Center -> American Restaurant,4,0.023923444976076555,25,0.023923444976076555
Park -> Gym / Fitness Center -> Bar -> American Restaurant,4,0.023923444976076555,25,0.023923444976076555
Park -> Office -> Bar -> American Restaurant,4,0.023923444976076555,25,0.023923444976076555
Park -> Office -> Gym / Fitness Center -> American Restaurant,4,0.023923444976076555,25,0.023923444976076555
Coffee Shop -> Gym / Fitness Center -> Office -> Bar -> American Restaurant,5,0.023923444976076555,25,0.023923444976076555
Coffee Shop -> Gym / Fitness Center -> Office -> Park -> American Restaurant,5,0.023923444976076555,25,0.023923444976076555
Deli / Bodega -> Coffee Shop -> Gym / Fitness Center -> Office -> American Restaurant,5,0.023923444976076555,25,0.023923444976076555
Gym / Fitness Center -> Coffee Shop -> Office -> Park -> American Restaurant,5,0.023923444976076555,25,0.023923444976076555
Gym / Fitness Center -> Office -> Food & Drink Shop -> Office -> American Restaurant,5,0.023923444976076555,25,0.023923444976076555
Neighborhood -> Office -> Gym / Fitness Center -> Office -> American Restaurant,5,0.023923444976076555,25,0.023923444976076555
Office -> Clothing Store -> Office -> Bar -> American Restaurant,5,0.023923444976076555,25,0.023923444976076555
Office -> Gym / Fitness Center -> Office -> Food & Drink Shop -> American Restaurant,5,0.023923444976076555,25,0.023923444976076555
Office -> Subway -> Coffee Shop -> Office -> American Restaurant,5,0.023923444976076555,25,0.023923444976076555
Park -> Coffee Shop -> Office -> Park -> American Restaurant,5,0.023923444976076555,25,0.023923444976076555
Coffee Shop -> Building -> Park,3,0.02385685884691849,36,0.02385685884691849
Gym / Fitness Center -> American Restaurant -> Park,3,0.02385685884691849,36,0.02385685884691849
Gym / Fitness Center -> Drugstore / Pharmacy -> Park,3,0.02385685884691849,36,0.02385685884691849
Train Station -> Office -> Park,3,0.02385685884691849,36,0.02385685884691849
Bar -> Gym / Fitness Center -> Office -> Park,4,0.02385685884691849,36,0.02385685884691849
Bar -> Office -> Food & Drink Shop -> Park,4,0.02385685884691849,36,0.02385685884691849
Building -> Gym / Fitness Center -> Office -> Park,4,0.02385685884691849,36,0.02385685884691849
Building -> Office -> Food & Drink Shop -> Park,4,0.02385685884691849,36,0.02385685884691849
Coffee Shop -> Hotel -> Office -> Park,4,0.02385685884691849,36,0.02385685884691849
Coffee Shop -> Office -> Bar -> Park,4,0.02385685884691849,36,0.02385685884691849
Coffee Shop -> Park -> Bar -> Park,4,0.02385685884691849,36,0.02385685884691849
Gym / Fitness Center -> Hotel -> Office -> Park,4,0.02385685884691849,36,0.02385685884691849
Neighborhood -> Office -> Coffee Shop -> Park,4,0.02385685884691849,36,0.02385685884691849
Park -> Gym / Fitness Center -> Bar -> Park,4,0.02385685884691849,36,0.02385685884691849
American Restaurant -> Office -> Deli / Bodega -> Office -> Park,5,0.02385685884691849,36,0.02385685884691849
Building -> Office -> Coffee Shop -> Deli / Bodega -> Park,5,0.02385685884691849,36,0.02385685884691849
Building -> Office -> Coffee Shop -> Gym / Fitness Center -> Park,5,0.02385685884691849,36,0.02385685884691849
Coffee Shop -> Building -> Office -> Coffee Shop -> Park,5,0.02385685884691849,36,0.02385685884691849
Coffee Shop -> Deli / Bodega -> Park -> Office -> Park,5,0.02385685884691849,36,0.02385685884691849
Coffee Shop -> Gym / Fitness Center -> Office -> Coffee Shop -> Park,5,0.02385685884691849,36,0.02385685884691849
Coffee Shop -> Office -> Food & Drink Shop -> Clothing Store -> Park,5,0.02385685884691849,36,0.02385685884691849
Coffee Shop -> Subway -> Office -> Deli / Bodega -> Park,5,0.02385685884691849,36,0.02385685884691849
Deli / Bodega -> Coffee Shop -> Office -> Food & Drink Shop -> Park,5,0.02385685884691849,36,0.02385685884691849
Deli / Bodega -> Office -> Park -> Coffee Shop -> Park,5,0.02385685884691849,36,0.02385685884691849
Deli / Bodega -> Park -> Office -> Gym / Fitness Center -> Park,5,0.02385685884691849,36,0.02385685884691849
Food & Drink Shop -> Office -> Gym / Fitness Center -> Office -> Park,5,0.02385685884691849,36,0.02385685884691849
Gym / Fitness Center -> Deli / Bodega -> Office -> Food & Drink Shop -> Park,5,0.02385685884691849,36,0.02385685884691849
Gym / Fitness Center -> Food & Drink Shop -> Office -> Clothing Store -> Park,5,0.02385685884691849,36,0.02385685884691849
Gym / Fitness Center -> Office -> Bank -> Office -> Park,5,0.02385685884691849,36,0.02385685884691849
Gym / Fitness Center -> Office -> Coffee Shop -> Food & Drink Shop -> Park,5,0.02385685884691849,36,0.02385685884691849
Gym / Fitness Center -> Office -> Food & Drink Shop -> Clothing Store -> Park,5,0.02385685884691849,36,0.02385685884691849
Office -> Coffee Shop -> Office -> Clothing Store -> Park,5,0.02385685884691849,36,0.02385685884691849
Office -> Neighborhood -> Office -> Coffee Shop -> Park,5,0.02385685884691849,36,0.02385685884691849
Office -> Subway -> Office -> Bar -> Park,5,0.02385685884691849,36,0.02385685884691849
Park -> Office -> Park -> Gym / Fitness Center -> Park,5,0.02385685884691849,36,0.02385685884691849
Subway -> Food & Drink Shop -> Office -> Food & Drink Shop -> Park,5,0.02385685884691849,36,0.02385685884691849
Subway -> Office -> Coffee Shop -> Food & Drink Shop -> Park,5,0.02385685884691849,36,0.02385685884691849
Subway -> Office -> Gym / Fitness Center -> Food & Drink Shop -> Park,5,0.02385685884691849,36,0.02385685884691849
Gym / Fitness Center -> Hotel -> Train Station,3,0.023843586075345733,50,0.023843586075345733
American Restaurant -> Coffee Shop -> Office -> Train Station,4,0.023843586075345733,50,0.023843586075345733
Drugstore / Pharmacy -> Coffee Shop -> Office -> Train Station,4,0.023843586075345733,50,0.023843586075345733
Drugstore / Pharmacy -> Office -> Gym / Fitness Center -> Train Station,4,0.023843586075345733,50,0.023843586075345733
Neighborhood -> Coffee Shop -> Office -> Train Station,4,0.023843586075345733,50,0.023843586075345733
Office -> Bar -> Coffee Shop -> Train Station,4,0.023843586075345733,50,0.023843586075345733
Office -> Gym / Fitness Center -> Bar -> Train Station,4,0.023843586075345733,50,0.023843586075345733
Office -> Subway -> Gym / Fitness Center -> Train Station,4,0.023843586075345733,50,0.023843586075345733
Subway -> Building -> Office -> Train Station,4,0.023843586075345733,50,0.023843586075345733
Building -> Coffee Shop -> Building -> Office -> Train Station,5,0.023843586075345733,50,0.023843586075345733
Coffee Shop -> Office -> Coffee Shop -> Building -> Train Station,5,0.023843586075345733,50,0.023843586075345733
Coffee Shop -> Subway -> Deli / Bodega -> Office -> Train Station,5,0.023843586075345733,50,0.023843586075345733
Deli / Bodega -> Gym / Fitness Center -> Office -> Gym / Fitness Center -> Train Station,5,0.023843586075345733,50,0.023843586075345733
Deli / Bodega -> Office -> Train Station -> Hotel -> Train Station,5,0.023843586075345733,50,0.023843586075345733
Office -> Bank -> Coffee Shop -> Office -> Train Station,5,0.023843586075345733,50,0.023843586075345733
Office -> Coffee Shop -> Bar -> Gym / Fitness Center -> Train Station,5,0.023843586075345733,50,0.023843586075345733
Office -> Drugstore / Pharmacy -> Office -> Gym / Fitness Center -> Train Station,5,0.023843586075345733,50,0.023843586075345733
Office -> Gym / Fitness Center -> Building -> Office -> Train Station,5,0.023843586075345733,50,0.023843586075345733
Office -> Train Station -> Office -> Hotel -> Train Station,5,0.023843586075345733,50,0.023843586075345733
Subway -> Building -> Office -> Gym / Fitness Center -> Train Station,5,0.023843586075345733,50,0.023843586075345733
Subway -> Gym / Fitness Center -> Office -> Gym / Fitness Center -> Train Station,5,0.023843586075345733,50,0.023843586075345733
Subway -> Office -> Coffee Shop -> Gym / Fitness Center -> Train Station,5,0.023843586075345733,50,0.023843586075345733
American Restaurant -> Bar -> Gym / Fitness Center,3,0.02379975379565039,58,0.02379975379565039
Food & Drink Shop -> Clothing Store -> Gym / Fitness Center,3,0.02379975379565039,58,0.02379975379565039
Office -> Drugstore / Pharmacy -> Gym / Fitness Center,3,0.02379975379565039,58,0.02379975379565039
Deli / Bodega -> Neighborhood -> Office -> Gym / Fitness Center,4,0.02379975379565039,58,0.02379975379565039
Deli / Bodega -> Office -> Food & Drink Shop -> Gym / Fitness Center,4,0.02379975379565039,58,0.02379975379565039
Food & Drink Shop -> Office -> Food & Drink Shop -> Gym / Fitness Center,4,0.02379975379565039,58,0.02379975379565039
Office -> Coffee Shop -> Park -> Gym / Fitness Center,4,0.02379975379565039,58,0.02379975379565039
Deli / Bodega -> Neighborhood -> Office -> Gym / Fitness Center -> Clothing Store,5,0.02379975379565039,21,0.023972602739726026
Office -> Coffee Shop -> Hotel -> Office -> Gym / Fitness Center,5,0.02379975379565039,58,0.02379975379565039
Office -> Gym / Fitness Center -> Building -> Office -> Gym / Fitness Center,5,0.02379975379565039,58,0.02379975379565039
Medical Center -> Hotel,2,0.023781212841854936,20,0.023781212841854936
Clothing Store -> Subway -> Hotel,3,0.023781212841854936,20,0.023781212841854936
Coffee Shop -> Bank -> Hotel,3,0.023781212841854936,20,0.023781212841854936
Coffee Shop -> Pizza Place -> Hotel,3,0.023781212841854936,20,0.023781212841854936
Food & Drink Shop -> Park -> Hotel,3,0.023781212841854936,20,0.023781212841854936
Gym / Fitness Center -> Bank -> Hotel,3,0.023781212841854936,20,0.023781212841854936
Bank -> Subway -> Office -> Hotel,4,0.023781212841854936,20,0.023781212841854936
Clothing Store -> Gym / Fitness Center -> Bar -> Hotel,4,0.023781212841854936,20,0.023781212841854936
Coffee Shop -> Hotel -> Clothing Store -> Hotel,4,0.023781212841854936,20,0.023781212841854936
Coffee Shop -> Hotel -> Coffee Shop -> Hotel,4,0.023781212841854936,20,0.023781212841854936
Coffee Shop -> Hotel -> Train Station -> Hotel,4,0.023781212841854936,20,0.023781212841854936
Coffee Shop -> Office -> Park -> Hotel,4,0.023781212841854936,20,0.023781212841854936
Coffee Shop -> Park -> Office -> Hotel,4,0.023781212841854936,20,0.023781212841854936
Deli / Bodega -> Neighborhood -> Office -> Hotel,4,0.023781212841854936,20,0.023781212841854936
Gym / Fitness Center -> Clothing Store -> Bar -> Hotel,4,0.023781212841854936,20,0.023781212841854936
Gym / Fitness Center -> Coffee Shop -> Gym / Fitness Center -> Hotel,4,0.023781212841854936,20,0.023781212841854936
Gym / Fitness Center -> Subway -> Coffee Shop -> Hotel,4,0.023781212841854936,20,0.023781212841854936
Hotel -> Office -> Neighborhood -> Hotel,4,0.023781212841854936,20,0.023781212841854936
Neighborhood -> Office -> Subway -> Hotel,4,0.023781212841854936,20,0.023781212841854936
Neighborhood -> Subway -> Office -> Hotel,4,0.023781212841854936,20,0.023781212841854936
Office -> Bar -> Bus Station -> Hotel,4,0.023781212841854936,20,0.023781212841854936
Office -> Bar -> Clothing Store -> Hotel,4,0.023781212841854936,20,0.023781212841854936
Office -> Building -> Train Station -> Hotel,4,0.023781212841854936,20,0.023781212841854936
Park -> Building -> Office -> Hotel,4,0.023781212841854936,20,0.023781212841854936
Park -> Office -> Gym / Fitness Center -> Hotel,4,0.023781212841854936,20,0.023781212841854936
Subway -> Office -> American Restaurant -> Hotel,4,0.023781212841854936,20,0.023781212841854936
Train Station -> Bar -> Office -> Hotel,4,0.023781212841854936,20,0.023781212841854936
Train Station -> Clothing Store -> Train Station -> Hotel,4,0.023781212841854936,20,0.023781212841854936
Bank -> Office -> Gym / Fitness Center -> Train Station -> Hotel,5,0.023781212841854936,20,0.023781212841854936
Coffee Shop -> Office -> Bank -> Office -> Hotel,5,0.023781212841854936,20,0.023781212841854936
Coffee Shop -> Office -> Coffee Shop -> Bar -> Hotel,5,0.023781212841854936,20,0.023781212841854936
Coffee Shop -> Subway -> Office -> Train Station -> Hotel,5,0.023781212841854936,20,0.023781212841854936
Coffee Shop -> Train Station -> Coffee Shop -> Office -> Hotel,5,0.023781212841854936,20,0.023781212841854936
Deli / Bodega -> Coffee Shop -> Office -> Gym / Fitness Center -> Hotel,5,0.023781212841854936,20,0.023781212841854936
Food & Drink Shop -> Office -> Coffee Shop -> Office -> Hotel,5,0.023781212841854936,20,0.023781212841854936
Gym / Fitness Center -> Building -> Coffee Shop -> Office -> Hotel,5,0.023781212841854936,20,0.023781212841854936
Gym / Fitness Center -> Office -> Bar -> Office -> Hotel,5,0.023781212841854936,20,0.023781212841854936
Gym / Fitness Center -> Train Station -> Hotel -> Train Station -> Hotel,5,0.023781212841854936,20,0.023781212841854936
Office -> Bank -> Office -> Gym / Fitness Center -> Hotel,5,0.023781212841854936,20,0.023781212841854936
Office -> Clothing Store -> Office -> Gym / Fitness Center -> Hotel,5,0.023781212841854936,20,0.023781212841854936
Office -> Coffee Shop -> Gym / Fitness Center -> Bar -> Hotel,5,0.023781212841854936,20,0.023781212841854936
Office -> Deli / Bodega -> Office -> Neighborhood -> Hotel,5,0.023781212841854936,20,0.023781212841854936
Office -> Gym / Fitness Center -> Neighborhood -> Office -> Hotel,5,0.023781212841854936,20,0.023781212841854936
Office -> Gym / Fitness Center -> Office -> Subway -> Hotel,5,0.023781212841854936,20,0.023781212841854936
Office -> Neighborhood -> Coffee Shop -> Office -> Hotel,5,0.023781212841854936,20,0.023781212841854936
Park -> Office -> Deli / Bodega -> Office -> Hotel,5,0.023781212841854936,20,0.023781212841854936
Park -> Office -> Park -> Office -> Hotel,5,0.023781212841854936,20,0.023781212841854936
Subway -> Office -> Gym / Fitness Center -> Train Station -> Hotel,5,0.023781212841854936,20,0.023781212841854936
Train Station -> Coffee Shop -> Office -> Train Station -> Hotel,5,0.023781212841854936,20,0.023781212841854936
Train Station -> Office -> Building -> Coffee Shop -> Hotel,5,0.023781212841854936,20,0.023781212841854936
Clothing Store -> Bar -> Food & Drink Shop,3,0.023741690408357077,50,0.023741690408357077
Office -> American Restaurant -> Food & Drink Shop,3,0.023741690408357077,50,0.023741690408357077
Park -> American Restaurant -> Food & Drink Shop,3,0.023741690408357077,50,0.023741690408357077
Coffee Shop -> Office -> Subway -> Food & Drink Shop,4,0.023741690408357077,50,0.023741690408357077
Gym / Fitness Center -> Food & Drink Shop -> Coffee Shop -> Food & Drink Shop,4,0.023741690408357077,50,0.023741690408357077
Office -> Food & Drink Shop -> Coffee Shop -> Food & Drink Shop,4,0.023741690408357077,50,0.023741690408357077
Coffee Shop -> Deli / Bodega -> Coffee Shop -> Office -> Food & Drink Shop,5,0.023741690408357077,50,0.023741690408357077
Coffee Shop -> Office -> Subway -> Food & Drink Shop -> Clothing Store,5,0.023741690408357077,21,0.023972602739726026
Gym / Fitness Center -> Office -> Park -> Office -> Food & Drink Shop,5,0.023741690408357077,50,0.023741690408357077
Office -> Coffee Shop -> Neighborhood -> Office -> Food & Drink Shop,5,0.023741690408357077,50,0.023741690408357077
Office -> Deli / Bodega -> Office -> Gym / Fitness Center -> Food & Drink Shop,5,0.023741690408357077,50,0.023741690408357077
Clothing Store -> Bus Station,2,0.023712737127371274,35,0.023712737127371274
Office -> Deli / Bodega -> Bus Station,3,0.023712737127371274,35,0.023712737127371274
Subway -> Gym / Fitness Center -> Bar,3,0.023705408515535098,103,0.023705408515535098
Gym / Fitness Center -> Coffee Shop -> Office -> Bar,4,0.023705408515535098,103,0.023705408515535098
Subway -> Gym / Fitness Center -> Bar -> Clothing Store,4,0.023705408515535098,27,0.030821917808219176
Gym / Fitness Center -> Coffee Shop -> Office -> Bar -> Clothing Store,5,0.023705408515535098,25,0.028538812785388126
Gym / Fitness Center -> Coffee Shop -> Office -> Bar -> Hotel,5,0.023705408515535098,25,0.029726516052318668
Bar -> Office -> Train Station -> Office,4,0.023689113654511578,89,0.023689113654511578
Building -> Coffee Shop -> Neighborhood -> Office,4,0.023689113654511578,89,0.023689113654511578
Building -> Office -> Bank -> Office,4,0.023689113654511578,89,0.023689113654511578
Coffee Shop -> Park -> Coffee Shop -> Office,4,0.023689113654511578,89,0.023689113654511578
Hotel -> Coffee Shop -> Train Station -> Office,4,0.023689113654511578,89,0.023689113654511578
Hotel -> Office -> Hotel -> Office,4,0.023689113654511578,89,0.023689113654511578
Train Station -> Gym / Fitness Center -> Train Station -> Office,4,0.023689113654511578,89,0.023689113654511578
Bar -> Office -> Train Station -> Office -> Clothing Store,5,0.023689113654511578,25,0.028538812785388126
Bar -> Office -> Train Station -> Office -> Train Station,5,0.023689113654511578,79,0.037672865999046255
Building -> Coffee Shop -> Neighborhood -> Office -> Clothing Store,5,0.023689113654511578,23,0.026255707762557076
Building -> Office -> Bank -> Office -> Clothing Store,5,0.023689113654511578,24,0.0273972602739726
Coffee Shop -> Deli / Bodega -> Office -> Park -> Office,5,0.023689113654511578,89,0.023689113654511578
Gym / Fitness Center -> Office -> Gym / Fitness Center -> Park -> Office,5,0.023689113654511578,89,0.023689113654511578
Hotel -> Coffee Shop -> Train Station -> Office -> Clothing Store,5,0.023689113654511578,22,0.02511415525114155
Hotel -> Coffee Shop -> Train Station -> Office -> Train Station,5,0.023689113654511578,78,0.03719599427753934
Hotel -> Office -> Hotel -> Office -> Clothing Store,5,0.023689113654511578,32,0.0365296803652968
Hotel -> Office -> Hotel -> Office -> Hotel,5,0.023689113654511578,29,0.034482758620689655
Office -> Park -> Office -> Building -> Office,5,0.023689113654511578,89,0.023689113654511578
Park -> Office -> Coffee Shop -> Gym / Fitness Center -> Office,5,0.023689113654511578,89,0.023689113654511578
Subway -> Coffee Shop -> Office -> Deli / Bodega -> Office,5,0.023689113654511578,89,0.023689113654511578
Subway -> Office -> Coffee Shop -> Building -> Office,5,0.023689113654511578,89,0.023689113654511578
Train Station -> Gym / Fitness Center -> Train Station -> Office -> Clothing Store,5,0.023689113654511578,26,0.02968036529680365
Train Station -> Gym / Fitness Center -> Train Station -> Office -> Hotel,5,0.023689113654511578,21,0.02497027348394768
Train Station -> Gym / Fitness Center -> Train Station -> Office -> Train Station,5,0.023689113654511578,98,0.04673342870767763
Bar -> Office -> Neighborhood,3,0.023686158401184307,32,0.023686158401184307
Building -> Office -> Coffee Shop -> Neighborhood,4,0.023686158401184307,32,0.023686158401184307
Coffee Shop -> Building -> Office -> Neighborhood,4,0.023686158401184307,32,0.023686158401184307
Coffee Shop -> Building -> Office -> Neighborhood -> Office,5,0.023686158401184307,102,0.027149321266968326
Office -> Building -> Coffee Shop -> Office -> Neighborhood,5,0.023686158401184307,32,0.023686158401184307
Park -> Gym / Fitness Center -> Subway,3,0.023650899400399734,71,0.023650899400399734
Building -> Coffee Shop -> Office -> Subway,4,0.023650899400399734,71,0.023650899400399734
Park -> Gym / Fitness Center -> Subway -> Office,4,0.023650899400399734,108,0.028746340165025287
Building -> Coffee Shop -> Office -> Subway -> Hotel,5,0.023650899400399734,26,0.030915576694411414
Building -> Coffee Shop -> Office -> Subway -> Office,5,0.023650899400399734,122,0.03247271759382486
Deli / Bodega -> Office -> Deli / Bodega -> Office -> Subway,5,0.023650899400399734,71,0.023650899400399734
Gym / Fitness Center -> Office -> Deli / Bodega -> Office -> Subway,5,0.023650899400399734,71,0.023650899400399734
American Restaurant -> Building -> Deli / Bodega,3,0.023634881825590873,29,0.023634881825590873
Coffee Shop -> Drugstore / Pharmacy -> Deli / Bodega,3,0.023634881825590873,29,0.023634881825590873
Neighborhood -> Coffee Shop -> Deli / Bodega,3,0.023634881825590873,29,0.023634881825590873
Coffee Shop -> Building -> Clothing Store -> Deli / Bodega,4,0.023634881825590873,29,0.023634881825590873
Coffee Shop -> Office -> Bar -> Deli / Bodega,4,0.023634881825590873,29,0.023634881825590873
Coffee Shop -> Office -> Park -> Deli / Bodega,4,0.023634881825590873,29,0.023634881825590873
College Academic Building -> Office -> Building -> Deli / Bodega,4,0.023634881825590873,29,0.023634881825590873
Deli / Bodega -> Office -> Bar -> Deli / Bodega,4,0.023634881825590873,29,0.023634881825590873
Gym / Fitness Center -> Coffee Shop -> College Academic Building -> Deli / Bodega,4,0.023634881825590873,29,0.023634881825590873
Gym / Fitness Center -> Deli / Bodega -> Park -> Deli / Bodega,4,0.023634881825590873,29,0.023634881825590873
Gym / Fitness Center -> Office -> American Restaurant -> Deli / Bodega,4,0.023634881825590873,29,0.023634881825590873
Neighborhood -> Subway -> Office -> Deli / Bodega,4,0.023634881825590873,29,0.023634881825590873
Office -> College Academic Building -> Coffee Shop -> Deli / Bodega,4,0.023634881825590873,29,0.023634881825590873
Subway -> Neighborhood -> Office -> Deli / Bodega,4,0.023634881825590873,29,0.023634881825590873
Building -> Subway -> Office -> Coffee Shop -> Deli / Bodega,5,0.023634881825590873,29,0.023634881825590873
Coffee Shop -> Building -> Office -> Clothing Store -> Deli / Bodega,5,0.023634881825590873,29,0.023634881825590873
Coffee Shop -> Deli / Bodega -> Office -> Gym / Fitness Center -> Deli / Bodega,5,0.023634881825590873,29,0.023634881825590873
Coffee Shop -> Deli / Bodega -> Office -> Subway -> Deli / Bodega,5,0.023634881825590873,29,0.023634881825590873
Coffee Shop -> Subway -> Office -> Building -> Deli / Bodega,5,0.023634881825590873,29,0.023634881825590873
Deli / Bodega -> Coffee Shop -> Office -> Clothing Store -> Deli / Bodega,5,0.023634881825590873,29,0.023634881825590873
Deli / Bodega -> Office -> Coffee Shop -> Clothing Store -> Deli / Bodega,5,0.023634881825590873,29,0.023634881825590873
Deli / Bodega -> Office -> Hotel -> Office -> Deli / Bodega,5,0.023634881825590873,29,0.023634881825590873
Drugstore / Pharmacy -> Office -> Deli / Bodega -> Office -> Deli / Bodega,5,0.023634881825590873,29,0.023634881825590873
Gym / Fitness Center -> Deli / Bodega -> Office -> Gym / Fitness Center -> Deli / Bodega,5,0.023634881825590873,29,0.023634881825590873
Gym / Fitness Center -> Train Station -> Office -> Clothing Store -> Deli / Bodega,5,0.023634881825590873,29,0.023634881825590873
Office -> Building -> Office -> Subway -> Deli / Bodega,5,0.023634881825590873,29,0.023634881825590873
Office -> Coffee Shop -> Deli / Bodega -> Coffee Shop -> Deli / Bodega,5,0.023634881825590873,29,0.023634881825590873
Office -> Deli / Bodega -> Office -> Park -> Deli / Bodega,5,0.023634881825590873,29,0.023634881825590873
Office -> Subway -> Deli / Bodega -> Office -> Deli / Bodega,5,0.023634881825590873,29,0.023634881825590873
Park -> Building -> Office -> Coffee Shop -> Deli / Bodega,5,0.023634881825590873,29,0.023634881825590873
Park -> Coffee Shop -> Office -> Coffee Shop -> Deli / Bodega,5,0.023634881825590873,29,0.023634881825590873
Subway -> Office -> Building -> Coffee Shop -> Deli / Bodega,5,0.023634881825590873,29,0.023634881825590873
Subway -> Office -> Hotel -> Office -> Deli / Bodega,5,0.023634881825590873,29,0.023634881825590873
Train Station -> Office -> Drugstore / Pharmacy -> Office -> Deli / Bodega,5,0.023634881825590873,29,0.023634881825590873
Building -> Gym / Fitness Center -> College Academic Building,3,0.02347762289068232,32,0.02347762289068232
Food & Drink Shop -> Gym / Fitness Center -> College Academic Building,3,0.02347762289068232,32,0.02347762289068232
Office -> Clothing Store -> College Academic Building,3,0.02347762289068232,32,0.02347762289068232
Subway -> Gym / Fitness Center -> College Academic Building,3,0.02347762289068232,32,0.02347762289068232
Deli / Bodega -> Office -> Gym / Fitness Center -> College Academic Building,4,0.02347762289068232,32,0.02347762289068232
Office -> Drugstore / Pharmacy -> Office -> College Academic Building,4,0.02347762289068232,32,0.02347762289068232
Deli / Bodega -> Coffee Shop -> Office -> Coffee Shop -> College Academic Building,5,0.02347762289068232,32,0.02347762289068232
Deli / Bodega -> Office -> Park -> Office -> College Academic Building,5,0.02347762289068232,32,0.02347762289068232
Deli / Bodega -> Office -> Subway -> Office -> College Academic Building,5,0.02347762289068232,32,0.02347762289068232
Gym / Fitness Center -> Park -> Gym / Fitness Center -> Office -> College Academic Building,5,0.02347762289068232,32,0.02347762289068232
Office -> Deli / Bodega -> Building -> Office -> College Academic Building,5,0.02347762289068232,32,0.02347762289068232
Office -> Gym / Fitness Center -> Office -> Deli / Bodega -> College Academic Building,5,0.02347762289068232,32,0.02347762289068232
Park -> Office -> Deli / Bodega -> Office -> College Academic Building,5,0.02347762289068232,32,0.02347762289068232
Subway -> Office -> Deli / Bodega -> Office -> College Academic Building,5,0.02347762289068232,32,0.02347762289068232
American Restaurant -> Bar -> Coffee Shop,3,0.02347629796839729,52,0.02347629796839729
Gym / Fitness Center -> American Restaurant -> Coffee Shop,3,0.02347629796839729,52,0.02347629796839729
Hotel -> Gym / Fitness Center -> Coffee Shop,3,0.02347629796839729,52,0.02347629796839729
Subway -> Deli / Bodega -> Coffee Shop,3,0.02347629796839729,52,0.02347629796839729
American Restaurant -> Deli / Bodega -> Office -> Coffee Shop,4,0.02347629796839729,52,0.02347629796839729
Building -> Clothing Store -> Office -> Coffee Shop,4,0.02347629796839729,52,0.02347629796839729
Coffee Shop -> Bar -> Office -> Coffee Shop,4,0.02347629796839729,52,0.02347629796839729
Deli / Bodega -> Drugstore / Pharmacy -> Office -> Coffee Shop,4,0.02347629796839729,52,0.02347629796839729
Deli / Bodega -> Office -> Clothing Store -> Coffee Shop,4,0.02347629796839729,52,0.02347629796839729
Gym / Fitness Center -> American Restaurant -> Coffee Shop -> Clothing Store,4,0.02347629796839729,22,0.02511415525114155
Hotel -> Gym / Fitness Center -> Coffee Shop -> Clothing Store,4,0.02347629796839729,26,0.02968036529680365
Office -> Coffee Shop -> Food & Drink Shop -> Coffee Shop,4,0.02347629796839729,52,0.02347629796839729
Office -> Deli / Bodega -> Park -> Coffee Shop,4,0.02347629796839729,52,0.02347629796839729
Subway -> Deli / Bodega -> Coffee Shop -> Clothing Store,4,0.02347629796839729,21,0.023972602739726026
Subway -> Deli / Bodega -> Coffee Shop -> Deli / Bodega,4,0.02347629796839729,31,0.02526487367563162
Subway -> Deli / Bodega -> Coffee Shop -> Office,4,0.02347629796839729,120,0.03194037796113921
Subway -> Office -> Food & Drink Shop -> Coffee Shop,4,0.02347629796839729,52,0.02347629796839729
American Restaurant -> Deli / Bodega -> Office -> Coffee Shop -> Office,5,0.02347629796839729,91,0.02422145328719723
Building -> Clothing Store -> Office -> Coffee Shop -> Clothing Store,5,0.02347629796839729,22,0.02511415525114155
Building -> Coffee Shop -> Deli / Bodega -> Office -> Coffee Shop,5,0.02347629796839729,52,0.02347629796839729
Building -> Coffee Shop -> Office -> Gym / Fitness Center -> Coffee Shop,5,0.02347629796839729,52,0.02347629796839729
Coffee Shop -> Gym / Fitness Center -> Office -> Gym / Fitness Center -> Coffee Shop,5,0.02347629796839729,52,0.02347629796839729
Coffee Shop -> Office -> American Restaurant -> Office -> Coffee Shop,5,0.02347629796839729,52,0.02347629796839729
Coffee Shop -> Office -> Bar -> Office -> Coffee Shop,5,0.02347629796839729,52,0.02347629796839729
Deli / Bodega -> Drugstore / Pharmacy -> Office -> Coffee Shop -> Clothing Store,5,0.02347629796839729,22,0.02511415525114155
Deli / Bodega -> Drugstore / Pharmacy -> Office -> Coffee Shop -> Office,5,0.02347629796839729,97,0.025818472185254192
Deli / Bodega -> Gym / Fitness Center -> Building -> Office -> Coffee Shop,5,0.02347629796839729,52,0.02347629796839729
Deli / Bodega -> Office -> Bar -> Office -> Coffee Shop,5,0.02347629796839729,52,0.02347629796839729
Deli / Bodega -> Office -> Clothing Store -> Coffee Shop -> Clothing Store,5,0.02347629796839729,28,0.0319634703196347
Food & Drink Shop -> Office -> Coffee Shop -> Office -> Coffee Shop,5,0.02347629796839729,52,0.02347629796839729
Gym / Fitness Center -> Office -> Coffee Shop -> Deli / Bodega -> Coffee Shop,5,0.02347629796839729,52,0.02347629796839729
Neighborhood -> Office -> Gym / Fitness Center -> Office -> Coffee Shop,5,0.02347629796839729,52,0.02347629796839729
Office -> Deli / Bodega -> Gym / Fitness Center -> Office -> Coffee Shop,5,0.02347629796839729,52,0.02347629796839729
Office -> Deli / Bodega -> Park -> Coffee Shop -> Office,5,0.02347629796839729,124,0.033005057226510516
Office -> Train Station -> Coffee Shop -> Train Station -> Coffee Shop,5,0.02347629796839729,52,0.02347629796839729
Park -> Deli / Bodega -> Coffee Shop -> Office -> Coffee Shop,5,0.02347629796839729,52,0.02347629796839729
Park -> Office -> Subway -> Office -> Coffee Shop,5,0.02347629796839729,52,0.02347629796839729
Subway -> Deli / Bodega -> Coffee Shop -> Office -> Clothing Store,5,0.02347629796839729,25,0.028538812785388126
Subway -> Deli / Bodega -> Coffee Shop -> Office -> Deli / Bodega,5,0.02347629796839729,30,0.02444987775061125
Subway -> Deli / Bodega -> Coffee Shop -> Office -> Hotel,5,0.02347629796839729,31,0.036860879904875146
Subway -> Office -> Clothing Store -> Office -> Coffee Shop,5,0.02347629796839729,52,0.02347629796839729
Train Station -> Office -> Drugstore / Pharmacy -> Office -> Coffee Shop,5,0.02347629796839729,52,0.02347629796839729
American Restaurant -> Food & Drink Shop -> Bar,3,0.023475258918296892,102,0.023475258918296892
Clothing Store -> Park -> Bar,3,0.023475258918296892,102,0.023475258918296892
Office -> Train Station -> Bar,3,0.023475258918296892,102,0.023475258918296892
Subway -> Clothing Store -> Bar,3,0.023475258918296892,102,0.023475258918296892
American Restaurant -> Food & Drink Shop -> Bar -> Hotel,4,0.023475258918296892,22,0.026159334126040427
Office -> Gym / Fitness Center -> Coffee Shop -> Bar,4,0.023475258918296892,102,0.023475258918296892
Office -> Train Station -> Bar -> Clothing Store,4,0.023475258918296892,22,0.02511415525114155
Office -> Train Station -> Bar -> Hotel,4,0.023475258918296892,29,0.034482758620689655
Office -> Train Station -> Bar -> Train Station,4,0.023475258918296892,105,0.05007153075822604
Subway -> Clothing Store -> Bar -> Clothing Store,4,0.023475258918296892,23,0.026255707762557076
Office -> Gym / Fitness Center -> Coffee Shop -> Bar -> Clothing Store,5,0.023475258918296892,22,0.02511415525114155
Office -> Gym / Fitness Center -> Coffee Shop -> Bar -> Hotel,5,0.023475258918296892,25,0.029726516052318668
Office -> Train Station -> Bar -> Train Station -> Hotel,5,0.023475258918296892,27,0.03210463733650416
Building -> Food & Drink Shop -> Office,3,0.02342294383816875,88,0.02342294383816875
Coffee Shop -> Bus Station -> Office,3,0.02342294383816875,88,0.02342294383816875
Food & Drink Shop -> Bar -> Office,3,0.02342294383816875,88,0.02342294383816875
Neighborhood -> Park -> Office,3,0.02342294383816875,88,0.02342294383816875
Bank -> Office -> Gym / Fitness Center -> Office,4,0.02342294383816875,88,0.02342294383816875
Building -> Food & Drink Shop -> Office -> Clothing Store,4,0.02342294383816875,23,0.026255707762557076
Building -> Food & Drink Shop -> Office -> Park,4,0.02342294383816875,43,0.028495692511597084
Coffee Shop -> Bus Station -> Office -> Hotel,4,0.02342294383816875,33,0.039239001189060645
Deli / Bodega -> Building -> Coffee Shop -> Office,4,0.02342294383816875,88,0.02342294383816875
Gym / Fitness Center -> Coffee Shop -> Clothing Store -> Office,4,0.02342294383816875,88,0.02342294383816875
Gym / Fitness Center -> Coffee Shop -> Park -> Office,4,0.02342294383816875,88,0.02342294383816875
Office -> Bank -> Deli / Bodega -> Office,4,0.02342294383816875,88,0.02342294383816875
Office -> Building -> Gym / Fitness Center -> Office,4,0.02342294383816875,88,0.02342294383816875
Park -> Office -> Bar -> Office,4,0.02342294383816875,88,0.02342294383816875
Bank -> Office -> Gym / Fitness Center -> Office -> Clothing Store,5,0.02342294383816875,36,0.0410958904109589
Bank -> Office -> Gym / Fitness Center -> Office -> Hotel,5,0.02342294383816875,32,0.03804994054696789
Deli / Bodega -> Building -> Coffee Shop -> Office -> Clothing Store,5,0.02342294383816875,21,0.023972602739726026
Deli / Bodega -> Building -> Coffee Shop -> Office -> Deli / Bodega,5,0.02342294383816875,29,0.023634881825590873
Gym / Fitness Center -> Coffee Shop -> Clothing Store -> Office -> Clothing Store,5,0.02342294383816875,36,0.0410958904109589
Gym / Fitness Center -> Coffee Shop -> Clothing Store -> Office -> Hotel,5,0.02342294383816875,26,0.030915576694411414
Gym / Fitness Center -> Coffee Shop -> Clothing Store -> Office -> Train Station,5,0.02342294383816875,68,0.03242727706247019
Gym / Fitness Center -> Coffee Shop -> Park -> Office -> Clothing Store,5,0.02342294383816875,34,0.03881278538812785
Gym / Fitness Center -> Coffee Shop -> Park -> Office -> Park,5,0.02342294383816875,37,0.024519549370444003
Gym / Fitness Center -> Hotel -> Office -> Deli / Bodega -> Office,5,0.02342294383816875,88,0.02342294383816875
Office -> Building -> Gym / Fitness Center -> Office -> Clothing Store,5,0.02342294383816875,28,0.0319634703196347
Office -> Building -> Gym / Fitness Center -> Office -> Deli / Bodega,5,0.02342294383816875,29,0.023634881825590873
Office -> Building -> Gym / Fitness Center -> Office -> Hotel,5,0.02342294383816875,23,0.027348394768133173
Office -> Hotel -> Coffee Shop -> Train Station -> Office,5,0.02342294383816875,88,0.02342294383816875
Park -> Subway -> Office -> Food & Drink Shop -> Office,5,0.02342294383816875,88,0.02342294383816875
Subway -> Office -> Building -> Coffee Shop -> Office,5,0.02342294383816875,88,0.02342294383816875
Train Station -> Bar -> Office -> Deli / Bodega -> Office,5,0.02342294383816875,88,0.02342294383816875
Clothing Store -> Office -> Coffee Shop -> Gym / Fitness Center,4,0.023389413212966764,57,0.023389413212966764
Deli / Bodega -> Office -> Deli / Bodega -> Gym / Fitness Center,4,0.023389413212966764,57,0.023389413212966764
Deli / Bodega -> Office -> Subway -> Gym / Fitness Center,4,0.023389413212966764,57,0.023389413212966764
Building -> Office -> Hotel -> Office -> Gym / Fitness Center,5,0.023389413212966764,57,0.023389413212966764
Building -> Office -> Neighborhood -> Office -> Gym / Fitness Center,5,0.023389413212966764,57,0.023389413212966764
Clothing Store -> Office -> Coffee Shop -> Gym / Fitness Center -> Clothing Store,5,0.023389413212966764,21,0.023972602739726026
Coffee Shop -> Building -> Deli / Bodega -> Office -> Gym / Fitness Center,5,0.023389413212966764,57,0.023389413212966764
Deli / Bodega -> Building -> Deli / Bodega -> Office -> Gym / Fitness Center,5,0.023389413212966764,57,0.023389413212966764
Deli / Bodega -> Office -> Deli / Bodega -> Gym / Fitness Center -> Bank,5,0.023389413212966764,17,0.02750809061488673
Deli / Bodega -> Office -> Deli / Bodega -> Gym / Fitness Center -> Building,5,0.023389413212966764,26,0.023985239852398525
Deli / Bodega -> Office -> Deli / Bodega -> Gym / Fitness Center -> Office,5,0.023389413212966764,103,0.027415491083311153
Gym / Fitness Center -> Coffee Shop -> Building -> Office -> Gym / Fitness Center,5,0.023389413212966764,57,0.023389413212966764
Office -> Building -> Subway -> Office -> Gym / Fitness Center,5,0.023389413212966764,57,0.023389413212966764
Office -> Coffee Shop -> Clothing Store -> Office -> Gym / Fitness Center,5,0.023389413212966764,57,0.023389413212966764
Office -> Food & Drink Shop -> Office -> Coffee Shop -> Gym / Fitness Center,5,0.023389413212966764,57,0.023389413212966764
Subway -> Office -> Neighborhood -> Office -> Gym / Fitness Center,5,0.023389413212966764,57,0.023389413212966764
Bank -> Coffee Shop -> Train Station,3,0.023366714353838816,49,0.023366714353838816
Building -> Deli / Bodega -> Train Station,3,0.023366714353838816,49,0.023366714353838816
Bus Station -> Office -> Train Station,3,0.023366714353838816,49,0.023366714353838816
Bar -> Office -> Bar -> Train Station,4,0.023366714353838816,49,0.023366714353838816
Food & Drink Shop -> Office -> Coffee Shop -> Train Station,4,0.023366714353838816,49,0.023366714353838816
Gym / Fitness Center -> Bar -> Office -> Train Station,4,0.023366714353838816,49,0.023366714353838816
Gym / Fitness Center -> Office -> Hotel -> Train Station,4,0.023366714353838816,49,0.023366714353838816
Office -> Clothing Store -> Coffee Shop -> Train Station,4,0.023366714353838816,49,0.023366714353838816
Office -> Coffee Shop -> Deli / Bodega -> Train Station,4,0.023366714353838816,49,0.023366714353838816
Building -> Coffee Shop -> Gym / Fitness Center -> Office -> Train Station,5,0.023366714353838816,49,0.023366714353838816
Coffee Shop -> Deli / Bodega -> Gym / Fitness Center -> Office -> Train Station,5,0.023366714353838816,49,0.023366714353838816
Coffee Shop -> Hotel -> Office -> Gym / Fitness Center -> Train Station,5,0.023366714353838816,49,0.023366714353838816
Coffee Shop -> Office -> Deli / Bodega -> Gym / Fitness Center -> Train Station,5,0.023366714353838816,49,0.023366714353838816
Deli / Bodega -> Office -> Neighborhood -> Office -> Train Station,5,0.023366714353838816,49,0.023366714353838816
Deli / Bodega -> Subway -> Coffee Shop -> Office -> Train Station,5,0.023366714353838816,49,0.023366714353838816
Office -> Food & Drink Shop -> Office -> Gym / Fitness Center -> Train Station,5,0.023366714353838816,49,0.023366714353838816
Train Station -> Office -> Drugstore / Pharmacy -> Office -> Train Station,5,0.023366714353838816,49,0.023366714353838816
Office -> Food & Drink Shop -> Subway,3,0.023317788141239172,70,0.023317788141239172
Deli / Bodega -> Coffee Shop -> Office -> Subway,4,0.023317788141239172,70,0.023317788141239172
Office -> Food & Drink Shop -> Office -> Subway,4,0.023317788141239172,70,0.023317788141239172
Office -> Food & Drink Shop -> Subway -> Clothing Store,4,0.023317788141239172,26,0.02968036529680365
Deli / Bodega -> Coffee Shop -> Office -> Subway -> Bank,5,0.023317788141239172,15,0.024271844660194174
Deli / Bodega -> Coffee Shop -> Office -> Subway -> Hotel,5,0.023317788141239172,22,0.026159334126040427
Deli / Bodega -> Coffee Shop -> Office -> Subway -> Office,5,0.023317788141239172,130,0.03460207612456748
Other Great Outdoors -> Food & Drink Shop,2,0.023266856600189935,49,0.023266856600189935
College Academic Building -> Office -> Food & Drink Shop,3,0.023266856600189935,49,0.023266856600189935
Building -> Deli / Bodega -> Office -> Food & Drink Shop,4,0.023266856600189935,49,0.023266856600189935
Food & Drink Shop -> Office -> Gym / Fitness Center -> Food & Drink Shop,4,0.023266856600189935,49,0.023266856600189935
Office -> Drugstore / Pharmacy -> Office -> Food & Drink Shop,4,0.023266856600189935,49,0.023266856600189935
Park -> Deli / Bodega -> Office -> Food & Drink Shop,4,0.023266856600189935,49,0.023266856600189935
Coffee Shop -> Gym / Fitness Center -> Office -> Gym / Fitness Center -> Food & Drink Shop,5,0.023266856600189935,49,0.023266856600189935
Gym / Fitness Center -> Subway -> Office -> Park -> Food & Drink Shop,5,0.023266856600189935,49,0.023266856600189935
Hotel -> Office -> Coffee Shop -> Office -> Food & Drink Shop,5,0.023266856600189935,49,0.023266856600189935
Office -> Gym / Fitness Center -> Subway -> Office -> Food & Drink Shop,5,0.023266856600189935,49,0.023266856600189935
Office -> Park -> Gym / Fitness Center -> Office -> Food & Drink Shop,5,0.023266856600189935,49,0.023266856600189935
Office -> Subway -> Neighborhood -> Office -> Food & Drink Shop,5,0.023266856600189935,49,0.023266856600189935
Park -> Office -> Food & Drink Shop -> Office -> Food & Drink Shop,5,0.023266856600189935,49,0.023266856600189935
Clothing Store -> Hotel -> Bar,3,0.023245109321058686,101,0.023245109321058686
Park -> Subway -> Bar,3,0.023245109321058686,101,0.023245109321058686
Clothing Store -> Bar -> Hotel -> Bar,4,0.023245109321058686,101,0.023245109321058686
Clothing Store -> Hotel -> Bar -> Hotel,4,0.023245109321058686,24,0.028537455410225922
Coffee Shop -> Bar -> Gym / Fitness Center -> Bar,4,0.023245109321058686,101,0.023245109321058686
Food & Drink Shop -> Bar -> Coffee Shop -> Bar,4,0.023245109321058686,101,0.023245109321058686
Office -> Food & Drink Shop -> American Restaurant -> Bar,4,0.023245109321058686,101,0.023245109321058686
Clothing Store -> Bar -> Hotel -> Bar -> Hotel,5,0.023245109321058686,21,0.02497027348394768
Deli / Bodega -> Office -> Coffee Shop -> Office -> Bar,5,0.023245109321058686,101,0.023245109321058686
American Restaurant -> Deli / Bodega -> Office -> Park,4,0.023194168323392977,35,0.023194168323392977
Building -> Coffee Shop -> Deli / Bodega -> Park,4,0.023194168323392977,35,0.023194168323392977
Deli / Bodega -> Office -> Building -> Park,4,0.023194168323392977,35,0.023194168323392977
Deli / Bodega -> Park -> Gym / Fitness Center -> Park,4,0.023194168323392977,35,0.023194168323392977
Gym / Fitness Center -> Bank -> Office -> Park,4,0.023194168323392977,35,0.023194168323392977
Gym / Fitness Center -> Food & Drink Shop -> Coffee Shop -> Park,4,0.023194168323392977,35,0.023194168323392977
Gym / Fitness Center -> Office -> Neighborhood -> Park,4,0.023194168323392977,35,0.023194168323392977
Office -> Building -> Deli / Bodega -> Park,4,0.023194168323392977,35,0.023194168323392977
Office -> Gym / Fitness Center -> Bar -> Park,4,0.023194168323392977,35,0.023194168323392977
Coffee Shop -> Deli / Bodega -> Office -> Coffee Shop -> Park,5,0.023194168323392977,35,0.023194168323392977
Coffee Shop -> Subway -> Office -> Coffee Shop -> Park,5,0.023194168323392977,35,0.023194168323392977
Deli / Bodega -> Coffee Shop -> Deli / Bodega -> Office -> Park,5,0.023194168323392977,35,0.023194168323392977
Deli / Bodega -> Gym / Fitness Center -> Office -> Gym / Fitness Center -> Park,5,0.023194168323392977,35,0.023194168323392977
Deli / Bodega -> Park -> Office -> Food & Drink Shop -> Park,5,0.023194168323392977,35,0.023194168323392977
Gym / Fitness Center -> Building -> Office -> Gym / Fitness Center -> Park,5,0.023194168323392977,35,0.023194168323392977
Neighborhood -> Gym / Fitness Center -> Office -> Food & Drink Shop -> Park,5,0.023194168323392977,35,0.023194168323392977
Office -> Deli / Bodega -> Office -> Clothing Store -> Park,5,0.023194168323392977,35,0.023194168323392977
Office -> Deli / Bodega -> Office -> Subway -> Park,5,0.023194168323392977,35,0.023194168323392977
Office -> Food & Drink Shop -> Office -> Subway -> Park,5,0.023194168323392977,35,0.023194168323392977
Office -> Gym / Fitness Center -> Building -> Office -> Park,5,0.023194168323392977,35,0.023194168323392977
Park -> Office -> Bar -> Office -> Park,5,0.023194168323392977,35,0.023194168323392977
Subway -> Coffee Shop -> Office -> Coffee Shop -> Park,5,0.023194168323392977,35,0.023194168323392977
Subway -> Office -> Food & Drink Shop -> Clothing Store -> Park,5,0.023194168323392977,35,0.023194168323392977
Home (private) -> Office,2,0.023156774021825925,87,0.023156774021825925
Building -> Bar -> Office,3,0.023156774021825925,87,0.023156774021825925
Building -> Bar -> Office -> Hotel,4,0.023156774021825925,27,0.03210463733650416
Gym / Fitness Center -> Park -> Building -> Office,4,0.023156774021825925,87,0.023156774021825925
Neighborhood -> Office -> Hotel -> Office,4,0.023156774021825925,87,0.023156774021825925
Train Station -> Office -> Bar -> Office,4,0.023156774021825925,87,0.023156774021825925
Bar -> Gym / Fitness Center -> Office -> Coffee Shop -> Office,5,0.023156774021825925,87,0.023156774021825925
Coffee Shop -> Office -> Subway -> Building -> Office,5,0.023156774021825925,87,0.023156774021825925
Deli / Bodega -> Gym / Fitness Center -> Office -> Building -> Office,5,0.023156774021825925,87,0.023156774021825925
Deli / Bodega -> Office -> Subway -> Gym / Fitness Center -> Office,5,0.023156774021825925,87,0.023156774021825925
Gym / Fitness Center -> Coffee Shop -> Building -> Coffee Shop -> Office,5,0.023156774021825925,87,0.023156774021825925
Gym / Fitness Center -> Park -> Office -> Park -> Office,5,0.023156774021825925,87,0.023156774021825925
Neighborhood -> Office -> Hotel -> Office -> Hotel,5,0.023156774021825925,21,0.02497027348394768
Office -> Building -> Coffee Shop -> Clothing Store -> Office,5,0.023156774021825925,87,0.023156774021825925
Office -> Building -> Coffee Shop -> Deli / Bodega -> Office,5,0.023156774021825925,87,0.023156774021825925
Office -> Building -> Coffee Shop -> Train Station -> Office,5,0.023156774021825925,87,0.023156774021825925
Office -> Gym / Fitness Center -> Office -> Hotel -> Office,5,0.023156774021825925,87,0.023156774021825925
Subway -> Coffee Shop -> Office -> Food & Drink Shop -> Office,5,0.023156774021825925,87,0.023156774021825925
Train Station -> Office -> Bar -> Office -> Train Station,5,0.023156774021825925,77,0.03671912255603243
American Restaurant -> Gym / Fitness Center -> Pizza Place,3,0.023121387283236993,16,0.023121387283236993
Coffee Shop -> Hotel -> Pizza Place,3,0.023121387283236993,16,0.023121387283236993
Food & Drink Shop -> American Restaurant -> Pizza Place,3,0.023121387283236993,16,0.023121387283236993
Gym / Fitness Center -> American Restaurant -> Pizza Place,3,0.023121387283236993,16,0.023121387283236993
Gym / Fitness Center -> Hotel -> Pizza Place,3,0.023121387283236993,16,0.023121387283236993
Park -> Subway -> Pizza Place,3,0.023121387283236993,16,0.023121387283236993
American Restaurant -> Gym / Fitness Center -> Bar -> Pizza Place,4,0.023121387283236993,16,0.023121387283236993
Bar -> Pizza Place -> Bar -> Pizza Place,4,0.023121387283236993,16,0.023121387283236993
Building -> Deli / Bodega -> Office -> Pizza Place,4,0.023121387283236993,16,0.023121387283236993
Building -> Office -> Building -> Pizza Place,4,0.023121387283236993,16,0.023121387283236993
Coffee Shop -> Bar -> American Restaurant -> Pizza Place,4,0.023121387283236993,16,0.023121387283236993
Coffee Shop -> Building -> Office -> Pizza Place,4,0.023121387283236993,16,0.023121387283236993
Coffee Shop -> Food & Drink Shop -> Office -> Pizza Place,4,0.023121387283236993,16,0.023121387283236993
Coffee Shop -> Office -> Neighborhood -> Pizza Place,4,0.023121387283236993,16,0.023121387283236993
Deli / Bodega -> Gym / Fitness Center -> Office -> Pizza Place,4,0.023121387283236993,16,0.023121387283236993
Deli / Bodega -> Office -> Subway -> Pizza Place,4,0.023121387283236993,16,0.023121387283236993
Food & Drink Shop -> American Restaurant -> Bar -> Pizza Place,4,0.023121387283236993,16,0.023121387283236993
Gym / Fitness Center -> American Restaurant -> Bar -> Pizza Place,4,0.023121387283236993,16,0.023121387283236993
Office -> Deli / Bodega -> Coffee Shop -> Pizza Place,4,0.023121387283236993,16,0.023121387283236993
Office -> Gym / Fitness Center -> Bar -> Pizza Place,4,0.023121387283236993,16,0.023121387283236993
Office -> Gym / Fitness Center -> Coffee Shop -> Pizza Place,4,0.023121387283236993,16,0.023121387283236993
Building -> Office -> Deli / Bodega -> Office -> Pizza Place,5,0.023121387283236993,16,0.023121387283236993
Coffee Shop -> Office -> Gym / Fitness Center -> Office -> Pizza Place,5,0.023121387283236993,16,0.023121387283236993
Deli / Bodega -> Office -> Deli / Bodega -> Office -> Pizza Place,5,0.023121387283236993,16,0.023121387283236993
Gym / Fitness Center -> Office -> Building -> Office -> Pizza Place,5,0.023121387283236993,16,0.023121387283236993
Gym / Fitness Center -> Office -> Neighborhood -> Office -> Pizza Place,5,0.023121387283236993,16,0.023121387283236993
Office -> Coffee Shop -> Office -> Building -> Pizza Place,5,0.023121387283236993,16,0.023121387283236993
Office -> Coffee Shop -> Office -> Subway -> Pizza Place,5,0.023121387283236993,16,0.023121387283236993
Office -> Subway -> Office -> Subway -> Pizza Place,5,0.023121387283236993,16,0.023121387283236993
Office -> Train Station -> Coffee Shop -> Office -> Pizza Place,5,0.023121387283236993,16,0.023121387283236993
Subway -> Coffee Shop -> Office -> Coffee Shop -> Pizza Place,5,0.023121387283236993,16,0.023121387283236993
Coffee Shop -> Office -> Other Great Outdoors,3,0.0231105559025609,37,0.0231105559025609
Building -> Clothing Store -> Building,3,0.023062730627306273,25,0.023062730627306273
Building -> Hotel -> Building,3,0.023062730627306273,25,0.023062730627306273
Clothing Store -> Bar -> Building,3,0.023062730627306273,25,0.023062730627306273
Clothing Store -> Coffee Shop -> Building,3,0.023062730627306273,25,0.023062730627306273
Deli / Bodega -> Clothing Store -> Building,3,0.023062730627306273,25,0.023062730627306273
Deli / Bodega -> Park -> Building,3,0.023062730627306273,25,0.023062730627306273
Neighborhood -> Coffee Shop -> Building,3,0.023062730627306273,25,0.023062730627306273
Park -> Coffee Shop -> Building,3,0.023062730627306273,25,0.023062730627306273
Subway -> Clothing Store -> Building,3,0.023062730627306273,25,0.023062730627306273
American Restaurant -> Deli / Bodega -> Office -> Building,4,0.023062730627306273,25,0.023062730627306273
Coffee Shop -> Building -> Deli / Bodega -> Building,4,0.023062730627306273,25,0.023062730627306273
Coffee Shop -> Food & Drink Shop -> Office -> Building,4,0.023062730627306273,25,0.023062730627306273
Coffee Shop -> Office -> American Restaurant -> Building,4,0.023062730627306273,25,0.023062730627306273
Coffee Shop -> Office -> Bank -> Building,4,0.023062730627306273,25,0.023062730627306273
Deli / Bodega -> Coffee Shop -> Deli / Bodega -> Building,4,0.023062730627306273,25,0.023062730627306273
Deli / Bodega -> Gym / Fitness Center -> Coffee Shop -> Building,4,0.023062730627306273,25,0.023062730627306273
Deli / Bodega -> Neighborhood -> Office -> Building,4,0.023062730627306273,25,0.023062730627306273
Deli / Bodega -> Office -> Bank -> Building,4,0.023062730627306273,25,0.023062730627306273
Deli / Bodega -> Park -> Building -> Office,4,0.023062730627306273,109,0.029012509981368114
Drugstore / Pharmacy -> Coffee Shop -> Office -> Building,4,0.023062730627306273,25,0.023062730627306273
Gym / Fitness Center -> Neighborhood -> Office -> Building,4,0.023062730627306273,25,0.023062730627306273
Hotel -> Office -> Gym / Fitness Center -> Building,4,0.023062730627306273,25,0.023062730627306273
Office -> Building -> Deli / Bodega -> Building,4,0.023062730627306273,25,0.023062730627306273
Office -> Gym / Fitness Center -> Clothing Store -> Building,4,0.023062730627306273,25,0.023062730627306273
Park -> Office -> Gym / Fitness Center -> Building,4,0.023062730627306273,25,0.023062730627306273
American Restaurant -> Office -> Building -> Office -> Building,5,0.023062730627306273,25,0.023062730627306273
Building -> Office -> Hotel -> Office -> Building,5,0.023062730627306273,25,0.023062730627306273
Coffee Shop -> Office -> Bank -> Office -> Building,5,0.023062730627306273,25,0.023062730627306273
Coffee Shop -> Subway -> Office -> Coffee Shop -> Building,5,0.023062730627306273,25,0.023062730627306273
Coffee Shop -> Train Station -> Coffee Shop -> Office -> Building,5,0.023062730627306273,25,0.023062730627306273
Deli / Bodega -> Office -> Coffee Shop -> Deli / Bodega -> Building,5,0.023062730627306273,25,0.023062730627306273
Deli / Bodega -> Park -> Building -> Office -> Building,5,0.023062730627306273,26,0.023985239852398525
Deli / Bodega -> Park -> Building -> Office -> Deli / Bodega,5,0.023062730627306273,30,0.02444987775061125
Deli / Bodega -> Park -> Deli / Bodega -> Office -> Building,5,0.023062730627306273,25,0.023062730627306273
Deli / Bodega -> Park -> Office -> Deli / Bodega -> Building,5,0.023062730627306273,25,0.023062730627306273
Gym / Fitness Center -> Building -> Office -> Clothing Store -> Building,5,0.023062730627306273,25,0.023062730627306273
Gym / Fitness Center -> Coffee Shop -> Office -> Clothing Store -> Building,5,0.023062730627306273,25,0.023062730627306273
Office -> Building -> Clothing Store -> Office -> Building,5,0.023062730627306273,25,0.023062730627306273
Office -> Building -> Office -> Subway -> Building,5,0.023062730627306273,25,0.023062730627306273
Office -> Deli / Bodega -> Office -> Clothing Store -> Building,5,0.023062730627306273,25,0.023062730627306273
Office -> Gym / Fitness Center -> Office -> Clothing Store -> Building,5,0.023062730627306273,25,0.023062730627306273
Office -> Gym / Fitness Center -> Office -> Coffee Shop -> Building,5,0.023062730627306273,25,0.023062730627306273
Office -> Subway -> Office -> Coffee Shop -> Building,5,0.023062730627306273,25,0.023062730627306273
Subway -> Office -> Hotel -> Office -> Building,5,0.023062730627306273,25,0.023062730627306273
Subway -> Office -> Train Station -> Office -> Building,5,0.023062730627306273,25,0.023062730627306273
Train Station -> Office -> Subway -> Office -> Building,5,0.023062730627306273,25,0.023062730627306273
Gym / Fitness Center -> Bus Station,2,0.023035230352303523,34,0.023035230352303523
Office -> Subway -> Office -> Bus Station,4,0.023035230352303523,34,0.023035230352303523
Deli / Bodega -> Bar -> Coffee Shop,3,0.023024830699774266,51,0.023024830699774266
Park -> Food & Drink Shop -> Coffee Shop,3,0.023024830699774266,51,0.023024830699774266
Subway -> Building -> Coffee Shop,3,0.023024830699774266,51,0.023024830699774266
Subway -> Park -> Coffee Shop,3,0.023024830699774266,51,0.023024830699774266
American Restaurant -> Office -> Building -> Coffee Shop,4,0.023024830699774266,51,0.023024830699774266
American Restaurant -> Office -> Deli / Bodega -> Coffee Shop,4,0.023024830699774266,51,0.023024830699774266
Building -> Gym / Fitness Center -> Office -> Coffee Shop,4,0.023024830699774266,51,0.023024830699774266
Building -> Office -> Clothing Store -> Coffee Shop,4,0.023024830699774266,51,0.023024830699774266
Coffee Shop -> Drugstore / Pharmacy -> Office -> Coffee Shop,4,0.023024830699774266,51,0.023024830699774266
Deli / Bodega -> Coffee Shop -> Gym / Fitness Center -> Coffee Shop,4,0.023024830699774266,51,0.023024830699774266
Office -> Building -> Subway -> Coffee Shop,4,0.023024830699774266,51,0.023024830699774266
Office -> Coffee Shop -> Bar -> Coffee Shop,4,0.023024830699774266,51,0.023024830699774266
Park -> Gym / Fitness Center -> Office -> Coffee Shop,4,0.023024830699774266,51,0.023024830699774266
Subway -> Building -> Coffee Shop -> Clothing Store,4,0.023024830699774266,24,0.0273972602739726
American Restaurant -> Office -> Building -> Coffee Shop -> Deli / Bodega,5,0.023024830699774266,29,0.023634881825590873
Building -> Deli / Bodega -> Office -> Deli / Bodega -> Coffee Shop,5,0.023024830699774266,51,0.023024830699774266
Building -> Gym / Fitness Center -> Office -> Coffee Shop -> Clothing Store,5,0.023024830699774266,28,0.0319634703196347
Building -> Office -> Clothing Store -> Coffee Shop -> Clothing Store,5,0.023024830699774266,37,0.04223744292237443
Building -> Office -> Clothing Store -> Coffee Shop -> Hotel,5,0.023024830699774266,20,0.023781212841854936
Coffee Shop -> Drugstore / Pharmacy -> Office -> Coffee Shop -> Office,5,0.023024830699774266,93,0.024753792919882885
Coffee Shop -> Office -> Bank -> Office -> Coffee Shop,5,0.023024830699774266,51,0.023024830699774266
Coffee Shop -> Office -> Coffee Shop -> Train Station -> Coffee Shop,5,0.023024830699774266,51,0.023024830699774266
Deli / Bodega -> Coffee Shop -> Office -> Building -> Coffee Shop,5,0.023024830699774266,51,0.023024830699774266
Deli / Bodega -> Park -> Deli / Bodega -> Office -> Coffee Shop,5,0.023024830699774266,51,0.023024830699774266
Train Station -> Coffee Shop -> Building -> Office -> Coffee Shop,5,0.023024830699774266,51,0.023024830699774266
Coffee Shop -> Bar -> Office -> Bar,4,0.023014959723820484,100,0.023014959723820484
Office -> Park -> Office -> Bar,4,0.023014959723820484,100,0.023014959723820484
Office -> Park -> Office -> Bar -> Clothing Store,5,0.023014959723820484,28,0.0319634703196347
Office -> Park -> Office -> Bar -> Hotel,5,0.023014959723820484,26,0.030915576694411414
Office -> Deli / Bodega -> Subway,3,0.022984676882078614,69,0.022984676882078614
Gym / Fitness Center -> Office -> Gym / Fitness Center -> Subway,4,0.022984676882078614,69,0.022984676882078614
Office -> Deli / Bodega -> Subway -> Bank,4,0.022984676882078614,22,0.03559870550161812
Office -> Deli / Bodega -> Subway -> Clothing Store,4,0.022984676882078614,25,0.028538812785388126
Office -> Deli / Bodega -> Subway -> Deli / Bodega,4,0.022984676882078614,30,0.02444987775061125
Office -> Deli / Bodega -> Subway -> Office,4,0.022984676882078614,167,0.044450359329252065
Gym / Fitness Center -> Office -> Gym / Fitness Center -> Subway -> Office,5,0.022984676882078614,106,0.028214000532339634
Office -> Deli / Bodega -> Subway -> Office -> Bank,5,0.022984676882078614,18,0.02912621359223301
Office -> Deli / Bodega -> Subway -> Office -> Clothing Store,5,0.022984676882078614,35,0.03995433789954338
Office -> Deli / Bodega -> Subway -> Office -> Coffee Shop,5,0.022984676882078614,54,0.02437923250564334
Office -> Deli / Bodega -> Subway -> Office -> Deli / Bodega,5,0.022984676882078614,33,0.02689486552567237
Office -> Deli / Bodega -> Subway -> Office -> Food & Drink Shop,5,0.022984676882078614,50,0.023741690408357077
Office -> Deli / Bodega -> Subway -> Office -> Gym / Fitness Center,5,0.022984676882078614,64,0.026261797291752154
Office -> Deli / Bodega -> Subway -> Office -> Hotel,5,0.022984676882078614,30,0.0356718192627824
Office -> Deli / Bodega -> Subway -> Office -> Park,5,0.022984676882078614,39,0.02584493041749503
Office -> Deli / Bodega -> Subway -> Office -> Pizza Place,5,0.022984676882078614,16,0.023121387283236993
Building -> Deli / Bodega -> Gym / Fitness Center,3,0.022979072630283134,56,0.022979072630283134
Office -> Neighborhood -> Gym / Fitness Center,3,0.022979072630283134,56,0.022979072630283134
Park -> Subway -> Gym / Fitness Center,3,0.022979072630283134,56,0.022979072630283134
Bar -> Coffee Shop -> Office -> Gym / Fitness Center,4,0.022979072630283134,56,0.022979072630283134
Building -> Deli / Bodega -> Gym / Fitness Center -> Train Station,4,0.022979072630283134,49,0.023366714353838816
Food & Drink Shop -> Office -> Park -> Gym / Fitness Center,4,0.022979072630283134,56,0.022979072630283134
Gym / Fitness Center -> Park -> Coffee Shop -> Gym / Fitness Center,4,0.022979072630283134,56,0.022979072630283134
Hotel -> Building -> Office -> Gym / Fitness Center,4,0.022979072630283134,56,0.022979072630283134
Hotel -> Office -> Hotel -> Gym / Fitness Center,4,0.022979072630283134,56,0.022979072630283134
Office -> Food & Drink Shop -> Park -> Gym / Fitness Center,4,0.022979072630283134,56,0.022979072630283134
Office -> Gym / Fitness Center -> Park -> Gym / Fitness Center,4,0.022979072630283134,56,0.022979072630283134
Office -> Neighborhood -> Gym / Fitness Center -> Office,4,0.022979072630283134,141,0.03752994410433857
Park -> Subway -> Gym / Fitness Center -> Office,4,0.022979072630283134,103,0.027415491083311153
Subway -> Office -> Subway -> Gym / Fitness Center,4,0.022979072630283134,56,0.022979072630283134
Bank -> Office -> Coffee Shop -> Office -> Gym / Fitness Center,5,0.022979072630283134,56,0.022979072630283134
Gym / Fitness Center -> Office -> Deli / Bodega -> Coffee Shop -> Gym / Fitness Center,5,0.022979072630283134,56,0.022979072630283134
Gym / Fitness Center -> Office -> Food & Drink Shop -> Coffee Shop -> Gym / Fitness Center,5,0.022979072630283134,56,0.022979072630283134
Hotel -> Building -> Office -> Gym / Fitness Center -> Hotel,5,0.022979072630283134,20,0.023781212841854936
Hotel -> Office -> Neighborhood -> Office -> Gym / Fitness Center,5,0.022979072630283134,56,0.022979072630283134
Office -> Coffee Shop -> Office -> Bar -> Gym / Fitness Center,5,0.022979072630283134,56,0.022979072630283134
Office -> Coffee Shop -> Office -> Food & Drink Shop -> Gym / Fitness Center,5,0.022979072630283134,56,0.022979072630283134
Office -> Neighborhood -> Coffee Shop -> Office -> Gym / Fitness Center,5,0.022979072630283134,56,0.022979072630283134
Office -> Neighborhood -> Gym / Fitness Center -> Office -> Clothing Store,5,0.022979072630283134,26,0.02968036529680365
Office -> Neighborhood -> Gym / Fitness Center -> Office -> Food & Drink Shop,5,0.022979072630283134,58,0.027540360873694207
Office -> Neighborhood -> Gym / Fitness Center -> Office -> Park,5,0.022979072630283134,41,0.027170311464546057
Park -> Subway -> Coffee Shop -> Office -> Gym / Fitness Center,5,0.022979072630283134,56,0.022979072630283134
Park -> Subway -> Gym / Fitness Center -> Office -> Clothing Store,5,0.022979072630283134,24,0.0273972602739726
Park -> Subway -> Gym / Fitness Center -> Office -> Park,5,0.022979072630283134,36,0.02385685884691849
Bar -> Gym / Fitness Center -> Office -> Drugstore / Pharmacy,4,0.022974607013301087,19,0.022974607013301087
Coffee Shop -> Gym / Fitness Center -> Bar -> Drugstore / Pharmacy,4,0.022974607013301087,19,0.022974607013301087
Coffee Shop -> Office -> Food & Drink Shop -> Drugstore / Pharmacy,4,0.022974607013301087,19,0.022974607013301087
Gym / Fitness Center -> Bar -> Office -> Drugstore / Pharmacy,4,0.022974607013301087,19,0.022974607013301087
Gym / Fitness Center -> Office -> Subway -> Drugstore / Pharmacy,4,0.022974607013301087,19,0.022974607013301087
Office -> Gym / Fitness Center -> Bar -> Drugstore / Pharmacy,4,0.022974607013301087,19,0.022974607013301087
Park -> Office -> Coffee Shop -> Drugstore / Pharmacy,4,0.022974607013301087,19,0.022974607013301087
Coffee Shop -> Gym / Fitness Center -> Office -> Gym / Fitness Center -> Drugstore / Pharmacy,5,0.022974607013301087,19,0.022974607013301087
Gym / Fitness Center -> Coffee Shop -> Office -> Gym / Fitness Center -> Drugstore / Pharmacy,5,0.022974607013301087,19,0.022974607013301087
Gym / Fitness Center -> Office -> Deli / Bodega -> Office -> Drugstore / Pharmacy,5,0.022974607013301087,19,0.022974607013301087
Gym / Fitness Center -> Office -> Neighborhood -> Office -> Drugstore / Pharmacy,5,0.022974607013301087,19,0.022974607013301087
Office -> Coffee Shop -> Deli / Bodega -> Office -> Drugstore / Pharmacy,5,0.022974607013301087,19,0.022974607013301087
Office -> Gym / Fitness Center -> Office -> Bar -> Drugstore / Pharmacy,5,0.022974607013301087,19,0.022974607013301087
Office -> Gym / Fitness Center -> Office -> Coffee Shop -> Drugstore / Pharmacy,5,0.022974607013301087,19,0.022974607013301087
Office -> Gym / Fitness Center -> Office -> Gym / Fitness Center -> Drugstore / Pharmacy,5,0.022974607013301087,19,0.022974607013301087
Office -> Gym / Fitness Center -> Subway -> Office -> Drugstore / Pharmacy,5,0.022974607013301087,19,0.022974607013301087
Office -> Park -> Subway -> Office -> Drugstore / Pharmacy,5,0.022974607013301087,19,0.022974607013301087
Park -> Office -> Coffee Shop -> Office -> Drugstore / Pharmacy,5,0.022974607013301087,19,0.022974607013301087
Park -> Office -> Gym / Fitness Center -> Office -> Drugstore / Pharmacy,5,0.022974607013301087,19,0.022974607013301087
Subway -> Office -> Deli / Bodega -> Office -> Drugstore / Pharmacy,5,0.022974607013301087,19,0.022974607013301087
Clothing Store -> Building -> American Restaurant,3,0.022966507177033493,24,0.022966507177033493
Pizza Place -> Bar -> American Restaurant,3,0.022966507177033493,24,0.022966507177033493
Bar -> Food & Drink Shop -> Bar -> American Restaurant,4,0.022966507177033493,24,0.022966507177033493
Building -> Deli / Bodega -> Office -> American Restaurant,4,0.022966507177033493,24,0.022966507177033493
Clothing Store -> Coffee Shop -> Bar -> American Restaurant,4,0.022966507177033493,24,0.022966507177033493
Clothing Store -> Food & Drink Shop -> Bar -> American Restaurant,4,0.022966507177033493,24,0.022966507177033493
Coffee Shop -> Hotel -> Bar -> American Restaurant,4,0.022966507177033493,24,0.022966507177033493
Coffee Shop -> Office -> Building -> American Restaurant,4,0.022966507177033493,24,0.022966507177033493
Food & Drink Shop -> American Restaurant -> Bar -> American Restaurant,4,0.022966507177033493,24,0.022966507177033493
Food & Drink Shop -> Gym / Fitness Center -> Bar -> American Restaurant,4,0.022966507177033493,24,0.022966507177033493
Hotel -> Gym / Fitness Center -> Office -> American Restaurant,4,0.022966507177033493,24,0.022966507177033493
Office -> American Restaurant -> Bar -> American Restaurant,4,0.022966507177033493,24,0.022966507177033493
Office -> American Restaurant -> Office -> American Restaurant,4,0.022966507177033493,24,0.022966507177033493
Office -> Clothing Store -> Park -> American Restaurant,4,0.022966507177033493,24,0.022966507177033493
Office -> Coffee Shop -> Clothing Store -> American Restaurant,4,0.022966507177033493,24,0.022966507177033493
Office -> Deli / Bodega -> Coffee Shop -> American Restaurant,4,0.022966507177033493,24,0.022966507177033493
Office -> Gym / Fitness Center -> Coffee Shop -> American Restaurant,4,0.022966507177033493,24,0.022966507177033493
Office -> Neighborhood -> Office -> American Restaurant,4,0.022966507177033493,24,0.022966507177033493
Park -> Coffee Shop -> Bar -> American Restaurant,4,0.022966507177033493,24,0.022966507177033493
Park -> Coffee Shop -> Park -> American Restaurant,4,0.022966507177033493,24,0.022966507177033493
Subway -> Office -> Bar -> American Restaurant,4,0.022966507177033493,24,0.022966507177033493
Subway -> Office -> Food & Drink Shop -> American Restaurant,4,0.022966507177033493,24,0.022966507177033493
Building -> Office -> Subway -> Office -> American Restaurant,5,0.022966507177033493,24,0.022966507177033493
Coffee Shop -> Office -> Train Station -> Office -> American Restaurant,5,0.022966507177033493,24,0.022966507177033493
Deli / Bodega -> Office -> Park -> Office -> American Restaurant,5,0.022966507177033493,24,0.022966507177033493
Deli / Bodega -> Office -> Subway -> Office -> American Restaurant,5,0.022966507177033493,24,0.022966507177033493
Office -> Deli / Bodega -> Gym / Fitness Center -> Office -> American Restaurant,5,0.022966507177033493,24,0.022966507177033493
Office -> Park -> Office -> Park -> American Restaurant,5,0.022966507177033493,24,0.022966507177033493
Office -> Subway -> Office -> Park -> American Restaurant,5,0.022966507177033493,24,0.022966507177033493
Park -> Office -> Gym / Fitness Center -> Office -> American Restaurant,5,0.022966507177033493,24,0.022966507177033493
College Academic Building -> Neighborhood,2,0.0229459659511473,31,0.0229459659511473
Subway -> Coffee Shop -> Neighborhood,3,0.0229459659511473,31,0.0229459659511473
Coffee Shop -> Subway -> Office -> Neighborhood,4,0.0229459659511473,31,0.0229459659511473
Deli / Bodega -> Office -> Deli / Bodega -> Office -> Neighborhood,5,0.0229459659511473,31,0.0229459659511473
Other Great Outdoors -> Office,2,0.022890604205483098,86,0.022890604205483098
Bar -> Office -> Gym / Fitness Center -> Office,4,0.022890604205483098,86,0.022890604205483098
Coffee Shop -> Gym / Fitness Center -> Neighborhood -> Office,4,0.022890604205483098,86,0.022890604205483098
Deli / Bodega -> Gym / Fitness Center -> Park -> Office,4,0.022890604205483098,86,0.022890604205483098
Drugstore / Pharmacy -> Office -> Gym / Fitness Center -> Office,4,0.022890604205483098,86,0.022890604205483098
Office -> Gym / Fitness Center -> Bar -> Office,4,0.022890604205483098,86,0.022890604205483098
Park -> Office -> Hotel -> Office,4,0.022890604205483098,86,0.022890604205483098
Bar -> Office -> Gym / Fitness Center -> Office -> Clothing Store,5,0.022890604205483098,28,0.0319634703196347
Bar -> Office -> Gym / Fitness Center -> Office -> Hotel,5,0.022890604205483098,25,0.029726516052318668
Coffee Shop -> Building -> Deli / Bodega -> Coffee Shop -> Office,5,0.022890604205483098,86,0.022890604205483098
Coffee Shop -> Office -> Deli / Bodega -> Gym / Fitness Center -> Office,5,0.022890604205483098,86,0.022890604205483098
Drugstore / Pharmacy -> Office -> Gym / Fitness Center -> Office -> Clothing Store,5,0.022890604205483098,28,0.0319634703196347
Drugstore / Pharmacy -> Office -> Gym / Fitness Center -> Office -> Hotel,5,0.022890604205483098,22,0.026159334126040427
Gym / Fitness Center -> Train Station -> Office -> Train Station -> Office,5,0.022890604205483098,86,0.022890604205483098
Office -> Neighborhood -> Office -> Clothing Store -> Office,5,0.022890604205483098,86,0.022890604205483098
Office -> Subway -> Office -> Park -> Office,5,0.022890604205483098,86,0.022890604205483098
Train Station -> Coffee Shop -> Office -> Clothing Store -> Office,5,0.022890604205483098,86,0.022890604205483098
Clothing Store -> Bar -> Train Station,3,0.022889842632331903,48,0.022889842632331903
College Academic Building -> Office -> Train Station,3,0.022889842632331903,48,0.022889842632331903
Coffee Shop -> Deli / Bodega -> Gym / Fitness Center -> Train Station,4,0.022889842632331903,48,0.022889842632331903
Coffee Shop -> Park -> Office -> Train Station,4,0.022889842632331903,48,0.022889842632331903
Deli / Bodega -> Office -> Clothing Store -> Train Station,4,0.022889842632331903,48,0.022889842632331903
Gym / Fitness Center -> Office -> Deli / Bodega -> Train Station,4,0.022889842632331903,48,0.022889842632331903
Train Station -> Bar -> Hotel -> Train Station,4,0.022889842632331903,48,0.022889842632331903
Building -> Coffee Shop -> Deli / Bodega -> Office -> Train Station,5,0.022889842632331903,48,0.022889842632331903
Coffee Shop -> Hotel -> Office -> Coffee Shop -> Train Station,5,0.022889842632331903,48,0.022889842632331903
Coffee Shop -> Office -> Bar -> Gym / Fitness Center -> Train Station,5,0.022889842632331903,48,0.022889842632331903
Gym / Fitness Center -> Coffee Shop -> Deli / Bodega -> Office -> Train Station,5,0.022889842632331903,48,0.022889842632331903
Hotel -> Office -> Gym / Fitness Center -> Office -> Train Station,5,0.022889842632331903,48,0.022889842632331903
Office -> Building -> Gym / Fitness Center -> Office -> Train Station,5,0.022889842632331903,48,0.022889842632331903
Office -> Coffee Shop -> Hotel -> Office -> Train Station,5,0.022889842632331903,48,0.022889842632331903
Office -> Hotel -> Building -> Office -> Train Station,5,0.022889842632331903,48,0.022889842632331903
Office -> Neighborhood -> Coffee Shop -> Office -> Train Station,5,0.022889842632331903,48,0.022889842632331903
Office -> Subway -> Office -> Coffee Shop -> Train Station,5,0.022889842632331903,48,0.022889842632331903
Coffee Shop -> Pizza Place -> Clothing Store,3,0.0228310502283105,20,0.0228310502283105
Deli / Bodega -> American Restaurant -> Clothing Store,3,0.0228310502283105,20,0.0228310502283105
Deli / Bodega -> Park -> Clothing Store,3,0.0228310502283105,20,0.0228310502283105
Drugstore / Pharmacy -> Building -> Clothing Store,3,0.0228310502283105,20,0.0228310502283105
Drugstore / Pharmacy -> Subway -> Clothing Store,3,0.0228310502283105,20,0.0228310502283105
Hotel -> Train Station -> Clothing Store,3,0.0228310502283105,20,0.0228310502283105
Neighborhood -> Gym / Fitness Center -> Clothing Store,3,0.0228310502283105,20,0.0228310502283105
Office -> Medical Center -> Clothing Store,3,0.0228310502283105,20,0.0228310502283105
Park -> Hotel -> Clothing Store,3,0.0228310502283105,20,0.0228310502283105
Pizza Place -> Coffee Shop -> Clothing Store,3,0.0228310502283105,20,0.0228310502283105
Subway -> American Restaurant -> Clothing Store,3,0.0228310502283105,20,0.0228310502283105
Train Station -> Deli / Bodega -> Clothing Store,3,0.0228310502283105,20,0.0228310502283105
American Restaurant -> Gym / Fitness Center -> Bar -> Clothing Store,4,0.0228310502283105,20,0.0228310502283105
Clothing Store -> Bar -> Gym / Fitness Center -> Clothing Store,4,0.0228310502283105,20,0.0228310502283105
Clothing Store -> Gym / Fitness Center -> Bar -> Clothing Store,4,0.0228310502283105,20,0.0228310502283105
Coffee Shop -> Building -> Gym / Fitness Center -> Clothing Store,4,0.0228310502283105,20,0.0228310502283105
Coffee Shop -> Bus Station -> Office -> Clothing Store,4,0.0228310502283105,20,0.0228310502283105
Coffee Shop -> Clothing Store -> Food & Drink Shop -> Clothing Store,4,0.0228310502283105,20,0.0228310502283105
Coffee Shop -> College Academic Building -> Office -> Clothing Store,4,0.0228310502283105,20,0.0228310502283105
Coffee Shop -> Gym / Fitness Center -> Subway -> Clothing Store,4,0.0228310502283105,20,0.0228310502283105
Coffee Shop -> Park -> Bar -> Clothing Store,4,0.0228310502283105,20,0.0228310502283105
College Academic Building -> Coffee Shop -> Gym / Fitness Center -> Clothing Store,4,0.0228310502283105,20,0.0228310502283105
Deli / Bodega -> Food & Drink Shop -> Office -> Clothing Store,4,0.0228310502283105,20,0.0228310502283105
Deli / Bodega -> Office -> Hotel -> Clothing Store,4,0.0228310502283105,20,0.0228310502283105
Drugstore / Pharmacy -> Office -> Deli / Bodega -> Clothing Store,4,0.0228310502283105,20,0.0228310502283105
Food & Drink Shop -> Coffee Shop -> Park -> Clothing Store,4,0.0228310502283105,20,0.0228310502283105
Food & Drink Shop -> Gym / Fitness Center -> Park -> Clothing Store,4,0.0228310502283105,20,0.0228310502283105
Gym / Fitness Center -> Building -> Deli / Bodega -> Clothing Store,4,0.0228310502283105,20,0.0228310502283105
Gym / Fitness Center -> Clothing Store -> American Restaurant -> Clothing Store,4,0.0228310502283105,20,0.0228310502283105
Gym / Fitness Center -> Subway -> Food & Drink Shop -> Clothing Store,4,0.0228310502283105,20,0.0228310502283105
Hotel -> Office -> Park -> Clothing Store,4,0.0228310502283105,20,0.0228310502283105
Hotel -> Office -> Subway -> Clothing Store,4,0.0228310502283105,20,0.0228310502283105
Office -> Bank -> Coffee Shop -> Clothing Store,4,0.0228310502283105,20,0.0228310502283105
Office -> Bar -> Subway -> Clothing Store,4,0.0228310502283105,20,0.0228310502283105
Office -> Building -> Park -> Clothing Store,4,0.0228310502283105,20,0.0228310502283105
Office -> Clothing Store -> American Restaurant -> Clothing Store,4,0.0228310502283105,20,0.0228310502283105
Office -> Deli / Bodega -> Park -> Clothing Store,4,0.0228310502283105,20,0.0228310502283105
Office -> Neighborhood -> Coffee Shop -> Clothing Store,4,0.0228310502283105,20,0.0228310502283105
Office -> Subway -> Hotel -> Clothing Store,4,0.0228310502283105,20,0.0228310502283105
Park -> Gym / Fitness Center -> Subway -> Clothing Store,4,0.0228310502283105,20,0.0228310502283105
Subway -> Clothing Store -> Building -> Clothing Store,4,0.0228310502283105,20,0.0228310502283105
Subway -> Office -> American Restaurant -> Clothing Store,4,0.0228310502283105,20,0.0228310502283105
Bank -> Deli / Bodega -> Office -> Building -> Clothing Store,5,0.0228310502283105,20,0.0228310502283105
Bar -> Office -> Deli / Bodega -> Coffee Shop -> Clothing Store,5,0.0228310502283105,20,0.0228310502283105
Building -> Coffee Shop -> Office -> Deli / Bodega -> Clothing Store,5,0.0228310502283105,20,0.0228310502283105
Building -> Coffee Shop -> Office -> Park -> Clothing Store,5,0.0228310502283105,20,0.0228310502283105
Building -> Deli / Bodega -> Office -> Building -> Clothing Store,5,0.0228310502283105,20,0.0228310502283105
Building -> Gym / Fitness Center -> Office -> Deli / Bodega -> Clothing Store,5,0.0228310502283105,20,0.0228310502283105
Coffee Shop -> Bank -> Office -> Coffee Shop -> Clothing Store,5,0.0228310502283105,20,0.0228310502283105
Coffee Shop -> Deli / Bodega -> Gym / Fitness Center -> Office -> Clothing Store,5,0.0228310502283105,20,0.0228310502283105
Coffee Shop -> Gym / Fitness Center -> Clothing Store -> Park -> Clothing Store,5,0.0228310502283105,20,0.0228310502283105
Coffee Shop -> Gym / Fitness Center -> Office -> College Academic Building -> Clothing Store,5,0.0228310502283105,20,0.0228310502283105
Coffee Shop -> Gym / Fitness Center -> Office -> Deli / Bodega -> Clothing Store,5,0.0228310502283105,20,0.0228310502283105
Coffee Shop -> Neighborhood -> Office -> Gym / Fitness Center -> Clothing Store,5,0.0228310502283105,20,0.0228310502283105
Coffee Shop -> Office -> Gym / Fitness Center -> Park -> Clothing Store,5,0.0228310502283105,20,0.0228310502283105
Coffee Shop -> Subway -> Coffee Shop -> Building -> Clothing Store,5,0.0228310502283105,20,0.0228310502283105
Deli / Bodega -> Office -> Clothing Store -> Building -> Clothing Store,5,0.0228310502283105,20,0.0228310502283105
Deli / Bodega -> Office -> Food & Drink Shop -> Gym / Fitness Center -> Clothing Store,5,0.0228310502283105,20,0.0228310502283105
Deli / Bodega -> Office -> Subway -> Deli / Bodega -> Clothing Store,5,0.0228310502283105,20,0.0228310502283105
Deli / Bodega -> Subway -> Office -> Gym / Fitness Center -> Clothing Store,5,0.0228310502283105,20,0.0228310502283105
Food & Drink Shop -> Coffee Shop -> Office -> Food & Drink Shop -> Clothing Store,5,0.0228310502283105,20,0.0228310502283105
Food & Drink Shop -> Coffee Shop -> Office -> Gym / Fitness Center -> Clothing Store,5,0.0228310502283105,20,0.0228310502283105
Food & Drink Shop -> Subway -> Office -> Park -> Clothing Store,5,0.0228310502283105,20,0.0228310502283105
Gym / Fitness Center -> Bar -> Office -> Food & Drink Shop -> Clothing Store,5,0.0228310502283105,20,0.0228310502283105
Gym / Fitness Center -> Coffee Shop -> Gym / Fitness Center -> American Restaurant -> Clothing Store,5,0.0228310502283105,20,0.0228310502283105
Gym / Fitness Center -> Coffee Shop -> Subway -> Office -> Clothing Store,5,0.0228310502283105,20,0.0228310502283105
Gym / Fitness Center -> Deli / Bodega -> Office -> Park -> Clothing Store,5,0.0228310502283105,20,0.0228310502283105
Gym / Fitness Center -> Park -> Coffee Shop -> Gym / Fitness Center -> Clothing Store,5,0.0228310502283105,20,0.0228310502283105
Gym / Fitness Center -> Subway -> Office -> Building -> Clothing Store,5,0.0228310502283105,20,0.0228310502283105
Office -> Building -> Train Station -> Office -> Clothing Store,5,0.0228310502283105,20,0.0228310502283105
Office -> Coffee Shop -> Clothing Store -> Park -> Clothing Store,5,0.0228310502283105,20,0.0228310502283105
Office -> Deli / Bodega -> Office -> Hotel -> Clothing Store,5,0.0228310502283105,20,0.0228310502283105
Office -> Deli / Bodega -> Park -> Coffee Shop -> Clothing Store,5,0.0228310502283105,20,0.0228310502283105
Office -> Food & Drink Shop -> Office -> Bar -> Clothing Store,5,0.0228310502283105,20,0.0228310502283105
Office -> Food & Drink Shop -> Office -> Subway -> Clothing Store,5,0.0228310502283105,20,0.0228310502283105
Office -> Neighborhood -> Building -> Office -> Clothing Store,5,0.0228310502283105,20,0.0228310502283105
Office -> Neighborhood -> Coffee Shop -> Office -> Clothing Store,5,0.0228310502283105,20,0.0228310502283105
Office -> Park -> Office -> Gym / Fitness Center -> Clothing Store,5,0.0228310502283105,20,0.0228310502283105
Park -> Food & Drink Shop -> Office -> Park -> Clothing Store,5,0.0228310502283105,20,0.0228310502283105
Park -> Gym / Fitness Center -> Clothing Store -> Park -> Clothing Store,5,0.0228310502283105,20,0.0228310502283105
Park -> Gym / Fitness Center -> Office -> College Academic Building -> Clothing Store,5,0.0228310502283105,20,0.0228310502283105
Park -> Gym / Fitness Center -> Subway -> Office -> Clothing Store,5,0.0228310502283105,20,0.0228310502283105
Park -> Office -> Food & Drink Shop -> Office -> Clothing Store,5,0.0228310502283105,20,0.0228310502283105
Subway -> Coffee Shop -> Gym / Fitness Center -> Park -> Clothing Store,5,0.0228310502283105,20,0.0228310502283105
Subway -> Park -> Office -> Park -> Clothing Store,5,0.0228310502283105,20,0.0228310502283105
Coffee Shop -> Neighborhood -> Deli / Bodega,3,0.022819885900570498,28,0.022819885900570498
Gym / Fitness Center -> Bank -> Deli / Bodega,3,0.022819885900570498,28,0.022819885900570498
American Restaurant -> Office -> Clothing Store -> Deli / Bodega,4,0.022819885900570498,28,0.022819885900570498
Bank -> Building -> Office -> Deli / Bodega,4,0.022819885900570498,28,0.022819885900570498
Bank -> Office -> Building -> Deli / Bodega,4,0.022819885900570498,28,0.022819885900570498
Building -> Coffee Shop -> Clothing Store -> Deli / Bodega,4,0.022819885900570498,28,0.022819885900570498
Building -> Hotel -> Office -> Deli / Bodega,4,0.022819885900570498,28,0.022819885900570498
Coffee Shop -> Bus Station -> Office -> Deli / Bodega,4,0.022819885900570498,28,0.022819885900570498
Deli / Bodega -> Neighborhood -> Office -> Deli / Bodega,4,0.022819885900570498,28,0.022819885900570498
Deli / Bodega -> Office -> American Restaurant -> Deli / Bodega,4,0.022819885900570498,28,0.022819885900570498
Food & Drink Shop -> Office -> Coffee Shop -> Deli / Bodega,4,0.022819885900570498,28,0.022819885900570498
Gym / Fitness Center -> Coffee Shop -> Gym / Fitness Center -> Deli / Bodega,4,0.022819885900570498,28,0.022819885900570498
Gym / Fitness Center -> Hotel -> Coffee Shop -> Deli / Bodega,4,0.022819885900570498,28,0.022819885900570498
Office -> American Restaurant -> Coffee Shop -> Deli / Bodega,4,0.022819885900570498,28,0.022819885900570498
Train Station -> Gym / Fitness Center -> Office -> Deli / Bodega,4,0.022819885900570498,28,0.022819885900570498
Building -> Office -> Gym / Fitness Center -> Coffee Shop -> Deli / Bodega,5,0.022819885900570498,28,0.022819885900570498
Building -> Office -> Train Station -> Office -> Deli / Bodega,5,0.022819885900570498,28,0.022819885900570498
Coffee Shop -> Deli / Bodega -> Office -> Clothing Store -> Deli / Bodega,5,0.022819885900570498,28,0.022819885900570498
Coffee Shop -> Office -> Building -> Clothing Store -> Deli / Bodega,5,0.022819885900570498,28,0.022819885900570498
Coffee Shop -> Office -> Coffee Shop -> College Academic Building -> Deli / Bodega,5,0.022819885900570498,28,0.022819885900570498
Coffee Shop -> Office -> Deli / Bodega -> College Academic Building -> Deli / Bodega,5,0.022819885900570498,28,0.022819885900570498
Deli / Bodega -> Building -> Deli / Bodega -> Coffee Shop -> Deli / Bodega,5,0.022819885900570498,28,0.022819885900570498
Deli / Bodega -> Office -> Subway -> Coffee Shop -> Deli / Bodega,5,0.022819885900570498,28,0.022819885900570498
Deli / Bodega -> Park -> Coffee Shop -> Office -> Deli / Bodega,5,0.022819885900570498,28,0.022819885900570498
Deli / Bodega -> Subway -> Office -> Coffee Shop -> Deli / Bodega,5,0.022819885900570498,28,0.022819885900570498
Food & Drink Shop -> Office -> Coffee Shop -> Office -> Deli / Bodega,5,0.022819885900570498,28,0.022819885900570498
Gym / Fitness Center -> Coffee Shop -> Hotel -> Office -> Deli / Bodega,5,0.022819885900570498,28,0.022819885900570498
Gym / Fitness Center -> Coffee Shop -> Office -> Clothing Store -> Deli / Bodega,5,0.022819885900570498,28,0.022819885900570498
Gym / Fitness Center -> Office -> American Restaurant -> Office -> Deli / Bodega,5,0.022819885900570498,28,0.022819885900570498
Gym / Fitness Center -> Office -> Coffee Shop -> Building -> Deli / Bodega,5,0.022819885900570498,28,0.022819885900570498
Gym / Fitness Center -> Park -> Office -> Coffee Shop -> Deli / Bodega,5,0.022819885900570498,28,0.022819885900570498
Gym / Fitness Center -> Subway -> Coffee Shop -> Office -> Deli / Bodega,5,0.022819885900570498,28,0.022819885900570498
Office -> Gym / Fitness Center -> Building -> Office -> Deli / Bodega,5,0.022819885900570498,28,0.022819885900570498
Office -> Park -> Building -> Office -> Deli / Bodega,5,0.022819885900570498,28,0.022819885900570498
Train Station -> Gym / Fitness Center -> Office -> Deli / Bodega -> Clothing Store,5,0.022819885900570498,21,0.023972602739726026
Train Station -> Office -> Building -> Coffee Shop -> Deli / Bodega,5,0.022819885900570498,28,0.022819885900570498
Neighborhood -> Coffee Shop -> Office -> Food & Drink Shop,4,0.022792022792022793,48,0.022792022792022793
Coffee Shop -> Gym / Fitness Center -> Office -> Park -> Food & Drink Shop,5,0.022792022792022793,48,0.022792022792022793
Coffee Shop -> Office -> Coffee Shop -> Park -> Food & Drink Shop,5,0.022792022792022793,48,0.022792022792022793
Coffee Shop -> Office -> Park -> Office -> Food & Drink Shop,5,0.022792022792022793,48,0.022792022792022793
Deli / Bodega -> Coffee Shop -> Office -> Park -> Food & Drink Shop,5,0.022792022792022793,48,0.022792022792022793
Deli / Bodega -> Office -> Park -> Office -> Food & Drink Shop,5,0.022792022792022793,48,0.022792022792022793
Gym / Fitness Center -> Coffee Shop -> Deli / Bodega -> Office -> Food & Drink Shop,5,0.022792022792022793,48,0.022792022792022793
Gym / Fitness Center -> Coffee Shop -> Office -> Gym / Fitness Center -> Food & Drink Shop,5,0.022792022792022793,48,0.022792022792022793
Neighborhood -> Office -> Subway -> Office -> Food & Drink Shop,5,0.022792022792022793,48,0.022792022792022793
Office -> Gym / Fitness Center -> Office -> Park -> Food & Drink Shop,5,0.022792022792022793,48,0.022792022792022793
Office -> Subway -> Office -> Coffee Shop -> Food & Drink Shop,5,0.022792022792022793,48,0.022792022792022793
Park -> Subway -> Gym / Fitness Center -> Office -> Food & Drink Shop,5,0.022792022792022793,48,0.022792022792022793
Gym / Fitness Center -> Coffee Shop -> Gym / Fitness Center -> Bar,4,0.02278481012658228,99,0.02278481012658228
Gym / Fitness Center -> Coffee Shop -> Gym / Fitness Center -> Bar -> Clothing Store,5,0.02278481012658228,21,0.023972602739726026
Clothing Store -> Office -> College Academic Building,3,0.022743947175348497,31,0.022743947175348497
College Academic Building -> Park -> College Academic Building,3,0.022743947175348497,31,0.022743947175348497
Food & Drink Shop -> Bar -> College Academic Building,3,0.022743947175348497,31,0.022743947175348497
Gym / Fitness Center -> Bank -> Office -> College Academic Building,4,0.022743947175348497,31,0.022743947175348497
Park -> Office -> Coffee Shop -> College Academic Building,4,0.022743947175348497,31,0.022743947175348497
Park -> Office -> Gym / Fitness Center -> College Academic Building,4,0.022743947175348497,31,0.022743947175348497
Coffee Shop -> Building -> Office -> Coffee Shop -> College Academic Building,5,0.022743947175348497,31,0.022743947175348497
Deli / Bodega -> Gym / Fitness Center -> Coffee Shop -> Office -> College Academic Building,5,0.022743947175348497,31,0.022743947175348497
Deli / Bodega -> Office -> Coffee Shop -> Gym / Fitness Center -> College Academic Building,5,0.022743947175348497,31,0.022743947175348497
Gym / Fitness Center -> Deli / Bodega -> Coffee Shop -> Office -> College Academic Building,5,0.022743947175348497,31,0.022743947175348497
Gym / Fitness Center -> Deli / Bodega -> Office -> Building -> College Academic Building,5,0.022743947175348497,31,0.022743947175348497
Gym / Fitness Center -> Office -> Neighborhood -> Office -> College Academic Building,5,0.022743947175348497,31,0.022743947175348497
Office -> Building -> Coffee Shop -> Office -> College Academic Building,5,0.022743947175348497,31,0.022743947175348497
Office -> Coffee Shop -> Building -> Office -> College Academic Building,5,0.022743947175348497,31,0.022743947175348497
Office -> Deli / Bodega -> Coffee Shop -> Office -> College Academic Building,5,0.022743947175348497,31,0.022743947175348497
Subway -> Office -> Building -> Office -> College Academic Building,5,0.022743947175348497,31,0.022743947175348497
Other Great Outdoors -> Bank,2,0.022653721682847898,14,0.022653721682847898
Coffee Shop -> Neighborhood -> Bank,3,0.022653721682847898,14,0.022653721682847898
Deli / Bodega -> Park -> Bank,3,0.022653721682847898,14,0.022653721682847898
Gym / Fitness Center -> Neighborhood -> Bank,3,0.022653721682847898,14,0.022653721682847898
Hotel -> Building -> Bank,3,0.022653721682847898,14,0.022653721682847898
Hotel -> Deli / Bodega -> Bank,3,0.022653721682847898,14,0.022653721682847898
Park -> Building -> Bank,3,0.022653721682847898,14,0.022653721682847898
Subway -> Neighborhood -> Bank,3,0.022653721682847898,14,0.022653721682847898
Bank -> Deli / Bodega -> Office -> Bank,4,0.022653721682847898,14,0.022653721682847898
Bar -> Gym / Fitness Center -> Office -> Bank,4,0.022653721682847898,14,0.022653721682847898
Building -> Gym / Fitness Center -> Office -> Bank,4,0.022653721682847898,14,0.022653721682847898
Coffee Shop -> Office -> Hotel -> Bank,4,0.022653721682847898,14,0.022653721682847898
Coffee Shop -> Subway -> Building -> Bank,4,0.022653721682847898,14,0.022653721682847898
Deli / Bodega -> Office -> American Restaurant -> Bank,4,0.022653721682847898,14,0.022653721682847898
Deli / Bodega -> Office -> Neighborhood -> Bank,4,0.022653721682847898,14,0.022653721682847898
Drugstore / Pharmacy -> Office -> Coffee Shop -> Bank,4,0.022653721682847898,14,0.022653721682847898
Drugstore / Pharmacy -> Office -> Gym / Fitness Center -> Bank,4,0.022653721682847898,14,0.022653721682847898
Gym / Fitness Center -> Food & Drink Shop -> Office -> Bank,4,0.022653721682847898,14,0.022653721682847898
Gym / Fitness Center -> Park -> Office -> Bank,4,0.022653721682847898,14,0.022653721682847898
Gym / Fitness Center -> Subway -> Gym / Fitness Center -> Bank,4,0.022653721682847898,14,0.022653721682847898
Neighborhood -> Deli / Bodega -> Office -> Bank,4,0.022653721682847898,14,0.022653721682847898
Office -> Bar -> Gym / Fitness Center -> Bank,4,0.022653721682847898,14,0.022653721682847898
Office -> Bar -> Office -> Bank,4,0.022653721682847898,14,0.022653721682847898
Office -> Building -> Subway -> Bank,4,0.022653721682847898,14,0.022653721682847898
Office -> Neighborhood -> Building -> Bank,4,0.022653721682847898,14,0.022653721682847898
Office -> Neighborhood -> Deli / Bodega -> Bank,4,0.022653721682847898,14,0.022653721682847898
Office -> Park -> Deli / Bodega -> Bank,4,0.022653721682847898,14,0.022653721682847898
Office -> Subway -> Gym / Fitness Center -> Bank,4,0.022653721682847898,14,0.022653721682847898
Subway -> Building -> Office -> Bank,4,0.022653721682847898,14,0.022653721682847898
Subway -> Office -> Neighborhood -> Bank,4,0.022653721682847898,14,0.022653721682847898
Train Station -> Coffee Shop -> Office -> Bank,4,0.022653721682847898,14,0.022653721682847898
Train Station -> Office -> Building -> Bank,4,0.022653721682847898,14,0.022653721682847898
American Restaurant -> Office -> Building -> Office -> Bank,5,0.022653721682847898,14,0.022653721682847898
Building -> Office -> Building -> Deli / Bodega -> Bank,5,0.022653721682847898,14,0.022653721682847898
Building -> Office -> Clothing Store -> Office -> Bank,5,0.022653721682847898,14,0.022653721682847898
Coffee Shop -> Building -> Coffee Shop -> Deli / Bodega -> Bank,5,0.022653721682847898,14,0.022653721682847898
Coffee Shop -> Deli / Bodega -> Office -> Building -> Bank,5,0.022653721682847898,14,0.022653721682847898
Coffee Shop -> Office -> Drugstore / Pharmacy -> Office -> Bank,5,0.022653721682847898,14,0.022653721682847898
Coffee Shop -> Office -> Gym / Fitness Center -> Deli / Bodega -> Bank,5,0.022653721682847898,14,0.022653721682847898
Deli / Bodega -> Gym / Fitness Center -> Coffee Shop -> Deli / Bodega -> Bank,5,0.022653721682847898,14,0.022653721682847898
Deli / Bodega -> Office -> Clothing Store -> Office -> Bank,5,0.022653721682847898,14,0.022653721682847898
Deli / Bodega -> Office -> Gym / Fitness Center -> Coffee Shop -> Bank,5,0.022653721682847898,14,0.022653721682847898
Deli / Bodega -> Park -> Office -> Coffee Shop -> Bank,5,0.022653721682847898,14,0.022653721682847898
Deli / Bodega -> Subway -> Coffee Shop -> Office -> Bank,5,0.022653721682847898,14,0.022653721682847898
Gym / Fitness Center -> Deli / Bodega -> Office -> Deli / Bodega -> Bank,5,0.022653721682847898,14,0.022653721682847898
Gym / Fitness Center -> Neighborhood -> Office -> Deli / Bodega -> Bank,5,0.022653721682847898,14,0.022653721682847898
Gym / Fitness Center -> Office -> Deli / Bodega -> Building -> Bank,5,0.022653721682847898,14,0.022653721682847898
Gym / Fitness Center -> Park -> Office -> Deli / Bodega -> Bank,5,0.022653721682847898,14,0.022653721682847898
Hotel -> Coffee Shop -> Office -> Coffee Shop -> Bank,5,0.022653721682847898,14,0.022653721682847898
Hotel -> Coffee Shop -> Office -> Gym / Fitness Center -> Bank,5,0.022653721682847898,14,0.022653721682847898
Hotel -> Office -> Coffee Shop -> Deli / Bodega -> Bank,5,0.022653721682847898,14,0.022653721682847898
Hotel -> Office -> Subway -> Office -> Bank,5,0.022653721682847898,14,0.022653721682847898
Neighborhood -> Office -> Building -> Office -> Bank,5,0.022653721682847898,14,0.022653721682847898
Office -> Building -> Coffee Shop -> Deli / Bodega -> Bank,5,0.022653721682847898,14,0.022653721682847898
Office -> Building -> Deli / Bodega -> Office -> Bank,5,0.022653721682847898,14,0.022653721682847898
Office -> Coffee Shop -> Gym / Fitness Center -> Deli / Bodega -> Bank,5,0.022653721682847898,14,0.022653721682847898
Office -> Coffee Shop -> Office -> American Restaurant -> Bank,5,0.022653721682847898,14,0.022653721682847898
Office -> Deli / Bodega -> Office -> Neighborhood -> Bank,5,0.022653721682847898,14,0.022653721682847898
Office -> Drugstore / Pharmacy -> Office -> Gym / Fitness Center -> Bank,5,0.022653721682847898,14,0.022653721682847898
Office -> Gym / Fitness Center -> Coffee Shop -> Deli / Bodega -> Bank,5,0.022653721682847898,14,0.022653721682847898
Office -> Gym / Fitness Center -> Subway -> Office -> Bank,5,0.022653721682847898,14,0.022653721682847898
Office -> Hotel -> Office -> Building -> Bank,5,0.022653721682847898,14,0.022653721682847898
Office -> Neighborhood -> Office -> Deli / Bodega -> Bank,5,0.022653721682847898,14,0.022653721682847898
Office -> Subway -> Office -> Coffee Shop -> Bank,5,0.022653721682847898,14,0.022653721682847898
Office -> Subway -> Office -> Subway -> Bank,5,0.022653721682847898,14,0.022653721682847898
Office -> Train Station -> Office -> Deli / Bodega -> Bank,5,0.022653721682847898,14,0.022653721682847898
Park -> Office -> Coffee Shop -> Gym / Fitness Center -> Bank,5,0.022653721682847898,14,0.022653721682847898
Park -> Office -> Park -> Office -> Bank,5,0.022653721682847898,14,0.022653721682847898
Train Station -> Coffee Shop -> Office -> Coffee Shop -> Bank,5,0.022653721682847898,14,0.022653721682847898
Train Station -> Office -> Building -> Office -> Bank,5,0.022653721682847898,14,0.022653721682847898
Train Station -> Office -> Subway -> Office -> Bank,5,0.022653721682847898,14,0.022653721682847898
Clothing Store -> Office -> Subway,3,0.022651565622918056,68,0.022651565622918056
Clothing Store -> Office -> Subway -> Hotel,4,0.022651565622918056,23,0.027348394768133173
Bank -> Office -> Deli / Bodega -> Office,4,0.02262443438914027,85,0.02262443438914027
Building -> Office -> Drugstore / Pharmacy -> Office,4,0.02262443438914027,85,0.02262443438914027
Coffee Shop -> Gym / Fitness Center -> Park -> Office,4,0.02262443438914027,85,0.02262443438914027
Gym / Fitness Center -> Coffee Shop -> Train Station -> Office,4,0.02262443438914027,85,0.02262443438914027
Office -> Deli / Bodega -> Clothing Store -> Office,4,0.02262443438914027,85,0.02262443438914027
Office -> Subway -> Hotel -> Office,4,0.02262443438914027,85,0.02262443438914027
Subway -> Office -> Bank -> Office,4,0.02262443438914027,85,0.02262443438914027
Bank -> Office -> Deli / Bodega -> Office -> Clothing Store,5,0.02262443438914027,23,0.026255707762557076
Bank -> Office -> Deli / Bodega -> Office -> Deli / Bodega,5,0.02262443438914027,28,0.022819885900570498
Bank -> Office -> Deli / Bodega -> Office -> Park,5,0.02262443438914027,35,0.023194168323392977
Building -> Office -> Coffee Shop -> Hotel -> Office,5,0.02262443438914027,85,0.02262443438914027
Building -> Office -> Drugstore / Pharmacy -> Office -> Clothing Store,5,0.02262443438914027,23,0.026255707762557076
Coffee Shop -> Gym / Fitness Center -> Park -> Office -> Park,5,0.02262443438914027,47,0.031146454605699137
Coffee Shop -> Neighborhood -> Office -> Gym / Fitness Center -> Office,5,0.02262443438914027,85,0.02262443438914027
Deli / Bodega -> Park -> Office -> Park -> Office,5,0.02262443438914027,85,0.02262443438914027
Gym / Fitness Center -> Coffee Shop -> Office -> Hotel -> Office,5,0.02262443438914027,85,0.02262443438914027
Gym / Fitness Center -> Coffee Shop -> Train Station -> Office -> Clothing Store,5,0.02262443438914027,20,0.0228310502283105
Gym / Fitness Center -> Coffee Shop -> Train Station -> Office -> Train Station,5,0.02262443438914027,64,0.030519790176442536
Office -> Deli / Bodega -> Clothing Store -> Office -> Clothing Store,5,0.02262443438914027,24,0.0273972602739726
Office -> Deli / Bodega -> Clothing Store -> Office -> Hotel,5,0.02262443438914027,21,0.02497027348394768
Office -> Deli / Bodega -> Clothing Store -> Office -> Train Station,5,0.02262443438914027,56,0.02670481640438722
Office -> Subway -> Hotel -> Office -> Clothing Store,5,0.02262443438914027,32,0.0365296803652968
Office -> Subway -> Hotel -> Office -> Hotel,5,0.02262443438914027,22,0.026159334126040427
Coffee Shop -> Drugstore / Pharmacy -> Hotel,3,0.022592152199762187,19,0.022592152199762187
Food & Drink Shop -> Train Station -> Hotel,3,0.022592152199762187,19,0.022592152199762187
Hotel -> Neighborhood -> Hotel,3,0.022592152199762187,19,0.022592152199762187
Neighborhood -> American Restaurant -> Hotel,3,0.022592152199762187,19,0.022592152199762187
Park -> Deli / Bodega -> Hotel,3,0.022592152199762187,19,0.022592152199762187
Residential Building (Apartment / Condo) -> Bar -> Hotel,3,0.022592152199762187,19,0.022592152199762187
Subway -> Clothing Store -> Hotel,3,0.022592152199762187,19,0.022592152199762187
Bar -> Gym / Fitness Center -> Coffee Shop -> Hotel,4,0.022592152199762187,19,0.022592152199762187
Bar -> Hotel -> American Restaurant -> Hotel,4,0.022592152199762187,19,0.022592152199762187
Building -> Coffee Shop -> Train Station -> Hotel,4,0.022592152199762187,19,0.022592152199762187
Building -> Office -> Deli / Bodega -> Hotel,4,0.022592152199762187,19,0.022592152199762187
Bus Station -> American Restaurant -> Bus Station -> Hotel,4,0.022592152199762187,19,0.022592152199762187
Bus Station -> Hotel -> Bus Station -> Hotel,4,0.022592152199762187,19,0.022592152199762187
Clothing Store -> Subway -> Bar -> Hotel,4,0.022592152199762187,19,0.022592152199762187
Coffee Shop -> Bar -> Train Station -> Hotel,4,0.022592152199762187,19,0.022592152199762187
Coffee Shop -> Office -> Bus Station -> Hotel,4,0.022592152199762187,19,0.022592152199762187
Deli / Bodega -> Food & Drink Shop -> Office -> Hotel,4,0.022592152199762187,19,0.022592152199762187
Food & Drink Shop -> Coffee Shop -> Office -> Hotel,4,0.022592152199762187,19,0.022592152199762187
Gym / Fitness Center -> Bank -> Office -> Hotel,4,0.022592152199762187,19,0.022592152199762187
Gym / Fitness Center -> Coffee Shop -> Clothing Store -> Hotel,4,0.022592152199762187,19,0.022592152199762187
Gym / Fitness Center -> Food & Drink Shop -> Office -> Hotel,4,0.022592152199762187,19,0.022592152199762187
Gym / Fitness Center -> Office -> American Restaurant -> Hotel,4,0.022592152199762187,19,0.022592152199762187
Hotel -> Gym / Fitness Center -> Coffee Shop -> Hotel,4,0.022592152199762187,19,0.022592152199762187
Hotel -> Office -> Deli / Bodega -> Hotel,4,0.022592152199762187,19,0.022592152199762187
Office -> Building -> Deli / Bodega -> Hotel,4,0.022592152199762187,19,0.022592152199762187
Office -> Clothing Store -> Gym / Fitness Center -> Hotel,4,0.022592152199762187,19,0.022592152199762187
Office -> Food & Drink Shop -> Bar -> Hotel,4,0.022592152199762187,19,0.022592152199762187
Office -> Food & Drink Shop -> Coffee Shop -> Hotel,4,0.022592152199762187,19,0.022592152199762187
Office -> Gym / Fitness Center -> Neighborhood -> Hotel,4,0.022592152199762187,19,0.022592152199762187
Office -> Park -> Coffee Shop -> Hotel,4,0.022592152199762187,19,0.022592152199762187
Office -> Park -> Gym / Fitness Center -> Hotel,4,0.022592152199762187,19,0.022592152199762187
Office -> Subway -> Bus Station -> Hotel,4,0.022592152199762187,19,0.022592152199762187
Office -> Subway -> Clothing Store -> Hotel,4,0.022592152199762187,19,0.022592152199762187
Office -> Train Station -> Clothing Store -> Hotel,4,0.022592152199762187,19,0.022592152199762187
Park -> Office -> Subway -> Hotel,4,0.022592152199762187,19,0.022592152199762187
Subway -> Clothing Store -> Bar -> Hotel,4,0.022592152199762187,19,0.022592152199762187
Train Station -> Office -> Clothing Store -> Hotel,4,0.022592152199762187,19,0.022592152199762187
Bar -> Office -> Train Station -> Office -> Hotel,5,0.022592152199762187,19,0.022592152199762187
Building -> Coffee Shop -> Deli / Bodega -> Office -> Hotel,5,0.022592152199762187,19,0.022592152199762187
Building -> Coffee Shop -> Office -> Clothing Store -> Hotel,5,0.022592152199762187,19,0.022592152199762187
Building -> Office -> Coffee Shop -> Gym / Fitness Center -> Hotel,5,0.022592152199762187,19,0.022592152199762187
Clothing Store -> Office -> Gym / Fitness Center -> Train Station -> Hotel,5,0.022592152199762187,19,0.022592152199762187
Coffee Shop -> Building -> Office -> Clothing Store -> Hotel,5,0.022592152199762187,19,0.022592152199762187
Coffee Shop -> Clothing Store -> Office -> Train Station -> Hotel,5,0.022592152199762187,19,0.022592152199762187
Coffee Shop -> Deli / Bodega -> Gym / Fitness Center -> Office -> Hotel,5,0.022592152199762187,19,0.022592152199762187
Coffee Shop -> Deli / Bodega -> Office -> Subway -> Hotel,5,0.022592152199762187,19,0.022592152199762187
Coffee Shop -> Hotel -> Office -> Gym / Fitness Center -> Hotel,5,0.022592152199762187,19,0.022592152199762187
Coffee Shop -> Office -> Clothing Store -> Coffee Shop -> Hotel,5,0.022592152199762187,19,0.022592152199762187
Coffee Shop -> Office -> Coffee Shop -> Building -> Hotel,5,0.022592152199762187,19,0.022592152199762187
Coffee Shop -> Office -> Coffee Shop -> Neighborhood -> Hotel,5,0.022592152199762187,19,0.022592152199762187
Coffee Shop -> Office -> Coffee Shop -> Train Station -> Hotel,5,0.022592152199762187,19,0.022592152199762187
Deli / Bodega -> Coffee Shop -> Office -> Train Station -> Hotel,5,0.022592152199762187,19,0.022592152199762187
Deli / Bodega -> Park -> Deli / Bodega -> Office -> Hotel,5,0.022592152199762187,19,0.022592152199762187
Deli / Bodega -> Park -> Office -> Coffee Shop -> Hotel,5,0.022592152199762187,19,0.022592152199762187
Gym / Fitness Center -> Coffee Shop -> Office -> Building -> Hotel,5,0.022592152199762187,19,0.022592152199762187
Gym / Fitness Center -> Coffee Shop -> Office -> Subway -> Hotel,5,0.022592152199762187,19,0.022592152199762187
Gym / Fitness Center -> Hotel -> Office -> Coffee Shop -> Hotel,5,0.022592152199762187,19,0.022592152199762187
Gym / Fitness Center -> Office -> American Restaurant -> Office -> Hotel,5,0.022592152199762187,19,0.022592152199762187
Gym / Fitness Center -> Train Station -> Coffee Shop -> Train Station -> Hotel,5,0.022592152199762187,19,0.022592152199762187
Neighborhood -> Office -> Gym / Fitness Center -> Coffee Shop -> Hotel,5,0.022592152199762187,19,0.022592152199762187
Office -> Bank -> Coffee Shop -> Office -> Hotel,5,0.022592152199762187,19,0.022592152199762187
Office -> Building -> Office -> Neighborhood -> Hotel,5,0.022592152199762187,19,0.022592152199762187
Office -> Coffee Shop -> American Restaurant -> Office -> Hotel,5,0.022592152199762187,19,0.022592152199762187
Office -> Coffee Shop -> Office -> Neighborhood -> Hotel,5,0.022592152199762187,19,0.022592152199762187
Office -> Deli / Bodega -> Office -> Deli / Bodega -> Hotel,5,0.022592152199762187,19,0.022592152199762187
Office -> Drugstore / Pharmacy -> Office -> Gym / Fitness Center -> Hotel,5,0.022592152199762187,19,0.022592152199762187
Office -> Hotel -> Office -> Train Station -> Hotel,5,0.022592152199762187,19,0.022592152199762187
Office -> Park -> Office -> Subway -> Hotel,5,0.022592152199762187,19,0.022592152199762187
Park -> Deli / Bodega -> Coffee Shop -> Office -> Hotel,5,0.022592152199762187,19,0.022592152199762187
Subway -> Office -> Bar -> Office -> Hotel,5,0.022592152199762187,19,0.022592152199762187
Building -> Park -> Coffee Shop,3,0.022573363431151242,50,0.022573363431151242
Clothing Store -> Bar -> Coffee Shop,3,0.022573363431151242,50,0.022573363431151242
Gym / Fitness Center -> American Restaurant -> Office -> Coffee Shop,4,0.022573363431151242,50,0.022573363431151242
Hotel -> Train Station -> Office -> Coffee Shop,4,0.022573363431151242,50,0.022573363431151242
Office -> Gym / Fitness Center -> Building -> Coffee Shop,4,0.022573363431151242,50,0.022573363431151242
Bar -> Office -> Subway -> Office -> Coffee Shop,5,0.022573363431151242,50,0.022573363431151242
Bus Station -> Office -> Coffee Shop -> Office -> Coffee Shop,5,0.022573363431151242,50,0.022573363431151242
Coffee Shop -> Deli / Bodega -> Office -> Building -> Coffee Shop,5,0.022573363431151242,50,0.022573363431151242
Coffee Shop -> Office -> Building -> Gym / Fitness Center -> Coffee Shop,5,0.022573363431151242,50,0.022573363431151242
Coffee Shop -> Subway -> Building -> Office -> Coffee Shop,5,0.022573363431151242,50,0.022573363431151242
Coffee Shop -> Train Station -> Coffee Shop -> Office -> Coffee Shop,5,0.022573363431151242,50,0.022573363431151242
Deli / Bodega -> Building -> Deli / Bodega -> Office -> Coffee Shop,5,0.022573363431151242,50,0.022573363431151242
Deli / Bodega -> Office -> Building -> Deli / Bodega -> Coffee Shop,5,0.022573363431151242,50,0.022573363431151242
Deli / Bodega -> Office -> Coffee Shop -> Gym / Fitness Center -> Coffee Shop,5,0.022573363431151242,50,0.022573363431151242
Deli / Bodega -> Subway -> Coffee Shop -> Office -> Coffee Shop,5,0.022573363431151242,50,0.022573363431151242
Gym / Fitness Center -> American Restaurant -> Office -> Coffee Shop -> Clothing Store,5,0.022573363431151242,21,0.023972602739726026
Gym / Fitness Center -> Office -> Hotel -> Office -> Coffee Shop,5,0.022573363431151242,50,0.022573363431151242
Hotel -> Train Station -> Office -> Coffee Shop -> Train Station,5,0.022573363431151242,52,0.02479732951835956
Office -> Building -> Clothing Store -> Office -> Coffee Shop,5,0.022573363431151242,50,0.022573363431151242
Office -> Building -> Office -> Subway -> Coffee Shop,5,0.022573363431151242,50,0.022573363431151242
Office -> Gym / Fitness Center -> Building -> Coffee Shop -> Hotel,5,0.022573363431151242,21,0.02497027348394768
Office -> Neighborhood -> Office -> Gym / Fitness Center -> Coffee Shop,5,0.022573363431151242,50,0.022573363431151242
Park -> Subway -> Coffee Shop -> Office -> Coffee Shop,5,0.022573363431151242,50,0.022573363431151242
Train Station -> Office -> Gym / Fitness Center -> Office -> Coffee Shop,5,0.022573363431151242,50,0.022573363431151242
American Restaurant -> Coffee Shop -> Gym / Fitness Center,3,0.02256873204759951,55,0.02256873204759951
Coffee Shop -> Building -> Coffee Shop -> Gym / Fitness Center,4,0.02256873204759951,55,0.02256873204759951
Food & Drink Shop -> Gym / Fitness Center -> Office -> Gym / Fitness Center,4,0.02256873204759951,55,0.02256873204759951
Gym / Fitness Center -> Office -> Building -> Gym / Fitness Center,4,0.02256873204759951,55,0.02256873204759951
Neighborhood -> Subway -> Office -> Gym / Fitness Center,4,0.02256873204759951,55,0.02256873204759951
Office -> Deli / Bodega -> Park -> Gym / Fitness Center,4,0.02256873204759951,55,0.02256873204759951
Office -> Subway -> Coffee Shop -> Gym / Fitness Center,4,0.02256873204759951,55,0.02256873204759951
Park -> Food & Drink Shop -> Office -> Gym / Fitness Center,4,0.02256873204759951,55,0.02256873204759951
Park -> Office -> Food & Drink Shop -> Gym / Fitness Center,4,0.02256873204759951,55,0.02256873204759951
Train Station -> Coffee Shop -> Office -> Gym / Fitness Center,4,0.02256873204759951,55,0.02256873204759951
Coffee Shop -> Building -> Coffee Shop -> Gym / Fitness Center -> Clothing Store,5,0.02256873204759951,20,0.0228310502283105
Coffee Shop -> Deli / Bodega -> Building -> Office -> Gym / Fitness Center,5,0.02256873204759951,55,0.02256873204759951
Coffee Shop -> Gym / Fitness Center -> Office -> Park -> Gym / Fitness Center,5,0.02256873204759951,55,0.02256873204759951
Coffee Shop -> Office -> Building -> Coffee Shop -> Gym / Fitness Center,5,0.02256873204759951,55,0.02256873204759951
Coffee Shop -> Office -> Gym / Fitness Center -> Coffee Shop -> Gym / Fitness Center,5,0.02256873204759951,55,0.02256873204759951
Coffee Shop -> Subway -> Office -> Coffee Shop -> Gym / Fitness Center,5,0.02256873204759951,55,0.02256873204759951
Gym / Fitness Center -> Coffee Shop -> Food & Drink Shop -> Office -> Gym / Fitness Center,5,0.02256873204759951,55,0.02256873204759951
Gym / Fitness Center -> Deli / Bodega -> Office -> Coffee Shop -> Gym / Fitness Center,5,0.02256873204759951,55,0.02256873204759951
Gym / Fitness Center -> Office -> Building -> Gym / Fitness Center -> Hotel,5,0.02256873204759951,19,0.022592152199762187
Gym / Fitness Center -> Office -> Clothing Store -> Office -> Gym / Fitness Center,5,0.02256873204759951,55,0.02256873204759951
Neighborhood -> Office -> Subway -> Office -> Gym / Fitness Center,5,0.02256873204759951,55,0.02256873204759951
Neighborhood -> Subway -> Office -> Gym / Fitness Center -> Office,5,0.02256873204759951,106,0.028214000532339634
Office -> Deli / Bodega -> Office -> Food & Drink Shop -> Gym / Fitness Center,5,0.02256873204759951,55,0.02256873204759951
Office -> Deli / Bodega -> Park -> Gym / Fitness Center -> Office,5,0.02256873204759951,99,0.026350811817939846
Office -> Gym / Fitness Center -> Office -> Park -> Gym / Fitness Center,5,0.02256873204759951,55,0.02256873204759951
Office -> Subway -> Coffee Shop -> Gym / Fitness Center -> Clothing Store,5,0.02256873204759951,29,0.033105022831050226
Office -> Subway -> Office -> Park -> Gym / Fitness Center,5,0.02256873204759951,55,0.02256873204759951
Train Station -> Coffee Shop -> Office -> Gym / Fitness Center -> Clothing Store,5,0.02256873204759951,22,0.02511415525114155
Train Station -> Coffee Shop -> Office -> Gym / Fitness Center -> Train Station,5,0.02256873204759951,66,0.031473533619456366
Gym / Fitness Center -> Subway -> Bar,3,0.022554660529344073,98,0.022554660529344073
Gym / Fitness Center -> Office -> Coffee Shop -> Bar,4,0.022554660529344073,98,0.022554660529344073
Gym / Fitness Center -> Subway -> Bar -> Clothing Store,4,0.022554660529344073,22,0.02511415525114155
Coffee Shop -> Office -> Gym / Fitness Center -> Office -> Bar,5,0.022554660529344073,98,0.022554660529344073
Gym / Fitness Center -> Office -> Coffee Shop -> Bar -> Clothing Store,5,0.022554660529344073,26,0.02968036529680365
Gym / Fitness Center -> Office -> Coffee Shop -> Bar -> Train Station,5,0.022554660529344073,51,0.024320457796852647
Office -> Gym / Fitness Center -> Office -> Gym / Fitness Center -> Bar,5,0.022554660529344073,98,0.022554660529344073
Drugstore / Pharmacy -> Gym / Fitness Center -> Park,3,0.02253147779986746,34,0.02253147779986746
Food & Drink Shop -> American Restaurant -> Park,3,0.02253147779986746,34,0.02253147779986746
Hotel -> Gym / Fitness Center -> Park,3,0.02253147779986746,34,0.02253147779986746
Neighborhood -> Gym / Fitness Center -> Park,3,0.02253147779986746,34,0.02253147779986746
Bar -> Park -> Clothing Store -> Park,4,0.02253147779986746,34,0.02253147779986746
Coffee Shop -> Office -> American Restaurant -> Park,4,0.02253147779986746,34,0.02253147779986746
Deli / Bodega -> Park -> Coffee Shop -> Park,4,0.02253147779986746,34,0.02253147779986746
Food & Drink Shop -> Office -> Bar -> Park,4,0.02253147779986746,34,0.02253147779986746
Food & Drink Shop -> Park -> Coffee Shop -> Park,4,0.02253147779986746,34,0.02253147779986746
Gym / Fitness Center -> Clothing Store -> Bar -> Park,4,0.02253147779986746,34,0.02253147779986746
Gym / Fitness Center -> Coffee Shop -> Bar -> Park,4,0.02253147779986746,34,0.02253147779986746
Gym / Fitness Center -> Office -> Building -> Park,4,0.02253147779986746,34,0.02253147779986746
Office -> Deli / Bodega -> Coffee Shop -> Park,4,0.02253147779986746,34,0.02253147779986746
Office -> Deli / Bodega -> Gym / Fitness Center -> Park,4,0.02253147779986746,34,0.02253147779986746
Office -> Gym / Fitness Center -> Deli / Bodega -> Park,4,0.02253147779986746,34,0.02253147779986746
Office -> Park -> Deli / Bodega -> Park,4,0.02253147779986746,34,0.02253147779986746
Subway -> Office -> Building -> Park,4,0.02253147779986746,34,0.02253147779986746
Coffee Shop -> Building -> Deli / Bodega -> Office -> Park,5,0.02253147779986746,34,0.02253147779986746
Coffee Shop -> Building -> Office -> Gym / Fitness Center -> Park,5,0.02253147779986746,34,0.02253147779986746
Coffee Shop -> Office -> Drugstore / Pharmacy -> Office -> Park,5,0.02253147779986746,34,0.02253147779986746
Coffee Shop -> Office -> Gym / Fitness Center -> Food & Drink Shop -> Park,5,0.02253147779986746,34,0.02253147779986746
Coffee Shop -> Office -> Subway -> Food & Drink Shop -> Park,5,0.02253147779986746,34,0.02253147779986746
Deli / Bodega -> Gym / Fitness Center -> Deli / Bodega -> Office -> Park,5,0.02253147779986746,34,0.02253147779986746
Deli / Bodega -> Office -> Clothing Store -> Office -> Park,5,0.02253147779986746,34,0.02253147779986746
Deli / Bodega -> Office -> Coffee Shop -> Deli / Bodega -> Park,5,0.02253147779986746,34,0.02253147779986746
Deli / Bodega -> Office -> Park -> Food & Drink Shop -> Park,5,0.02253147779986746,34,0.02253147779986746
Food & Drink Shop -> Office -> Coffee Shop -> Food & Drink Shop -> Park,5,0.02253147779986746,34,0.02253147779986746
Food & Drink Shop -> Office -> Park -> Food & Drink Shop -> Park,5,0.02253147779986746,34,0.02253147779986746
Gym / Fitness Center -> Coffee Shop -> Office -> Subway -> Park,5,0.02253147779986746,34,0.02253147779986746
Gym / Fitness Center -> Neighborhood -> Office -> Gym / Fitness Center -> Park,5,0.02253147779986746,34,0.02253147779986746
Gym / Fitness Center -> Office -> Clothing Store -> Gym / Fitness Center -> Park,5,0.02253147779986746,34,0.02253147779986746
Gym / Fitness Center -> Office -> Coffee Shop -> Deli / Bodega -> Park,5,0.02253147779986746,34,0.02253147779986746
Gym / Fitness Center -> Office -> Gym / Fitness Center -> Subway -> Park,5,0.02253147779986746,34,0.02253147779986746
Office -> Building -> Office -> Deli / Bodega -> Park,5,0.02253147779986746,34,0.02253147779986746
Office -> Coffee Shop -> Food & Drink Shop -> Clothing Store -> Park,5,0.02253147779986746,34,0.02253147779986746
Office -> Park -> Office -> Subway -> Park,5,0.02253147779986746,34,0.02253147779986746
Park -> Gym / Fitness Center -> Food & Drink Shop -> Clothing Store -> Park,5,0.02253147779986746,34,0.02253147779986746
Subway -> Office -> Clothing Store -> Office -> Park,5,0.02253147779986746,34,0.02253147779986746
Other Great Outdoors -> Train Station,2,0.02241297091082499,47,0.02241297091082499
Pizza Place -> Office -> Train Station,3,0.02241297091082499,47,0.02241297091082499
Bar -> Deli / Bodega -> Office -> Train Station,4,0.02241297091082499,47,0.02241297091082499
Bar -> Office -> Subway -> Train Station,4,0.02241297091082499,47,0.02241297091082499
Coffee Shop -> Bank -> Office -> Train Station,4,0.02241297091082499,47,0.02241297091082499
Drugstore / Pharmacy -> Deli / Bodega -> Office -> Train Station,4,0.02241297091082499,47,0.02241297091082499
Hotel -> Office -> Building -> Train Station,4,0.02241297091082499,47,0.02241297091082499
Train Station -> Office -> Deli / Bodega -> Train Station,4,0.02241297091082499,47,0.02241297091082499
Building -> Office -> Deli / Bodega -> Coffee Shop -> Train Station,5,0.02241297091082499,47,0.02241297091082499
Coffee Shop -> Building -> Deli / Bodega -> Office -> Train Station,5,0.02241297091082499,47,0.02241297091082499
Coffee Shop -> Office -> Clothing Store -> Coffee Shop -> Train Station,5,0.02241297091082499,47,0.02241297091082499
Coffee Shop -> Train Station -> Office -> Hotel -> Train Station,5,0.02241297091082499,47,0.02241297091082499
Deli / Bodega -> Gym / Fitness Center -> Coffee Shop -> Office -> Train Station,5,0.02241297091082499,47,0.02241297091082499
Gym / Fitness Center -> Office -> American Restaurant -> Office -> Train Station,5,0.02241297091082499,47,0.02241297091082499
Neighborhood -> Coffee Shop -> Office -> Gym / Fitness Center -> Train Station,5,0.02241297091082499,47,0.02241297091082499
Neighborhood -> Office -> Gym / Fitness Center -> Office -> Train Station,5,0.02241297091082499,47,0.02241297091082499
Office -> Gym / Fitness Center -> Coffee Shop -> Bar -> Train Station,5,0.02241297091082499,47,0.02241297091082499
Office -> Gym / Fitness Center -> Subway -> Office -> Train Station,5,0.02241297091082499,47,0.02241297091082499
Deli / Bodega -> American Restaurant -> Office,3,0.022358264572797444,84,0.022358264572797444
Food & Drink Shop -> Building -> Office,3,0.022358264572797444,84,0.022358264572797444
Office -> Pizza Place -> Office,3,0.022358264572797444,84,0.022358264572797444
Building -> Office -> American Restaurant -> Office,4,0.022358264572797444,84,0.022358264572797444
Deli / Bodega -> American Restaurant -> Office -> Building,4,0.022358264572797444,29,0.026752767527675275
Deli / Bodega -> American Restaurant -> Office -> Clothing Store,4,0.022358264572797444,23,0.026255707762557076
Deli / Bodega -> American Restaurant -> Office -> Coffee Shop,4,0.022358264572797444,55,0.024830699774266364
Deli / Bodega -> American Restaurant -> Office -> Deli / Bodega,4,0.022358264572797444,34,0.027709861450692746
Deli / Bodega -> American Restaurant -> Office -> Hotel,4,0.022358264572797444,20,0.023781212841854936
Office -> Pizza Place -> Office -> Hotel,4,0.022358264572797444,21,0.02497027348394768
Subway -> Coffee Shop -> Deli / Bodega -> Office,4,0.022358264572797444,84,0.022358264572797444
Building -> Office -> American Restaurant -> Office -> Clothing Store,5,0.022358264572797444,25,0.028538812785388126
Building -> Office -> American Restaurant -> Office -> Hotel,5,0.022358264572797444,21,0.02497027348394768
Building -> Office -> American Restaurant -> Office -> Train Station,5,0.022358264572797444,59,0.028135431568907965
Coffee Shop -> Office -> Building -> Gym / Fitness Center -> Office,5,0.022358264572797444,84,0.022358264572797444
Deli / Bodega -> American Restaurant -> Office -> Coffee Shop -> Clothing Store,5,0.022358264572797444,20,0.0228310502283105
Deli / Bodega -> American Restaurant -> Office -> Coffee Shop -> Deli / Bodega,5,0.022358264572797444,30,0.02444987775061125
Deli / Bodega -> Office -> Train Station -> Coffee Shop -> Office,5,0.022358264572797444,84,0.022358264572797444
Gym / Fitness Center -> Office -> Building -> Deli / Bodega -> Office,5,0.022358264572797444,84,0.022358264572797444
Gym / Fitness Center -> Park -> Coffee Shop -> Gym / Fitness Center -> Office,5,0.022358264572797444,84,0.022358264572797444
Gym / Fitness Center -> Park -> Office -> Building -> Office,5,0.022358264572797444,84,0.022358264572797444
Hotel -> Coffee Shop -> Office -> Deli / Bodega -> Office,5,0.022358264572797444,84,0.022358264572797444
Hotel -> Office -> Building -> Coffee Shop -> Office,5,0.022358264572797444,84,0.022358264572797444
Hotel -> Office -> Coffee Shop -> Train Station -> Office,5,0.022358264572797444,84,0.022358264572797444
Office -> Building -> Office -> Bank -> Office,5,0.022358264572797444,84,0.022358264572797444
Office -> Building -> Subway -> Coffee Shop -> Office,5,0.022358264572797444,84,0.022358264572797444
Office -> Deli / Bodega -> Building -> Deli / Bodega -> Office,5,0.022358264572797444,84,0.022358264572797444
Subway -> Coffee Shop -> Deli / Bodega -> Office -> Clothing Store,5,0.022358264572797444,20,0.0228310502283105
Subway -> Coffee Shop -> Deli / Bodega -> Office -> Train Station,5,0.022358264572797444,48,0.022889842632331903
Bar -> Office -> Bus Station,3,0.022357723577235773,33,0.022357723577235773
Clothing Store -> Office -> Bus Station,3,0.022357723577235773,33,0.022357723577235773
Coffee Shop -> Hotel -> Bus Station,3,0.022357723577235773,33,0.022357723577235773
Hotel -> Office -> Bus Station,3,0.022357723577235773,33,0.022357723577235773
Hotel -> Gym / Fitness Center -> Bar,3,0.02232451093210587,97,0.02232451093210587
Coffee Shop -> Gym / Fitness Center -> American Restaurant -> Bar,4,0.02232451093210587,97,0.02232451093210587
Hotel -> Gym / Fitness Center -> Bar -> Hotel,4,0.02232451093210587,21,0.02497027348394768
Office -> Clothing Store -> Gym / Fitness Center -> Bar,4,0.02232451093210587,97,0.02232451093210587
Office -> Park -> Gym / Fitness Center -> Bar,4,0.02232451093210587,97,0.02232451093210587
Park -> Office -> Gym / Fitness Center -> Bar,4,0.02232451093210587,97,0.02232451093210587
Subway -> Coffee Shop -> Office -> Bar,4,0.02232451093210587,97,0.02232451093210587
Coffee Shop -> Office -> Coffee Shop -> Office -> Bar,5,0.02232451093210587,97,0.02232451093210587
Subway -> Coffee Shop -> Office -> Bar -> Clothing Store,5,0.02232451093210587,25,0.028538812785388126
Subway -> Coffee Shop -> Office -> Bar -> Hotel,5,0.02232451093210587,26,0.030915576694411414
Gym / Fitness Center -> Park -> Subway,3,0.022318454363757494,67,0.022318454363757494
Gym / Fitness Center -> Park -> Subway -> Clothing Store,4,0.022318454363757494,20,0.0228310502283105
Gym / Fitness Center -> Park -> Subway -> Office,4,0.022318454363757494,172,0.045781208410966195
Gym / Fitness Center -> Park -> Subway -> Park,4,0.022318454363757494,39,0.02584493041749503
Gym / Fitness Center -> Park -> Subway -> Office -> Clothing Store,5,0.022318454363757494,31,0.03538812785388128
Gym / Fitness Center -> Park -> Subway -> Office -> Coffee Shop,5,0.022318454363757494,50,0.022573363431151242
Gym / Fitness Center -> Park -> Subway -> Office -> Deli / Bodega,5,0.022318454363757494,31,0.02526487367563162
Gym / Fitness Center -> Park -> Subway -> Office -> Gym / Fitness Center,5,0.022318454363757494,68,0.027903159622486663
Gym / Fitness Center -> Park -> Subway -> Office -> Hotel,5,0.022318454363757494,24,0.028537455410225922
Gym / Fitness Center -> Park -> Subway -> Office -> Park,5,0.022318454363757494,45,0.02982107355864811
Coffee Shop -> Deli / Bodega -> Food & Drink Shop,3,0.02231718898385565,47,0.02231718898385565
Park -> Clothing Store -> Food & Drink Shop,3,0.02231718898385565,47,0.02231718898385565
Train Station -> Office -> Food & Drink Shop,3,0.02231718898385565,47,0.02231718898385565
Building -> Office -> Coffee Shop -> Food & Drink Shop,4,0.02231718898385565,47,0.02231718898385565
Coffee Shop -> Food & Drink Shop -> Clothing Store -> Food & Drink Shop,4,0.02231718898385565,47,0.02231718898385565
Food & Drink Shop -> Subway -> Office -> Food & Drink Shop,4,0.02231718898385565,47,0.02231718898385565
Gym / Fitness Center -> Office -> Building -> Food & Drink Shop,4,0.02231718898385565,47,0.02231718898385565
Gym / Fitness Center -> Park -> Gym / Fitness Center -> Food & Drink Shop,4,0.02231718898385565,47,0.02231718898385565
Park -> Clothing Store -> Food & Drink Shop -> Park,4,0.02231718898385565,35,0.023194168323392977
Park -> Food & Drink Shop -> Office -> Food & Drink Shop,4,0.02231718898385565,47,0.02231718898385565
Park -> Office -> Park -> Food & Drink Shop,4,0.02231718898385565,47,0.02231718898385565
Train Station -> Office -> Food & Drink Shop -> Train Station,4,0.02231718898385565,50,0.023843586075345733
Deli / Bodega -> Park -> Gym / Fitness Center -> Office -> Food & Drink Shop,5,0.02231718898385565,47,0.02231718898385565
Food & Drink Shop -> Subway -> Office -> Food & Drink Shop -> Clothing Store,5,0.02231718898385565,21,0.023972602739726026
Gym / Fitness Center -> Coffee Shop -> Food & Drink Shop -> Office -> Food & Drink Shop,5,0.02231718898385565,47,0.02231718898385565
Gym / Fitness Center -> Park -> Gym / Fitness Center -> Food & Drink Shop -> Clothing Store,5,0.02231718898385565,27,0.030821917808219176
Office -> Building -> Office -> Gym / Fitness Center -> Food & Drink Shop,5,0.02231718898385565,47,0.02231718898385565
Office -> Deli / Bodega -> Office -> Coffee Shop -> Food & Drink Shop,5,0.02231718898385565,47,0.02231718898385565
Park -> Food & Drink Shop -> Office -> Food & Drink Shop -> Clothing Store,5,0.02231718898385565,26,0.02968036529680365
Park -> Food & Drink Shop -> Office -> Food & Drink Shop -> Park,5,0.02231718898385565,36,0.02385685884691849
Subway -> Coffee Shop -> Office -> Coffee Shop -> Food & Drink Shop,5,0.02231718898385565,47,0.02231718898385565
Medical Center -> College Academic Building -> Medical Center,3,0.02224694104560623,20,0.02224694104560623
Deli / Bodega -> Office -> Coffee Shop -> Medical Center,4,0.02224694104560623,20,0.02224694104560623
Coffee Shop -> Deli / Bodega -> Neighborhood,3,0.02220577350111029,30,0.02220577350111029
Gym / Fitness Center -> Subway -> Neighborhood,3,0.02220577350111029,30,0.02220577350111029
Office -> Hotel -> Neighborhood,3,0.02220577350111029,30,0.02220577350111029
Building -> Deli / Bodega -> Office -> Neighborhood,4,0.02220577350111029,30,0.02220577350111029
Coffee Shop -> Deli / Bodega -> Neighborhood -> Office,4,0.02220577350111029,94,0.025019962736225712
Deli / Bodega -> Office -> Coffee Shop -> Neighborhood,4,0.02220577350111029,30,0.02220577350111029
Gym / Fitness Center -> Office -> Deli / Bodega -> Neighborhood,4,0.02220577350111029,30,0.02220577350111029
Gym / Fitness Center -> Subway -> Neighborhood -> Office,4,0.02220577350111029,123,0.032738887410167686
Coffee Shop -> Office -> Building -> Office -> Neighborhood,5,0.02220577350111029,30,0.02220577350111029
Gym / Fitness Center -> Office -> Building -> Office -> Neighborhood,5,0.02220577350111029,30,0.02220577350111029
Gym / Fitness Center -> Office -> Deli / Bodega -> Neighborhood -> Office,5,0.02220577350111029,114,0.030343359063082248
Gym / Fitness Center -> Subway -> Neighborhood -> Office -> Park,5,0.02220577350111029,37,0.024519549370444003
Gym / Fitness Center -> Deli / Bodega -> Gym / Fitness Center,3,0.02215839146491588,54,0.02215839146491588
Subway -> Bar -> Gym / Fitness Center,3,0.02215839146491588,54,0.02215839146491588
College Academic Building -> Office -> Coffee Shop -> Gym / Fitness Center,4,0.02215839146491588,54,0.02215839146491588
Deli / Bodega -> Food & Drink Shop -> Office -> Gym / Fitness Center,4,0.02215839146491588,54,0.02215839146491588
Food & Drink Shop -> Office -> Bar -> Gym / Fitness Center,4,0.02215839146491588,54,0.02215839146491588
Gym / Fitness Center -> Deli / Bodega -> Gym / Fitness Center -> Office,4,0.02215839146491588,118,0.031408038328453555
Office -> Gym / Fitness Center -> Food & Drink Shop -> Gym / Fitness Center,4,0.02215839146491588,54,0.02215839146491588
Subway -> Office -> Bar -> Gym / Fitness Center,4,0.02215839146491588,54,0.02215839146491588
Building -> Office -> Clothing Store -> Office -> Gym / Fitness Center,5,0.02215839146491588,54,0.02215839146491588
Coffee Shop -> Office -> Deli / Bodega -> Coffee Shop -> Gym / Fitness Center,5,0.02215839146491588,54,0.02215839146491588
Food & Drink Shop -> Office -> Food & Drink Shop -> Office -> Gym / Fitness Center,5,0.02215839146491588,54,0.02215839146491588
Gym / Fitness Center -> Deli / Bodega -> Gym / Fitness Center -> Office -> Clothing Store,5,0.02215839146491588,20,0.0228310502283105
Gym / Fitness Center -> Deli / Bodega -> Gym / Fitness Center -> Office -> Deli / Bodega,5,0.02215839146491588,29,0.023634881825590873
Gym / Fitness Center -> Deli / Bodega -> Gym / Fitness Center -> Office -> Park,5,0.02215839146491588,39,0.02584493041749503
Gym / Fitness Center -> Park -> Coffee Shop -> Office -> Gym / Fitness Center,5,0.02215839146491588,54,0.02215839146491588
Gym / Fitness Center -> Subway -> Office -> Coffee Shop -> Gym / Fitness Center,5,0.02215839146491588,54,0.02215839146491588
Office -> Coffee Shop -> Neighborhood -> Office -> Gym / Fitness Center,5,0.02215839146491588,54,0.02215839146491588
Office -> Gym / Fitness Center -> Office -> Food & Drink Shop -> Gym / Fitness Center,5,0.02215839146491588,54,0.02215839146491588
Park -> Coffee Shop -> Gym / Fitness Center -> Office -> Gym / Fitness Center,5,0.02215839146491588,54,0.02215839146491588
Park -> Office -> Neighborhood -> Office -> Gym / Fitness Center,5,0.02215839146491588,54,0.02215839146491588
Park -> Office -> Subway -> Office -> Gym / Fitness Center,5,0.02215839146491588,54,0.02215839146491588
Train Station -> Office -> Deli / Bodega -> Office -> Gym / Fitness Center,5,0.02215839146491588,54,0.02215839146491588
Train Station -> Office -> Gym / Fitness Center -> Office -> Gym / Fitness Center,5,0.02215839146491588,54,0.02215839146491588
American Restaurant -> Deli / Bodega -> Building,3,0.02214022140221402,24,0.02214022140221402
Building -> College Academic Building -> Building,3,0.02214022140221402,24,0.02214022140221402
College Academic Building -> Coffee Shop -> Building,3,0.02214022140221402,24,0.02214022140221402
Gym / Fitness Center -> Train Station -> Building,3,0.02214022140221402,24,0.02214022140221402
Subway -> Deli / Bodega -> Building,3,0.02214022140221402,24,0.02214022140221402
Bar -> Deli / Bodega -> Office -> Building,4,0.02214022140221402,24,0.02214022140221402
Building -> Office -> Hotel -> Building,4,0.02214022140221402,24,0.02214022140221402
Coffee Shop -> Deli / Bodega -> Gym / Fitness Center -> Building,4,0.02214022140221402,24,0.02214022140221402
Coffee Shop -> Gym / Fitness Center -> Coffee Shop -> Building,4,0.02214022140221402,24,0.02214022140221402
Deli / Bodega -> Hotel -> Office -> Building,4,0.02214022140221402,24,0.02214022140221402
Gym / Fitness Center -> Office -> American Restaurant -> Building,4,0.02214022140221402,24,0.02214022140221402
Gym / Fitness Center -> Office -> Bank -> Building,4,0.02214022140221402,24,0.02214022140221402
Gym / Fitness Center -> Office -> Bar -> Building,4,0.02214022140221402,24,0.02214022140221402
Gym / Fitness Center -> Office -> Food & Drink Shop -> Building,4,0.02214022140221402,24,0.02214022140221402
Hotel -> Deli / Bodega -> Office -> Building,4,0.02214022140221402,24,0.02214022140221402
Neighborhood -> Building -> Office -> Building,4,0.02214022140221402,24,0.02214022140221402
Neighborhood -> Office -> Deli / Bodega -> Building,4,0.02214022140221402,24,0.02214022140221402
Office -> Deli / Bodega -> Clothing Store -> Building,4,0.02214022140221402,24,0.02214022140221402
American Restaurant -> Office -> Train Station -> Office -> Building,5,0.02214022140221402,24,0.02214022140221402
Bar -> Office -> Subway -> Office -> Building,5,0.02214022140221402,24,0.02214022140221402
Building -> Office -> Coffee Shop -> Deli / Bodega -> Building,5,0.02214022140221402,24,0.02214022140221402
Building -> Office -> Coffee Shop -> Train Station -> Building,5,0.02214022140221402,24,0.02214022140221402
Building -> Office -> Deli / Bodega -> Coffee Shop -> Building,5,0.02214022140221402,24,0.02214022140221402
Coffee Shop -> Building -> Office -> Clothing Store -> Building,5,0.02214022140221402,24,0.02214022140221402
Coffee Shop -> Deli / Bodega -> Office -> Subway -> Building,5,0.02214022140221402,24,0.02214022140221402
Coffee Shop -> Gym / Fitness Center -> Coffee Shop -> Office -> Building,5,0.02214022140221402,24,0.02214022140221402
Coffee Shop -> Gym / Fitness Center -> Deli / Bodega -> Office -> Building,5,0.02214022140221402,24,0.02214022140221402
Coffee Shop -> Office -> Building -> Deli / Bodega -> Building,5,0.02214022140221402,24,0.02214022140221402
Coffee Shop -> Office -> Gym / Fitness Center -> Coffee Shop -> Building,5,0.02214022140221402,24,0.02214022140221402
Coffee Shop -> Office -> Train Station -> Coffee Shop -> Building,5,0.02214022140221402,24,0.02214022140221402
Deli / Bodega -> Coffee Shop -> Office -> Gym / Fitness Center -> Building,5,0.02214022140221402,24,0.02214022140221402
Deli / Bodega -> Office -> Park -> Office -> Building,5,0.02214022140221402,24,0.02214022140221402
Gym / Fitness Center -> Office -> Building -> Coffee Shop -> Building,5,0.02214022140221402,24,0.02214022140221402
Hotel -> Office -> Clothing Store -> Office -> Building,5,0.02214022140221402,24,0.02214022140221402
Neighborhood -> Office -> Deli / Bodega -> Office -> Building,5,0.02214022140221402,24,0.02214022140221402
Office -> Building -> Bank -> Office -> Building,5,0.02214022140221402,24,0.02214022140221402
Office -> Neighborhood -> Office -> Gym / Fitness Center -> Building,5,0.02214022140221402,24,0.02214022140221402
Office -> Park -> Building -> Office -> Building,5,0.02214022140221402,24,0.02214022140221402
Office -> Park -> Office -> Deli / Bodega -> Building,5,0.02214022140221402,24,0.02214022140221402
Office -> Train Station -> Office -> Clothing Store -> Building,5,0.02214022140221402,24,0.02214022140221402
Subway -> Coffee Shop -> Clothing Store -> Office -> Building,5,0.02214022140221402,24,0.02214022140221402
Subway -> Coffee Shop -> Office -> Gym / Fitness Center -> Building,5,0.02214022140221402,24,0.02214022140221402
Train Station -> Office -> Building -> Coffee Shop -> Building,5,0.02214022140221402,24,0.02214022140221402
Coffee Shop -> Neighborhood -> Coffee Shop,3,0.022121896162528215,49,0.022121896162528215
Building -> Office -> Food & Drink Shop -> Coffee Shop,4,0.022121896162528215,49,0.022121896162528215
Deli / Bodega -> Office -> College Academic Building -> Coffee Shop,4,0.022121896162528215,49,0.022121896162528215
Food & Drink Shop -> Office -> Food & Drink Shop -> Coffee Shop,4,0.022121896162528215,49,0.022121896162528215
Hotel -> Coffee Shop -> Gym / Fitness Center -> Coffee Shop,4,0.022121896162528215,49,0.022121896162528215
Subway -> Clothing Store -> Office -> Coffee Shop,4,0.022121896162528215,49,0.022121896162528215
Subway -> Office -> Park -> Coffee Shop,4,0.022121896162528215,49,0.022121896162528215
Building -> Office -> Food & Drink Shop -> Coffee Shop -> Clothing Store,5,0.022121896162528215,20,0.0228310502283105
Coffee Shop -> Building -> Office -> Building -> Coffee Shop,5,0.022121896162528215,49,0.022121896162528215
Coffee Shop -> Gym / Fitness Center -> Coffee Shop -> Office -> Coffee Shop,5,0.022121896162528215,49,0.022121896162528215
Coffee Shop -> Office -> Park -> Office -> Coffee Shop,5,0.022121896162528215,49,0.022121896162528215
Deli / Bodega -> Coffee Shop -> Deli / Bodega -> Office -> Coffee Shop,5,0.022121896162528215,49,0.022121896162528215
Deli / Bodega -> Coffee Shop -> Gym / Fitness Center -> Office -> Coffee Shop,5,0.022121896162528215,49,0.022121896162528215
Deli / Bodega -> Office -> Food & Drink Shop -> Office -> Coffee Shop,5,0.022121896162528215,49,0.022121896162528215
Deli / Bodega -> Park -> Office -> Deli / Bodega -> Coffee Shop,5,0.022121896162528215,49,0.022121896162528215
Gym / Fitness Center -> Deli / Bodega -> Building -> Office -> Coffee Shop,5,0.022121896162528215,49,0.022121896162528215
Neighborhood -> Office -> Coffee Shop -> Office -> Coffee Shop,5,0.022121896162528215,49,0.022121896162528215
Office -> Bank -> Coffee Shop -> Office -> Coffee Shop,5,0.022121896162528215,49,0.022121896162528215
Office -> Coffee Shop -> Building -> Deli / Bodega -> Coffee Shop,5,0.022121896162528215,49,0.022121896162528215
Office -> Coffee Shop -> Office -> Hotel -> Coffee Shop,5,0.022121896162528215,49,0.022121896162528215
Office -> Gym / Fitness Center -> Office -> Building -> Coffee Shop,5,0.022121896162528215,49,0.022121896162528215
Subway -> Office -> Park -> Coffee Shop -> Clothing Store,5,0.022121896162528215,26,0.02968036529680365
Subway -> Office -> Park -> Coffee Shop -> Park,5,0.022121896162528215,37,0.024519549370444003
Bus Station -> Hotel -> Bar,3,0.022094361334867665,96,0.022094361334867665
Coffee Shop -> Subway -> Bar,3,0.022094361334867665,96,0.022094361334867665
Food & Drink Shop -> Hotel -> Bar,3,0.022094361334867665,96,0.022094361334867665
Subway -> Park -> Bar,3,0.022094361334867665,96,0.022094361334867665
Bar -> Gym / Fitness Center -> American Restaurant -> Bar,4,0.022094361334867665,96,0.022094361334867665
Bus Station -> Hotel -> Bar -> Bus Station,4,0.022094361334867665,35,0.023712737127371274
Bus Station -> Hotel -> Bar -> Hotel,4,0.022094361334867665,32,0.03804994054696789
Coffee Shop -> Office -> Clothing Store -> Bar,4,0.022094361334867665,96,0.022094361334867665
Coffee Shop -> Office -> Hotel -> Bar,4,0.022094361334867665,96,0.022094361334867665
Food & Drink Shop -> Bar -> Gym / Fitness Center -> Bar,4,0.022094361334867665,96,0.022094361334867665
Food & Drink Shop -> Hotel -> Bar -> Hotel,4,0.022094361334867665,21,0.02497027348394768
Gym / Fitness Center -> Bar -> Hotel -> Bar,4,0.022094361334867665,96,0.022094361334867665
Coffee Shop -> Office -> Clothing Store -> Bar -> Clothing Store,5,0.022094361334867665,29,0.033105022831050226
Coffee Shop -> Office -> Clothing Store -> Bar -> Hotel,5,0.022094361334867665,26,0.030915576694411414
Coffee Shop -> Office -> Hotel -> Bar -> Clothing Store,5,0.022094361334867665,20,0.0228310502283105
Coffee Shop -> Office -> Hotel -> Bar -> Hotel,5,0.022094361334867665,34,0.04042806183115339
Clothing Store -> Coffee Shop -> Office,3,0.022092094756454617,83,0.022092094756454617
Hotel -> Clothing Store -> Office,3,0.022092094756454617,83,0.022092094756454617
Bar -> Office -> Building -> Office,4,0.022092094756454617,83,0.022092094756454617
Clothing Store -> Coffee Shop -> Office -> Clothing Store,4,0.022092094756454617,33,0.03767123287671233
Clothing Store -> Coffee Shop -> Office -> Hotel,4,0.022092094756454617,29,0.034482758620689655
Clothing Store -> Coffee Shop -> Office -> Train Station,4,0.022092094756454617,47,0.02241297091082499
Coffee Shop -> Bank -> Deli / Bodega -> Office,4,0.022092094756454617,83,0.022092094756454617
Coffee Shop -> Subway -> Clothing Store -> Office,4,0.022092094756454617,83,0.022092094756454617
Hotel -> Clothing Store -> Office -> Clothing Store,4,0.022092094756454617,31,0.03538812785388128
Hotel -> Clothing Store -> Office -> Hotel,4,0.022092094756454617,33,0.039239001189060645
Train Station -> Coffee Shop -> Deli / Bodega -> Office,4,0.022092094756454617,83,0.022092094756454617
Bar -> Office -> Building -> Office -> Clothing Store,5,0.022092094756454617,22,0.02511415525114155
Bar -> Office -> Building -> Office -> Hotel,5,0.022092094756454617,21,0.02497027348394768
Building -> Deli / Bodega -> Office -> Neighborhood -> Office,5,0.022092094756454617,83,0.022092094756454617
Coffee Shop -> Subway -> Clothing Store -> Office -> Clothing Store,5,0.022092094756454617,25,0.028538812785388126
Coffee Shop -> Subway -> Clothing Store -> Office -> Hotel,5,0.022092094756454617,20,0.023781212841854936
Gym / Fitness Center -> Building -> Office -> Clothing Store -> Office,5,0.022092094756454617,83,0.022092094756454617
Office -> Gym / Fitness Center -> Office -> Bank -> Office,5,0.022092094756454617,83,0.022092094756454617
Train Station -> Coffee Shop -> Deli / Bodega -> Office -> Clothing Store,5,0.022092094756454617,24,0.0273972602739726
Bank -> College Academic Building,2,0.022010271460014674,30,0.022010271460014674
American Restaurant -> Office -> College Academic Building,3,0.022010271460014674,30,0.022010271460014674
Coffee Shop -> Drugstore / Pharmacy -> College Academic Building,3,0.022010271460014674,30,0.022010271460014674
College Academic Building -> Building -> College Academic Building,3,0.022010271460014674,30,0.022010271460014674
Office -> Park -> College Academic Building,3,0.022010271460014674,30,0.022010271460014674
Park -> Deli / Bodega -> College Academic Building,3,0.022010271460014674,30,0.022010271460014674
Building -> Deli / Bodega -> Coffee Shop -> College Academic Building,4,0.022010271460014674,30,0.022010271460014674
Building -> Gym / Fitness Center -> Office -> College Academic Building,4,0.022010271460014674,30,0.022010271460014674
Building -> Office -> Gym / Fitness Center -> College Academic Building,4,0.022010271460014674,30,0.022010271460014674
Coffee Shop -> Building -> Coffee Shop -> College Academic Building,4,0.022010271460014674,30,0.022010271460014674
Coffee Shop -> Park -> Office -> College Academic Building,4,0.022010271460014674,30,0.022010271460014674
Subway -> Gym / Fitness Center -> Office -> College Academic Building,4,0.022010271460014674,30,0.022010271460014674
Building -> Office -> Gym / Fitness Center -> Office -> College Academic Building,5,0.022010271460014674,30,0.022010271460014674
Coffee Shop -> Gym / Fitness Center -> Coffee Shop -> Office -> College Academic Building,5,0.022010271460014674,30,0.022010271460014674
Coffee Shop -> Office -> Coffee Shop -> Deli / Bodega -> College Academic Building,5,0.022010271460014674,30,0.022010271460014674
Office -> Coffee Shop -> Deli / Bodega -> Coffee Shop -> College Academic Building,5,0.022010271460014674,30,0.022010271460014674
Office -> Coffee Shop -> Deli / Bodega -> Office -> College Academic Building,5,0.022010271460014674,30,0.022010271460014674
Office -> Deli / Bodega -> Office -> Deli / Bodega -> College Academic Building,5,0.022010271460014674,30,0.022010271460014674
Park -> Office -> Building -> Office -> College Academic Building,5,0.022010271460014674,30,0.022010271460014674
Subway -> Office -> Deli / Bodega -> Coffee Shop -> College Academic Building,5,0.022010271460014674,30,0.022010271460014674
American Restaurant -> Bus Station -> American Restaurant,3,0.02200956937799043,23,0.02200956937799043
Building -> Gym / Fitness Center -> American Restaurant,3,0.02200956937799043,23,0.02200956937799043
College Academic Building -> Gym / Fitness Center -> American Restaurant,3,0.02200956937799043,23,0.02200956937799043
Home (private) -> Bar -> American Restaurant,3,0.02200956937799043,23,0.02200956937799043
Office -> Neighborhood -> American Restaurant,3,0.02200956937799043,23,0.02200956937799043
Clothing Store -> American Restaurant -> Bar -> American Restaurant,4,0.02200956937799043,23,0.02200956937799043
Clothing Store -> Gym / Fitness Center -> Bar -> American Restaurant,4,0.02200956937799043,23,0.02200956937799043
Coffee Shop -> Office -> Deli / Bodega -> American Restaurant,4,0.02200956937799043,23,0.02200956937799043
Food & Drink Shop -> Office -> Gym / Fitness Center -> American Restaurant,4,0.02200956937799043,23,0.02200956937799043
Gym / Fitness Center -> Building -> Office -> American Restaurant,4,0.02200956937799043,23,0.02200956937799043
Gym / Fitness Center -> Coffee Shop -> Clothing Store -> American Restaurant,4,0.02200956937799043,23,0.02200956937799043
Gym / Fitness Center -> Coffee Shop -> Hotel -> American Restaurant,4,0.02200956937799043,23,0.02200956937799043
Gym / Fitness Center -> Office -> Building -> American Restaurant,4,0.02200956937799043,23,0.02200956937799043
Office -> Bar -> Coffee Shop -> American Restaurant,4,0.02200956937799043,23,0.02200956937799043
Office -> Clothing Store -> Food & Drink Shop -> American Restaurant,4,0.02200956937799043,23,0.02200956937799043
Office -> Hotel -> Bar -> American Restaurant,4,0.02200956937799043,23,0.02200956937799043
Park -> Coffee Shop -> Gym / Fitness Center -> American Restaurant,4,0.02200956937799043,23,0.02200956937799043
Park -> Deli / Bodega -> Office -> American Restaurant,4,0.02200956937799043,23,0.02200956937799043
Coffee Shop -> Deli / Bodega -> Coffee Shop -> Office -> American Restaurant,5,0.02200956937799043,23,0.02200956937799043
Coffee Shop -> Gym / Fitness Center -> Office -> Gym / Fitness Center -> American Restaurant,5,0.02200956937799043,23,0.02200956937799043
Food & Drink Shop -> Bar -> American Restaurant -> Bar -> American Restaurant,5,0.02200956937799043,23,0.02200956937799043
Gym / Fitness Center -> Deli / Bodega -> Coffee Shop -> Office -> American Restaurant,5,0.02200956937799043,23,0.02200956937799043
Gym / Fitness Center -> Office -> Park -> Office -> American Restaurant,5,0.02200956937799043,23,0.02200956937799043
Office -> Coffee Shop -> Food & Drink Shop -> Office -> American Restaurant,5,0.02200956937799043,23,0.02200956937799043
Office -> Coffee Shop -> Hotel -> Office -> American Restaurant,5,0.02200956937799043,23,0.02200956937799043
Office -> Coffee Shop -> Office -> Hotel -> American Restaurant,5,0.02200956937799043,23,0.02200956937799043
Office -> Deli / Bodega -> Office -> Coffee Shop -> American Restaurant,5,0.02200956937799043,23,0.02200956937799043
Office -> Deli / Bodega -> Park -> Office -> American Restaurant,5,0.02200956937799043,23,0.02200956937799043
Office -> Food & Drink Shop -> Office -> Bar -> American Restaurant,5,0.02200956937799043,23,0.02200956937799043
Office -> Food & Drink Shop -> Office -> Food & Drink Shop -> American Restaurant,5,0.02200956937799043,23,0.02200956937799043
Office -> Gym / Fitness Center -> Office -> Clothing Store -> American Restaurant,5,0.02200956937799043,23,0.02200956937799043
Office -> Gym / Fitness Center -> Office -> Park -> American Restaurant,5,0.02200956937799043,23,0.02200956937799043
Office -> Train Station -> Coffee Shop -> Office -> American Restaurant,5,0.02200956937799043,23,0.02200956937799043
Subway -> Office -> Building -> Office -> American Restaurant,5,0.02200956937799043,23,0.02200956937799043
Coffee Shop -> Food & Drink Shop -> Deli / Bodega,3,0.022004889975550123,27,0.022004889975550123
Coffee Shop -> Train Station -> Deli / Bodega,3,0.022004889975550123,27,0.022004889975550123
Deli / Bodega -> Clothing Store -> Deli / Bodega,3,0.022004889975550123,27,0.022004889975550123
Park -> Building -> Deli / Bodega,3,0.022004889975550123,27,0.022004889975550123
Building -> Clothing Store -> Office -> Deli / Bodega,4,0.022004889975550123,27,0.022004889975550123
Building -> Coffee Shop -> Building -> Deli / Bodega,4,0.022004889975550123,27,0.022004889975550123
Building -> College Academic Building -> Coffee Shop -> Deli / Bodega,4,0.022004889975550123,27,0.022004889975550123
Building -> Office -> Bar -> Deli / Bodega,4,0.022004889975550123,27,0.022004889975550123
Deli / Bodega -> Coffee Shop -> Clothing Store -> Deli / Bodega,4,0.022004889975550123,27,0.022004889975550123
Gym / Fitness Center -> Food & Drink Shop -> Office -> Deli / Bodega,4,0.022004889975550123,27,0.022004889975550123
Neighborhood -> Building -> Office -> Deli / Bodega,4,0.022004889975550123,27,0.022004889975550123
Office -> Deli / Bodega -> Clothing Store -> Deli / Bodega,4,0.022004889975550123,27,0.022004889975550123
Office -> Subway -> Building -> Deli / Bodega,4,0.022004889975550123,27,0.022004889975550123
Subway -> Office -> Park -> Deli / Bodega,4,0.022004889975550123,27,0.022004889975550123
Building -> Deli / Bodega -> Office -> Coffee Shop -> Deli / Bodega,5,0.022004889975550123,27,0.022004889975550123
Building -> Office -> Hotel -> Office -> Deli / Bodega,5,0.022004889975550123,27,0.022004889975550123
Coffee Shop -> Building -> Office -> Gym / Fitness Center -> Deli / Bodega,5,0.022004889975550123,27,0.022004889975550123
Coffee Shop -> Office -> Subway -> Coffee Shop -> Deli / Bodega,5,0.022004889975550123,27,0.022004889975550123
Coffee Shop -> Subway -> Office -> Clothing Store -> Deli / Bodega,5,0.022004889975550123,27,0.022004889975550123
Deli / Bodega -> Office -> Bar -> Office -> Deli / Bodega,5,0.022004889975550123,27,0.022004889975550123
Deli / Bodega -> Office -> Coffee Shop -> College Academic Building -> Deli / Bodega,5,0.022004889975550123,27,0.022004889975550123
Gym / Fitness Center -> Building -> Office -> Building -> Deli / Bodega,5,0.022004889975550123,27,0.022004889975550123
Gym / Fitness Center -> Deli / Bodega -> Coffee Shop -> Building -> Deli / Bodega,5,0.022004889975550123,27,0.022004889975550123
Gym / Fitness Center -> Deli / Bodega -> Office -> College Academic Building -> Deli / Bodega,5,0.022004889975550123,27,0.022004889975550123
Gym / Fitness Center -> Office -> Food & Drink Shop -> Office -> Deli / Bodega,5,0.022004889975550123,27,0.022004889975550123
Gym / Fitness Center -> Park -> Gym / Fitness Center -> Office -> Deli / Bodega,5,0.022004889975550123,27,0.022004889975550123
Hotel -> Office -> Clothing Store -> Office -> Deli / Bodega,5,0.022004889975550123,27,0.022004889975550123
Neighborhood -> Office -> Building -> Office -> Deli / Bodega,5,0.022004889975550123,27,0.022004889975550123
Office -> Building -> Office -> College Academic Building -> Deli / Bodega,5,0.022004889975550123,27,0.022004889975550123
Office -> Deli / Bodega -> Coffee Shop -> Clothing Store -> Deli / Bodega,5,0.022004889975550123,27,0.022004889975550123
Office -> Deli / Bodega -> Office -> College Academic Building -> Deli / Bodega,5,0.022004889975550123,27,0.022004889975550123
Office -> Train Station -> Office -> Train Station -> Deli / Bodega,5,0.022004889975550123,27,0.022004889975550123
Park -> Deli / Bodega -> Office -> Gym / Fitness Center -> Deli / Bodega,5,0.022004889975550123,27,0.022004889975550123
Park -> Office -> Gym / Fitness Center -> Coffee Shop -> Deli / Bodega,5,0.022004889975550123,27,0.022004889975550123
Park -> Office -> Subway -> Office -> Deli / Bodega,5,0.022004889975550123,27,0.022004889975550123
Park -> Subway -> Coffee Shop -> Office -> Deli / Bodega,5,0.022004889975550123,27,0.022004889975550123
Park -> Subway -> Office -> Coffee Shop -> Deli / Bodega,5,0.022004889975550123,27,0.022004889975550123
Subway -> Coffee Shop -> Building -> Office -> Deli / Bodega,5,0.022004889975550123,27,0.022004889975550123
Subway -> Deli / Bodega -> Office -> Coffee Shop -> Deli / Bodega,5,0.022004889975550123,27,0.022004889975550123
Subway -> Office -> Coffee Shop -> Clothing Store -> Deli / Bodega,5,0.022004889975550123,27,0.022004889975550123
Subway -> Office -> Train Station -> Office -> Deli / Bodega,5,0.022004889975550123,27,0.022004889975550123
Train Station -> Coffee Shop -> Deli / Bodega -> Office -> Deli / Bodega,5,0.022004889975550123,27,0.022004889975550123
Train Station -> Office -> Building -> Clothing Store -> Deli / Bodega,5,0.022004889975550123,27,0.022004889975550123
Building -> Subway -> Train Station,3,0.021936099189318072,46,0.021936099189318072
Gym / Fitness Center -> Clothing Store -> Train Station,3,0.021936099189318072,46,0.021936099189318072
Subway -> Bar -> Train Station,3,0.021936099189318072,46,0.021936099189318072
Building -> Office -> Deli / Bodega -> Train Station,4,0.021936099189318072,46,0.021936099189318072
Coffee Shop -> Office -> Food & Drink Shop -> Train Station,4,0.021936099189318072,46,0.021936099189318072
Deli / Bodega -> Coffee Shop -> Gym / Fitness Center -> Train Station,4,0.021936099189318072,46,0.021936099189318072
Deli / Bodega -> Office -> Deli / Bodega -> Train Station,4,0.021936099189318072,46,0.021936099189318072
Gym / Fitness Center -> Train Station -> Clothing Store -> Train Station,4,0.021936099189318072,46,0.021936099189318072
Hotel -> Bar -> Office -> Train Station,4,0.021936099189318072,46,0.021936099189318072
Office -> Subway -> Coffee Shop -> Train Station,4,0.021936099189318072,46,0.021936099189318072
Building -> Office -> Train Station -> Clothing Store -> Train Station,5,0.021936099189318072,46,0.021936099189318072
Deli / Bodega -> Office -> Coffee Shop -> Gym / Fitness Center -> Train Station,5,0.021936099189318072,46,0.021936099189318072
Gym / Fitness Center -> Office -> Hotel -> Office -> Train Station,5,0.021936099189318072,46,0.021936099189318072
Office -> American Restaurant -> Office -> Coffee Shop -> Train Station,5,0.021936099189318072,46,0.021936099189318072
Office -> Building -> Coffee Shop -> Gym / Fitness Center -> Train Station,5,0.021936099189318072,46,0.021936099189318072
Office -> Building -> Office -> Clothing Store -> Train Station,5,0.021936099189318072,46,0.021936099189318072
College Academic Building -> Bar -> Park,3,0.02186878727634195,33,0.02186878727634195
Deli / Bodega -> Building -> Park,3,0.02186878727634195,33,0.02186878727634195
American Restaurant -> Coffee Shop -> Office -> Park,4,0.02186878727634195,33,0.02186878727634195
Clothing Store -> Office -> Food & Drink Shop -> Park,4,0.02186878727634195,33,0.02186878727634195
Coffee Shop -> Bank -> Office -> Park,4,0.02186878727634195,33,0.02186878727634195
Coffee Shop -> Bar -> Clothing Store -> Park,4,0.02186878727634195,33,0.02186878727634195
Coffee Shop -> Clothing Store -> Office -> Park,4,0.02186878727634195,33,0.02186878727634195
Coffee Shop -> Drugstore / Pharmacy -> Office -> Park,4,0.02186878727634195,33,0.02186878727634195
Coffee Shop -> Office -> Bank -> Park,4,0.02186878727634195,33,0.02186878727634195
Deli / Bodega -> Bank -> Office -> Park,4,0.02186878727634195,33,0.02186878727634195
Office -> Subway -> Coffee Shop -> Park,4,0.02186878727634195,33,0.02186878727634195
Park -> Coffee Shop -> Bar -> Park,4,0.02186878727634195,33,0.02186878727634195
Park -> Gym / Fitness Center -> Subway -> Park,4,0.02186878727634195,33,0.02186878727634195
Subway -> Clothing Store -> Office -> Park,4,0.02186878727634195,33,0.02186878727634195
Coffee Shop -> Office -> Food & Drink Shop -> Gym / Fitness Center -> Park,5,0.02186878727634195,33,0.02186878727634195
Coffee Shop -> Park -> Food & Drink Shop -> Clothing Store -> Park,5,0.02186878727634195,33,0.02186878727634195
Deli / Bodega -> Gym / Fitness Center -> Park -> Office -> Park,5,0.02186878727634195,33,0.02186878727634195
Deli / Bodega -> Office -> Coffee Shop -> Food & Drink Shop -> Park,5,0.02186878727634195,33,0.02186878727634195
Food & Drink Shop -> Office -> Park -> Clothing Store -> Park,5,0.02186878727634195,33,0.02186878727634195
Gym / Fitness Center -> Hotel -> Office -> Gym / Fitness Center -> Park,5,0.02186878727634195,33,0.02186878727634195
Gym / Fitness Center -> Neighborhood -> Coffee Shop -> Office -> Park,5,0.02186878727634195,33,0.02186878727634195
Gym / Fitness Center -> Office -> Food & Drink Shop -> Coffee Shop -> Park,5,0.02186878727634195,33,0.02186878727634195
Gym / Fitness Center -> Office -> Food & Drink Shop -> Gym / Fitness Center -> Park,5,0.02186878727634195,33,0.02186878727634195
Gym / Fitness Center -> Office -> Subway -> Clothing Store -> Park,5,0.02186878727634195,33,0.02186878727634195
Gym / Fitness Center -> Park -> Gym / Fitness Center -> Clothing Store -> Park,5,0.02186878727634195,33,0.02186878727634195
Gym / Fitness Center -> Park -> Gym / Fitness Center -> Food & Drink Shop -> Park,5,0.02186878727634195,33,0.02186878727634195
Gym / Fitness Center -> Subway -> Gym / Fitness Center -> Office -> Park,5,0.02186878727634195,33,0.02186878727634195
Hotel -> Office -> Building -> Office -> Park,5,0.02186878727634195,33,0.02186878727634195
Office -> Building -> Office -> Food & Drink Shop -> Park,5,0.02186878727634195,33,0.02186878727634195
Office -> Coffee Shop -> Neighborhood -> Office -> Park,5,0.02186878727634195,33,0.02186878727634195
Office -> Coffee Shop -> Office -> Bar -> Park,5,0.02186878727634195,33,0.02186878727634195
Office -> Coffee Shop -> Office -> Building -> Park,5,0.02186878727634195,33,0.02186878727634195
Office -> Deli / Bodega -> Office -> Food & Drink Shop -> Park,5,0.02186878727634195,33,0.02186878727634195
Office -> Food & Drink Shop -> Office -> Coffee Shop -> Park,5,0.02186878727634195,33,0.02186878727634195
Office -> Park -> Coffee Shop -> Gym / Fitness Center -> Park,5,0.02186878727634195,33,0.02186878727634195
Office -> Park -> Office -> Deli / Bodega -> Park,5,0.02186878727634195,33,0.02186878727634195
Office -> Subway -> Clothing Store -> Office -> Park,5,0.02186878727634195,33,0.02186878727634195
Park -> Deli / Bodega -> Office -> Gym / Fitness Center -> Park,5,0.02186878727634195,33,0.02186878727634195
Coffee Shop -> Clothing Store -> American Restaurant -> Bar,4,0.02186421173762946,95,0.02186421173762946
Coffee Shop -> Office -> Food & Drink Shop -> Bar,4,0.02186421173762946,95,0.02186421173762946
Food & Drink Shop -> Office -> Gym / Fitness Center -> Bar,4,0.02186421173762946,95,0.02186421173762946
Office -> Bar -> Coffee Shop -> Bar,4,0.02186421173762946,95,0.02186421173762946
Office -> Building -> Office -> Bar,4,0.02186421173762946,95,0.02186421173762946
Office -> Bar -> Coffee Shop -> Bar -> Hotel,5,0.02186421173762946,24,0.028537455410225922
Office -> Building -> Office -> Bar -> Clothing Store,5,0.02186421173762946,24,0.0273972602739726
Office -> Building -> Office -> Bar -> Hotel,5,0.02186421173762946,25,0.029726516052318668
Office -> Building -> Office -> Bar -> Train Station,5,0.02186421173762946,50,0.023843586075345733
Office -> Coffee Shop -> Office -> Coffee Shop -> Bar,5,0.02186421173762946,95,0.02186421173762946
Clothing Store -> Gym / Fitness Center -> Food & Drink Shop,3,0.02184235517568851,46,0.02184235517568851
Deli / Bodega -> Coffee Shop -> Food & Drink Shop,3,0.02184235517568851,46,0.02184235517568851
Deli / Bodega -> Park -> Food & Drink Shop,3,0.02184235517568851,46,0.02184235517568851
Food & Drink Shop -> American Restaurant -> Food & Drink Shop,3,0.02184235517568851,46,0.02184235517568851
Coffee Shop -> Bar -> Office -> Food & Drink Shop,4,0.02184235517568851,46,0.02184235517568851
Coffee Shop -> Park -> Gym / Fitness Center -> Food & Drink Shop,4,0.02184235517568851,46,0.02184235517568851
Gym / Fitness Center -> Food & Drink Shop -> Park -> Food & Drink Shop,4,0.02184235517568851,46,0.02184235517568851
Gym / Fitness Center -> Office -> Clothing Store -> Food & Drink Shop,4,0.02184235517568851,46,0.02184235517568851
Gym / Fitness Center -> Office -> Deli / Bodega -> Food & Drink Shop,4,0.02184235517568851,46,0.02184235517568851
Coffee Shop -> Deli / Bodega -> Neighborhood -> Office -> Food & Drink Shop,5,0.02184235517568851,46,0.02184235517568851
Coffee Shop -> Park -> Gym / Fitness Center -> Food & Drink Shop -> Clothing Store,5,0.02184235517568851,20,0.0228310502283105
Coffee Shop -> Subway -> Coffee Shop -> Office -> Food & Drink Shop,5,0.02184235517568851,46,0.02184235517568851
Coffee Shop -> Subway -> Office -> Park -> Food & Drink Shop,5,0.02184235517568851,46,0.02184235517568851
Gym / Fitness Center -> Deli / Bodega -> Coffee Shop -> Office -> Food & Drink Shop,5,0.02184235517568851,46,0.02184235517568851
Gym / Fitness Center -> Food & Drink Shop -> Park -> Food & Drink Shop -> Clothing Store,5,0.02184235517568851,21,0.023972602739726026
Neighborhood -> Office -> Coffee Shop -> Office -> Food & Drink Shop,5,0.02184235517568851,46,0.02184235517568851
Office -> Coffee Shop -> Food & Drink Shop -> Park -> Food & Drink Shop,5,0.02184235517568851,46,0.02184235517568851
Park -> Gym / Fitness Center -> Office -> Park -> Food & Drink Shop,5,0.02184235517568851,46,0.02184235517568851
Park -> Office -> Deli / Bodega -> Office -> Food & Drink Shop,5,0.02184235517568851,46,0.02184235517568851
Subway -> Coffee Shop -> Gym / Fitness Center -> Office -> Food & Drink Shop,5,0.02184235517568851,46,0.02184235517568851
Deli / Bodega -> Train Station -> Office,3,0.02182592494011179,82,0.02182592494011179
Subway -> Bar -> Office,3,0.02182592494011179,82,0.02182592494011179
Coffee Shop -> Neighborhood -> Coffee Shop -> Office,4,0.02182592494011179,82,0.02182592494011179
Deli / Bodega -> Coffee Shop -> Clothing Store -> Office,4,0.02182592494011179,82,0.02182592494011179
Deli / Bodega -> Train Station -> Office -> Clothing Store,4,0.02182592494011179,23,0.026255707762557076
Deli / Bodega -> Train Station -> Office -> Deli / Bodega,4,0.02182592494011179,29,0.023634881825590873
Deli / Bodega -> Train Station -> Office -> Train Station,4,0.02182592494011179,93,0.044349070100143065
Gym / Fitness Center -> Office -> College Academic Building -> Office,4,0.02182592494011179,82,0.02182592494011179
Hotel -> Building -> Coffee Shop -> Office,4,0.02182592494011179,82,0.02182592494011179
Office -> American Restaurant -> Coffee Shop -> Office,4,0.02182592494011179,82,0.02182592494011179
Train Station -> Bar -> Train Station -> Office,4,0.02182592494011179,82,0.02182592494011179
Building -> Office -> Coffee Shop -> Neighborhood -> Office,5,0.02182592494011179,82,0.02182592494011179
Building -> Office -> Gym / Fitness Center -> Coffee Shop -> Office,5,0.02182592494011179,82,0.02182592494011179
Coffee Shop -> Office -> Deli / Bodega -> Park -> Office,5,0.02182592494011179,82,0.02182592494011179
Deli / Bodega -> Coffee Shop -> Clothing Store -> Office -> Clothing Store,5,0.02182592494011179,36,0.0410958904109589
Deli / Bodega -> Coffee Shop -> Clothing Store -> Office -> Hotel,5,0.02182592494011179,21,0.02497027348394768
Deli / Bodega -> Office -> Building -> Coffee Shop -> Office,5,0.02182592494011179,82,0.02182592494011179
Deli / Bodega -> Office -> Park -> Deli / Bodega -> Office,5,0.02182592494011179,82,0.02182592494011179
Gym / Fitness Center -> Office -> College Academic Building -> Office -> Building,5,0.02182592494011179,26,0.023985239852398525
Gym / Fitness Center -> Office -> College Academic Building -> Office -> Clothing Store,5,0.02182592494011179,25,0.028538812785388126
Gym / Fitness Center -> Office -> College Academic Building -> Office -> College Academic Building,5,0.02182592494011179,38,0.027879677182685254
Gym / Fitness Center -> Office -> College Academic Building -> Office -> Park,5,0.02182592494011179,45,0.02982107355864811
Hotel -> Building -> Coffee Shop -> Office -> Clothing Store,5,0.02182592494011179,25,0.028538812785388126
Hotel -> Building -> Coffee Shop -> Office -> Hotel,5,0.02182592494011179,20,0.023781212841854936
Office -> American Restaurant -> Coffee Shop -> Office -> Building,5,0.02182592494011179,25,0.023062730627306273
Office -> American Restaurant -> Coffee Shop -> Office -> Clothing Store,5,0.02182592494011179,25,0.028538812785388126
Office -> American Restaurant -> Coffee Shop -> Office -> Hotel,5,0.02182592494011179,21,0.02497027348394768
Office -> Subway -> Office -> Hotel -> Office,5,0.02182592494011179,82,0.02182592494011179
Park -> Gym / Fitness Center -> Office -> Gym / Fitness Center -> Office,5,0.02182592494011179,82,0.02182592494011179
Park -> Subway -> Office -> Building -> Office,5,0.02182592494011179,82,0.02182592494011179
Train Station -> Bar -> Train Station -> Office -> Train Station,5,0.02182592494011179,71,0.03385789222699094
Residential Building (Apartment / Condo) -> Drugstore / Pharmacy,2,0.02176541717049577,18,0.02176541717049577
Bar -> Hotel -> Drugstore / Pharmacy,3,0.02176541717049577,18,0.02176541717049577
Coffee Shop -> College Academic Building -> Drugstore / Pharmacy,3,0.02176541717049577,18,0.02176541717049577
College Academic Building -> Office -> Drugstore / Pharmacy,3,0.02176541717049577,18,0.02176541717049577
Drugstore / Pharmacy -> Bar -> Drugstore / Pharmacy,3,0.02176541717049577,18,0.02176541717049577
Gym / Fitness Center -> Deli / Bodega -> Drugstore / Pharmacy,3,0.02176541717049577,18,0.02176541717049577
Office -> Neighborhood -> Drugstore / Pharmacy,3,0.02176541717049577,18,0.02176541717049577
Park -> Bar -> Drugstore / Pharmacy,3,0.02176541717049577,18,0.02176541717049577
Subway -> Building -> Drugstore / Pharmacy,3,0.02176541717049577,18,0.02176541717049577
Subway -> Clothing Store -> Drugstore / Pharmacy,3,0.02176541717049577,18,0.02176541717049577
Coffee Shop -> Train Station -> Office -> Drugstore / Pharmacy,4,0.02176541717049577,18,0.02176541717049577
Gym / Fitness Center -> Office -> Clothing Store -> Drugstore / Pharmacy,4,0.02176541717049577,18,0.02176541717049577
Office -> Food & Drink Shop -> Coffee Shop -> Drugstore / Pharmacy,4,0.02176541717049577,18,0.02176541717049577
Office -> Park -> Office -> Drugstore / Pharmacy,4,0.02176541717049577,18,0.02176541717049577
Office -> Subway -> Coffee Shop -> Drugstore / Pharmacy,4,0.02176541717049577,18,0.02176541717049577
Park -> Coffee Shop -> Gym / Fitness Center -> Drugstore / Pharmacy,4,0.02176541717049577,18,0.02176541717049577
Park -> Food & Drink Shop -> Office -> Drugstore / Pharmacy,4,0.02176541717049577,18,0.02176541717049577
Subway -> Building -> Office -> Drugstore / Pharmacy,4,0.02176541717049577,18,0.02176541717049577
Subway -> Deli / Bodega -> Office -> Drugstore / Pharmacy,4,0.02176541717049577,18,0.02176541717049577
Subway -> Office -> Clothing Store -> Drugstore / Pharmacy,4,0.02176541717049577,18,0.02176541717049577
Building -> Coffee Shop -> Office -> Coffee Shop -> Drugstore / Pharmacy,5,0.02176541717049577,18,0.02176541717049577
Building -> Office -> Subway -> Office -> Drugstore / Pharmacy,5,0.02176541717049577,18,0.02176541717049577
Coffee Shop -> Deli / Bodega -> Office -> Coffee Shop -> Drugstore / Pharmacy,5,0.02176541717049577,18,0.02176541717049577
Coffee Shop -> Office -> Food & Drink Shop -> Office -> Drugstore / Pharmacy,5,0.02176541717049577,18,0.02176541717049577
Coffee Shop -> Office -> Hotel -> Office -> Drugstore / Pharmacy,5,0.02176541717049577,18,0.02176541717049577
Coffee Shop -> Subway -> Office -> Coffee Shop -> Drugstore / Pharmacy,5,0.02176541717049577,18,0.02176541717049577
Deli / Bodega -> Office -> Building -> Office -> Drugstore / Pharmacy,5,0.02176541717049577,18,0.02176541717049577
Gym / Fitness Center -> Coffee Shop -> Office -> Coffee Shop -> Drugstore / Pharmacy,5,0.02176541717049577,18,0.02176541717049577
Gym / Fitness Center -> Deli / Bodega -> Coffee Shop -> Office -> Drugstore / Pharmacy,5,0.02176541717049577,18,0.02176541717049577
Hotel -> Office -> Coffee Shop -> Office -> Drugstore / Pharmacy,5,0.02176541717049577,18,0.02176541717049577
Hotel -> Office -> Gym / Fitness Center -> Office -> Drugstore / Pharmacy,5,0.02176541717049577,18,0.02176541717049577
Neighborhood -> Office -> Coffee Shop -> Office -> Drugstore / Pharmacy,5,0.02176541717049577,18,0.02176541717049577
Office -> Building -> Office -> Coffee Shop -> Drugstore / Pharmacy,5,0.02176541717049577,18,0.02176541717049577
Office -> Deli / Bodega -> Office -> Deli / Bodega -> Drugstore / Pharmacy,5,0.02176541717049577,18,0.02176541717049577
Park -> Office -> Subway -> Office -> Drugstore / Pharmacy,5,0.02176541717049577,18,0.02176541717049577
Park -> Subway -> Office -> Coffee Shop -> Drugstore / Pharmacy,5,0.02176541717049577,18,0.02176541717049577
Subway -> Office -> Subway -> Office -> Drugstore / Pharmacy,5,0.02176541717049577,18,0.02176541717049577
Building -> Bar -> Gym / Fitness Center,3,0.021748050882232254,53,0.021748050882232254
Building -> Office -> Building -> Gym / Fitness Center,4,0.021748050882232254,53,0.021748050882232254
Coffee Shop -> Gym / Fitness Center -> Bar -> Gym / Fitness Center,4,0.021748050882232254,53,0.021748050882232254
Deli / Bodega -> Office -> Bar -> Gym / Fitness Center,4,0.021748050882232254,53,0.021748050882232254
Office -> Clothing Store -> Coffee Shop -> Gym / Fitness Center,4,0.021748050882232254,53,0.021748050882232254
Office -> Coffee Shop -> Building -> Gym / Fitness Center,4,0.021748050882232254,53,0.021748050882232254
Office -> College Academic Building -> Office -> Gym / Fitness Center,4,0.021748050882232254,53,0.021748050882232254
Park -> Neighborhood -> Office -> Gym / Fitness Center,4,0.021748050882232254,53,0.021748050882232254
Subway -> Food & Drink Shop -> Office -> Gym / Fitness Center,4,0.021748050882232254,53,0.021748050882232254
Building -> Coffee Shop -> Office -> Coffee Shop -> Gym / Fitness Center,5,0.021748050882232254,53,0.021748050882232254
Deli / Bodega -> Office -> Bar -> Gym / Fitness Center -> Train Station,5,0.021748050882232254,48,0.022889842632331903
Office -> Clothing Store -> Office -> Coffee Shop -> Gym / Fitness Center,5,0.021748050882232254,53,0.021748050882232254
Office -> Coffee Shop -> Building -> Gym / Fitness Center -> Train Station,5,0.021748050882232254,47,0.02241297091082499
Office -> Coffee Shop -> Office -> Clothing Store -> Gym / Fitness Center,5,0.021748050882232254,53,0.021748050882232254
Office -> College Academic Building -> Office -> Gym / Fitness Center -> Clothing Store,5,0.021748050882232254,22,0.02511415525114155
Office -> Deli / Bodega -> Office -> Park -> Gym / Fitness Center,5,0.021748050882232254,53,0.021748050882232254
Office -> Hotel -> Coffee Shop -> Office -> Gym / Fitness Center,5,0.021748050882232254,53,0.021748050882232254
Office -> Hotel -> Gym / Fitness Center -> Office -> Gym / Fitness Center,5,0.021748050882232254,53,0.021748050882232254
Office -> Park -> Deli / Bodega -> Office -> Gym / Fitness Center,5,0.021748050882232254,53,0.021748050882232254
Park -> Neighborhood -> Office -> Gym / Fitness Center -> Clothing Store,5,0.021748050882232254,20,0.0228310502283105
Park -> Neighborhood -> Office -> Gym / Fitness Center -> Office,5,0.021748050882232254,99,0.026350811817939846
Park -> Subway -> Office -> Coffee Shop -> Gym / Fitness Center,5,0.021748050882232254,53,0.021748050882232254
Office -> Road,2,0.021691973969631236,20,0.021691973969631236
Other Great Outdoors -> Clothing Store,2,0.021689497716894976,19,0.021689497716894976
Bank -> Gym / Fitness Center -> Clothing Store,3,0.021689497716894976,19,0.021689497716894976
Building -> American Restaurant -> Clothing Store,3,0.021689497716894976,19,0.021689497716894976
Bus Station -> Bar -> Clothing Store,3,0.021689497716894976,19,0.021689497716894976
Hotel -> American Restaurant -> Clothing Store,3,0.021689497716894976,19,0.021689497716894976
Office -> Pizza Place -> Clothing Store,3,0.021689497716894976,19,0.021689497716894976
American Restaurant -> Office -> Train Station -> Clothing Store,4,0.021689497716894976,19,0.021689497716894976
Bar -> Hotel -> Bar -> Clothing Store,4,0.021689497716894976,19,0.021689497716894976
Bar -> Office -> Subway -> Clothing Store,4,0.021689497716894976,19,0.021689497716894976
Building -> College Academic Building -> Coffee Shop -> Clothing Store,4,0.021689497716894976,19,0.021689497716894976
Building -> Park -> Coffee Shop -> Clothing Store,4,0.021689497716894976,19,0.021689497716894976
Clothing Store -> Food & Drink Shop -> American Restaurant -> Clothing Store,4,0.021689497716894976,19,0.021689497716894976
Clothing Store -> Office -> Subway -> Clothing Store,4,0.021689497716894976,19,0.021689497716894976
Coffee Shop -> Building -> College Academic Building -> Clothing Store,4,0.021689497716894976,19,0.021689497716894976
Coffee Shop -> Office -> Drugstore / Pharmacy -> Clothing Store,4,0.021689497716894976,19,0.021689497716894976
Coffee Shop -> Subway -> Bar -> Clothing Store,4,0.021689497716894976,19,0.021689497716894976
College Academic Building -> Office -> Building -> Clothing Store,4,0.021689497716894976,19,0.021689497716894976
College Academic Building -> Office -> Deli / Bodega -> Clothing Store,4,0.021689497716894976,19,0.021689497716894976
Deli / Bodega -> Coffee Shop -> Deli / Bodega -> Clothing Store,4,0.021689497716894976,19,0.021689497716894976
Deli / Bodega -> Drugstore / Pharmacy -> Office -> Clothing Store,4,0.021689497716894976,19,0.021689497716894976
Deli / Bodega -> Office -> American Restaurant -> Clothing Store,4,0.021689497716894976,19,0.021689497716894976
Deli / Bodega -> Park -> Gym / Fitness Center -> Clothing Store,4,0.021689497716894976,19,0.021689497716894976
Drugstore / Pharmacy -> Office -> Train Station -> Clothing Store,4,0.021689497716894976,19,0.021689497716894976
Food & Drink Shop -> Office -> Train Station -> Clothing Store,4,0.021689497716894976,19,0.021689497716894976
Food & Drink Shop -> Park -> Gym / Fitness Center -> Clothing Store,4,0.021689497716894976,19,0.021689497716894976
Gym / Fitness Center -> Clothing Store -> Building -> Clothing Store,4,0.021689497716894976,19,0.021689497716894976
Hotel -> Bar -> Office -> Clothing Store,4,0.021689497716894976,19,0.021689497716894976
Hotel -> Deli / Bodega -> Office -> Clothing Store,4,0.021689497716894976,19,0.021689497716894976
Neighborhood -> Office -> Park -> Clothing Store,4,0.021689497716894976,19,0.021689497716894976
Office -> Bar -> Train Station -> Clothing Store,4,0.021689497716894976,19,0.021689497716894976
Office -> Building -> College Academic Building -> Clothing Store,4,0.021689497716894976,19,0.021689497716894976
Office -> Deli / Bodega -> College Academic Building -> Clothing Store,4,0.021689497716894976,19,0.021689497716894976
Office -> Park -> Subway -> Clothing Store,4,0.021689497716894976,19,0.021689497716894976
Office -> Train Station -> Deli / Bodega -> Clothing Store,4,0.021689497716894976,19,0.021689497716894976
Subway -> Coffee Shop -> Park -> Clothing Store,4,0.021689497716894976,19,0.021689497716894976
Subway -> Food & Drink Shop -> Park -> Clothing Store,4,0.021689497716894976,19,0.021689497716894976
Subway -> Gym / Fitness Center -> Park -> Clothing Store,4,0.021689497716894976,19,0.021689497716894976
Subway -> Park -> Coffee Shop -> Clothing Store,4,0.021689497716894976,19,0.021689497716894976
Train Station -> Building -> Office -> Clothing Store,4,0.021689497716894976,19,0.021689497716894976
Train Station -> Office -> Subway -> Clothing Store,4,0.021689497716894976,19,0.021689497716894976
American Restaurant -> Office -> Building -> Coffee Shop -> Clothing Store,5,0.021689497716894976,19,0.021689497716894976
American Restaurant -> Office -> Deli / Bodega -> Coffee Shop -> Clothing Store,5,0.021689497716894976,19,0.021689497716894976
Bank -> Deli / Bodega -> Office -> Coffee Shop -> Clothing Store,5,0.021689497716894976,19,0.021689497716894976
Bar -> Deli / Bodega -> Office -> Building -> Clothing Store,5,0.021689497716894976,19,0.021689497716894976
Bar -> Gym / Fitness Center -> Office -> Deli / Bodega -> Clothing Store,5,0.021689497716894976,19,0.021689497716894976
Building -> Coffee Shop -> Office -> Subway -> Clothing Store,5,0.021689497716894976,19,0.021689497716894976
Building -> Office -> Gym / Fitness Center -> Train Station -> Clothing Store,5,0.021689497716894976,19,0.021689497716894976
Building -> Office -> Hotel -> Gym / Fitness Center -> Clothing Store,5,0.021689497716894976,19,0.021689497716894976
Coffee Shop -> Building -> Coffee Shop -> Building -> Clothing Store,5,0.021689497716894976,19,0.021689497716894976
Coffee Shop -> Building -> Office -> Subway -> Clothing Store,5,0.021689497716894976,19,0.021689497716894976
Coffee Shop -> Deli / Bodega -> Coffee Shop -> Building -> Clothing Store,5,0.021689497716894976,19,0.021689497716894976
Coffee Shop -> Deli / Bodega -> Office -> Train Station -> Clothing Store,5,0.021689497716894976,19,0.021689497716894976
Coffee Shop -> Gym / Fitness Center -> Office -> Building -> Clothing Store,5,0.021689497716894976,19,0.021689497716894976
Coffee Shop -> Gym / Fitness Center -> Park -> American Restaurant -> Clothing Store,5,0.021689497716894976,19,0.021689497716894976
Coffee Shop -> Office -> Bar -> Coffee Shop -> Clothing Store,5,0.021689497716894976,19,0.021689497716894976
Coffee Shop -> Office -> Building -> Gym / Fitness Center -> Clothing Store,5,0.021689497716894976,19,0.021689497716894976
Coffee Shop -> Office -> Coffee Shop -> Hotel -> Clothing Store,5,0.021689497716894976,19,0.021689497716894976
Coffee Shop -> Office -> Deli / Bodega -> Gym / Fitness Center -> Clothing Store,5,0.021689497716894976,19,0.021689497716894976
Coffee Shop -> Office -> Gym / Fitness Center -> Subway -> Clothing Store,5,0.021689497716894976,19,0.021689497716894976
Deli / Bodega -> Coffee Shop -> Office -> Food & Drink Shop -> Clothing Store,5,0.021689497716894976,19,0.021689497716894976
Deli / Bodega -> Coffee Shop -> Office -> Train Station -> Clothing Store,5,0.021689497716894976,19,0.021689497716894976
Deli / Bodega -> Gym / Fitness Center -> Office -> Train Station -> Clothing Store,5,0.021689497716894976,19,0.021689497716894976
Deli / Bodega -> Office -> Deli / Bodega -> Building -> Clothing Store,5,0.021689497716894976,19,0.021689497716894976
Deli / Bodega -> Office -> Food & Drink Shop -> Coffee Shop -> Clothing Store,5,0.021689497716894976,19,0.021689497716894976
Deli / Bodega -> Office -> Park -> Gym / Fitness Center -> Clothing Store,5,0.021689497716894976,19,0.021689497716894976
Deli / Bodega -> Office -> Train Station -> Coffee Shop -> Clothing Store,5,0.021689497716894976,19,0.021689497716894976
Deli / Bodega -> Subway -> Office -> Deli / Bodega -> Clothing Store,5,0.021689497716894976,19,0.021689497716894976
Deli / Bodega -> Subway -> Office -> Food & Drink Shop -> Clothing Store,5,0.021689497716894976,19,0.021689497716894976
Deli / Bodega -> Train Station -> Office -> Deli / Bodega -> Clothing Store,5,0.021689497716894976,19,0.021689497716894976
Gym / Fitness Center -> Coffee Shop -> Office -> American Restaurant -> Clothing Store,5,0.021689497716894976,19,0.021689497716894976
Gym / Fitness Center -> Food & Drink Shop -> Coffee Shop -> Food & Drink Shop -> Clothing Store,5,0.021689497716894976,19,0.021689497716894976
Gym / Fitness Center -> Office -> Bank -> Office -> Clothing Store,5,0.021689497716894976,19,0.021689497716894976
Gym / Fitness Center -> Office -> Building -> Deli / Bodega -> Clothing Store,5,0.021689497716894976,19,0.021689497716894976
Gym / Fitness Center -> Office -> Building -> Gym / Fitness Center -> Clothing Store,5,0.021689497716894976,19,0.021689497716894976
Gym / Fitness Center -> Office -> Coffee Shop -> Park -> Clothing Store,5,0.021689497716894976,19,0.021689497716894976
Gym / Fitness Center -> Office -> Coffee Shop -> Train Station -> Clothing Store,5,0.021689497716894976,19,0.021689497716894976
Gym / Fitness Center -> Office -> Gym / Fitness Center -> Food & Drink Shop -> Clothing Store,5,0.021689497716894976,19,0.021689497716894976
Gym / Fitness Center -> Office -> Park -> Food & Drink Shop -> Clothing Store,5,0.021689497716894976,19,0.021689497716894976
Gym / Fitness Center -> Park -> Gym / Fitness Center -> Park -> Clothing Store,5,0.021689497716894976,19,0.021689497716894976
Gym / Fitness Center -> Park -> Office -> Deli / Bodega -> Clothing Store,5,0.021689497716894976,19,0.021689497716894976
Gym / Fitness Center -> Subway -> Office -> Train Station -> Clothing Store,5,0.021689497716894976,19,0.021689497716894976
Hotel -> Building -> Office -> Gym / Fitness Center -> Clothing Store,5,0.021689497716894976,19,0.021689497716894976
Hotel -> Gym / Fitness Center -> Office -> Building -> Clothing Store,5,0.021689497716894976,19,0.021689497716894976
Office -> Bar -> Office -> Food & Drink Shop -> Clothing Store,5,0.021689497716894976,19,0.021689497716894976
Office -> Bar -> Office -> Park -> Clothing Store,5,0.021689497716894976,19,0.021689497716894976
Office -> Bar -> Office -> Train Station -> Clothing Store,5,0.021689497716894976,19,0.021689497716894976
Office -> Building -> Gym / Fitness Center -> Coffee Shop -> Clothing Store,5,0.021689497716894976,19,0.021689497716894976
Office -> Coffee Shop -> Building -> Deli / Bodega -> Clothing Store,5,0.021689497716894976,19,0.021689497716894976
Office -> Coffee Shop -> Subway -> Coffee Shop -> Clothing Store,5,0.021689497716894976,19,0.021689497716894976
Office -> Deli / Bodega -> Coffee Shop -> Deli / Bodega -> Clothing Store,5,0.021689497716894976,19,0.021689497716894976
Office -> Gym / Fitness Center -> Neighborhood -> Office -> Clothing Store,5,0.021689497716894976,19,0.021689497716894976
Office -> Hotel -> Office -> Park -> Clothing Store,5,0.021689497716894976,19,0.021689497716894976
Office -> Park -> Clothing Store -> Park -> Clothing Store,5,0.021689497716894976,19,0.021689497716894976
Office -> Park -> Office -> Subway -> Clothing Store,5,0.021689497716894976,19,0.021689497716894976
Office -> Subway -> Office -> College Academic Building -> Clothing Store,5,0.021689497716894976,19,0.021689497716894976
Park -> Deli / Bodega -> Coffee Shop -> Office -> Clothing Store,5,0.021689497716894976,19,0.021689497716894976
Park -> Deli / Bodega -> Office -> Coffee Shop -> Clothing Store,5,0.021689497716894976,19,0.021689497716894976
Park -> Neighborhood -> Office -> Food & Drink Shop -> Clothing Store,5,0.021689497716894976,19,0.021689497716894976
Park -> Subway -> Office -> Coffee Shop -> Clothing Store,5,0.021689497716894976,19,0.021689497716894976
Subway -> Coffee Shop -> Office -> Hotel -> Clothing Store,5,0.021689497716894976,19,0.021689497716894976
Subway -> Office -> Food & Drink Shop -> Coffee Shop -> Clothing Store,5,0.021689497716894976,19,0.021689497716894976
Subway -> Office -> Food & Drink Shop -> Gym / Fitness Center -> Clothing Store,5,0.021689497716894976,19,0.021689497716894976
Train Station -> Bar -> Train Station -> Office -> Clothing Store,5,0.021689497716894976,19,0.021689497716894976
Train Station -> Office -> Clothing Store -> Deli / Bodega -> Clothing Store,5,0.021689497716894976,19,0.021689497716894976
Train Station -> Office -> Train Station -> Deli / Bodega -> Clothing Store,5,0.021689497716894976,19,0.021689497716894976
Pizza Place -> Bus Station,2,0.02168021680216802,32,0.02168021680216802
Coffee Shop -> Deli / Bodega -> Bus Station,3,0.02168021680216802,32,0.02168021680216802
Bus Station -> Bar -> Hotel -> Bus Station,4,0.02168021680216802,32,0.02168021680216802
Coffee Shop -> Subway -> Office -> Bus Station,4,0.02168021680216802,32,0.02168021680216802
Clothing Store -> Subway -> Pizza Place,3,0.02167630057803468,15,0.02167630057803468
Coffee Shop -> College Academic Building -> Pizza Place,3,0.02167630057803468,15,0.02167630057803468
College Academic Building -> Gym / Fitness Center -> Pizza Place,3,0.02167630057803468,15,0.02167630057803468
Food & Drink Shop -> Subway -> Pizza Place,3,0.02167630057803468,15,0.02167630057803468
Gym / Fitness Center -> Deli / Bodega -> Pizza Place,3,0.02167630057803468,15,0.02167630057803468
Gym / Fitness Center -> Food & Drink Shop -> Pizza Place,3,0.02167630057803468,15,0.02167630057803468
Office -> American Restaurant -> Pizza Place,3,0.02167630057803468,15,0.02167630057803468
Office -> Drugstore / Pharmacy -> Pizza Place,3,0.02167630057803468,15,0.02167630057803468
Park -> Coffee Shop -> Pizza Place,3,0.02167630057803468,15,0.02167630057803468
Train Station -> Office -> Pizza Place,3,0.02167630057803468,15,0.02167630057803468
Bar -> Office -> Bar -> Pizza Place,4,0.02167630057803468,15,0.02167630057803468
Clothing Store -> Bar -> American Restaurant -> Pizza Place,4,0.02167630057803468,15,0.02167630057803468
Coffee Shop -> Food & Drink Shop -> Gym / Fitness Center -> Pizza Place,4,0.02167630057803468,15,0.02167630057803468
Deli / Bodega -> Office -> Building -> Pizza Place,4,0.02167630057803468,15,0.02167630057803468
Food & Drink Shop -> Coffee Shop -> Bar -> Pizza Place,4,0.02167630057803468,15,0.02167630057803468
Food & Drink Shop -> Coffee Shop -> Office -> Pizza Place,4,0.02167630057803468,15,0.02167630057803468
Gym / Fitness Center -> Office -> Deli / Bodega -> Pizza Place,4,0.02167630057803468,15,0.02167630057803468
Office -> Building -> Coffee Shop -> Pizza Place,4,0.02167630057803468,15,0.02167630057803468
Office -> Coffee Shop -> Building -> Pizza Place,4,0.02167630057803468,15,0.02167630057803468
Office -> Coffee Shop -> Gym / Fitness Center -> Pizza Place,4,0.02167630057803468,15,0.02167630057803468
Office -> Park -> Bar -> Pizza Place,4,0.02167630057803468,15,0.02167630057803468
Office -> Subway -> Coffee Shop -> Pizza Place,4,0.02167630057803468,15,0.02167630057803468
Park -> Coffee Shop -> Office -> Pizza Place,4,0.02167630057803468,15,0.02167630057803468
Park -> Coffee Shop -> Park -> Pizza Place,4,0.02167630057803468,15,0.02167630057803468
Park -> Subway -> Office -> Pizza Place,4,0.02167630057803468,15,0.02167630057803468
Subway -> Office -> Gym / Fitness Center -> Pizza Place,4,0.02167630057803468,15,0.02167630057803468
Clothing Store -> Bar -> American Restaurant -> Bar -> Pizza Place,5,0.02167630057803468,15,0.02167630057803468
Coffee Shop -> Bar -> American Restaurant -> Bar -> Pizza Place,5,0.02167630057803468,15,0.02167630057803468
Coffee Shop -> Gym / Fitness Center -> Office -> Subway -> Pizza Place,5,0.02167630057803468,15,0.02167630057803468
Coffee Shop -> Office -> Clothing Store -> Office -> Pizza Place,5,0.02167630057803468,15,0.02167630057803468
Coffee Shop -> Office -> Coffee Shop -> Bar -> Pizza Place,5,0.02167630057803468,15,0.02167630057803468
Coffee Shop -> Subway -> Coffee Shop -> Office -> Pizza Place,5,0.02167630057803468,15,0.02167630057803468
Deli / Bodega -> Office -> Gym / Fitness Center -> Office -> Pizza Place,5,0.02167630057803468,15,0.02167630057803468
Deli / Bodega -> Subway -> Coffee Shop -> Office -> Pizza Place,5,0.02167630057803468,15,0.02167630057803468
Drugstore / Pharmacy -> Office -> Coffee Shop -> Office -> Pizza Place,5,0.02167630057803468,15,0.02167630057803468
Gym / Fitness Center -> Office -> Gym / Fitness Center -> Office -> Pizza Place,5,0.02167630057803468,15,0.02167630057803468
Hotel -> Office -> Building -> Office -> Pizza Place,5,0.02167630057803468,15,0.02167630057803468
Neighborhood -> Office -> Coffee Shop -> Office -> Pizza Place,5,0.02167630057803468,15,0.02167630057803468
Office -> Building -> Office -> Building -> Pizza Place,5,0.02167630057803468,15,0.02167630057803468
Office -> Clothing Store -> Office -> Bar -> Pizza Place,5,0.02167630057803468,15,0.02167630057803468
Office -> Coffee Shop -> Building -> Office -> Pizza Place,5,0.02167630057803468,15,0.02167630057803468
Office -> Coffee Shop -> Deli / Bodega -> Office -> Pizza Place,5,0.02167630057803468,15,0.02167630057803468
Office -> Coffee Shop -> Office -> Deli / Bodega -> Pizza Place,5,0.02167630057803468,15,0.02167630057803468
Office -> Deli / Bodega -> Office -> Subway -> Pizza Place,5,0.02167630057803468,15,0.02167630057803468
Office -> Gym / Fitness Center -> Office -> Coffee Shop -> Pizza Place,5,0.02167630057803468,15,0.02167630057803468
Office -> Gym / Fitness Center -> Office -> Gym / Fitness Center -> Pizza Place,5,0.02167630057803468,15,0.02167630057803468
Office -> Hotel -> Coffee Shop -> Office -> Pizza Place,5,0.02167630057803468,15,0.02167630057803468
Subway -> Office -> Building -> Office -> Pizza Place,5,0.02167630057803468,15,0.02167630057803468
American Restaurant -> Building -> Coffee Shop,3,0.02167042889390519,48,0.02167042889390519
American Restaurant -> Building -> Coffee Shop -> Clothing Store,4,0.02167042889390519,23,0.026255707762557076
American Restaurant -> Building -> Coffee Shop -> Deli / Bodega,4,0.02167042889390519,28,0.022819885900570498
Food & Drink Shop -> Coffee Shop -> Office -> Coffee Shop,4,0.02167042889390519,48,0.02167042889390519
Gym / Fitness Center -> Food & Drink Shop -> Office -> Coffee Shop,4,0.02167042889390519,48,0.02167042889390519
Neighborhood -> Coffee Shop -> Office -> Coffee Shop,4,0.02167042889390519,48,0.02167042889390519
Office -> Gym / Fitness Center -> Train Station -> Coffee Shop,4,0.02167042889390519,48,0.02167042889390519
Park -> Office -> Park -> Coffee Shop,4,0.02167042889390519,48,0.02167042889390519
Coffee Shop -> Office -> Coffee Shop -> Clothing Store -> Coffee Shop,5,0.02167042889390519,48,0.02167042889390519
Food & Drink Shop -> Coffee Shop -> Office -> Coffee Shop -> Clothing Store,5,0.02167042889390519,20,0.0228310502283105
Gym / Fitness Center -> Deli / Bodega -> Office -> Building -> Coffee Shop,5,0.02167042889390519,48,0.02167042889390519
Gym / Fitness Center -> Food & Drink Shop -> Office -> Coffee Shop -> Clothing Store,5,0.02167042889390519,23,0.026255707762557076
Hotel -> Office -> Subway -> Office -> Coffee Shop,5,0.02167042889390519,48,0.02167042889390519
Office -> Building -> Office -> Food & Drink Shop -> Coffee Shop,5,0.02167042889390519,48,0.02167042889390519
Office -> Coffee Shop -> Bar -> Office -> Coffee Shop,5,0.02167042889390519,48,0.02167042889390519
Office -> Deli / Bodega -> Building -> Deli / Bodega -> Coffee Shop,5,0.02167042889390519,48,0.02167042889390519
Office -> Deli / Bodega -> Office -> Clothing Store -> Coffee Shop,5,0.02167042889390519,48,0.02167042889390519
Office -> Drugstore / Pharmacy -> Deli / Bodega -> Office -> Coffee Shop,5,0.02167042889390519,48,0.02167042889390519
Office -> Gym / Fitness Center -> Train Station -> Coffee Shop -> Train Station,5,0.02167042889390519,81,0.03862660944206009
Office -> Neighborhood -> Coffee Shop -> Office -> Coffee Shop,5,0.02167042889390519,48,0.02167042889390519
Park -> Office -> Park -> Coffee Shop -> Clothing Store,5,0.02167042889390519,19,0.021689497716894976
Office -> Hotel -> Office -> Subway,4,0.021652231845436375,65,0.021652231845436375
Park -> Coffee Shop -> Office -> Subway,4,0.021652231845436375,65,0.021652231845436375
Park -> Subway -> Office -> Subway,4,0.021652231845436375,65,0.021652231845436375
Office -> Hotel -> Office -> Subway -> Hotel,5,0.021652231845436375,19,0.022592152199762187
Office -> Hotel -> Office -> Subway -> Office,5,0.021652231845436375,118,0.031408038328453555
Park -> Coffee Shop -> Office -> Subway -> Clothing Store,5,0.021652231845436375,23,0.026255707762557076
Park -> Coffee Shop -> Office -> Subway -> Office,5,0.021652231845436375,111,0.029544849614053768
Park -> Coffee Shop -> Office -> Subway -> Park,5,0.021652231845436375,37,0.024519549370444003
Park -> Subway -> Office -> Subway -> Office,5,0.021652231845436375,150,0.039925472451424006
Park -> Subway -> Office -> Subway -> Park,5,0.021652231845436375,35,0.023194168323392977
Bar -> College Academic Building -> Bar,3,0.021634062140391253,94,0.021634062140391253
Building -> Office -> Gym / Fitness Center -> Bar,4,0.021634062140391253,94,0.021634062140391253
Office -> Deli / Bodega -> Office -> Bar,4,0.021634062140391253,94,0.021634062140391253
Building -> Office -> Gym / Fitness Center -> Bar -> Clothing Store,5,0.021634062140391253,21,0.023972602739726026
Building -> Office -> Gym / Fitness Center -> Bar -> Hotel,5,0.021634062140391253,20,0.023781212841854936
Office -> Deli / Bodega -> Office -> Bar -> Clothing Store,5,0.021634062140391253,30,0.03424657534246575
Office -> Deli / Bodega -> Office -> Bar -> Hotel,5,0.021634062140391253,26,0.030915576694411414
Office -> Deli / Bodega -> Office -> Bar -> Office,5,0.021634062140391253,100,0.026616981634282673
Office -> Deli / Bodega -> Office -> Bar -> Train Station,5,0.021634062140391253,47,0.02241297091082499
Road -> Home (private),2,0.021611795596849122,107,0.021611795596849122
Building -> College Academic Building -> Office,3,0.021559755123768964,81,0.021559755123768964
Deli / Bodega -> Bar -> Office,3,0.021559755123768964,81,0.021559755123768964
Train Station -> Deli / Bodega -> Office,3,0.021559755123768964,81,0.021559755123768964
Building -> College Academic Building -> Office -> Building,4,0.021559755123768964,30,0.027675276752767528
Building -> College Academic Building -> Office -> Clothing Store,4,0.021559755123768964,19,0.021689497716894976
Building -> College Academic Building -> Office -> Coffee Shop,4,0.021559755123768964,51,0.023024830699774266
Building -> College Academic Building -> Office -> Deli / Bodega,4,0.021559755123768964,39,0.03178484107579462
Coffee Shop -> Gym / Fitness Center -> Building -> Office,4,0.021559755123768964,81,0.021559755123768964
Deli / Bodega -> Bar -> Office -> Train Station,4,0.021559755123768964,48,0.022889842632331903
Train Station -> Deli / Bodega -> Office -> Clothing Store,4,0.021559755123768964,23,0.026255707762557076
Train Station -> Deli / Bodega -> Office -> Deli / Bodega,4,0.021559755123768964,30,0.02444987775061125
Train Station -> Deli / Bodega -> Office -> Train Station,4,0.021559755123768964,52,0.02479732951835956
Building -> College Academic Building -> Office -> Coffee Shop -> Deli / Bodega,5,0.021559755123768964,29,0.023634881825590873
Building -> Hotel -> Office -> Coffee Shop -> Office,5,0.021559755123768964,81,0.021559755123768964
Coffee Shop -> Gym / Fitness Center -> Office -> Building -> Office,5,0.021559755123768964,81,0.021559755123768964
Coffee Shop -> Gym / Fitness Center -> Office -> Neighborhood -> Office,5,0.021559755123768964,81,0.021559755123768964
Coffee Shop -> Office -> Park -> Coffee Shop -> Office,5,0.021559755123768964,81,0.021559755123768964
Deli / Bodega -> Neighborhood -> Office -> Coffee Shop -> Office,5,0.021559755123768964,81,0.021559755123768964
Deli / Bodega -> Office -> Building -> Deli / Bodega -> Office,5,0.021559755123768964,81,0.021559755123768964
Gym / Fitness Center -> Deli / Bodega -> Office -> Clothing Store -> Office,5,0.021559755123768964,81,0.021559755123768964
Gym / Fitness Center -> Subway -> Office -> Park -> Office,5,0.021559755123768964,81,0.021559755123768964
Office -> Subway -> Coffee Shop -> Clothing Store -> Office,5,0.021559755123768964,81,0.021559755123768964
Office -> Subway -> Office -> Train Station -> Office,5,0.021559755123768964,81,0.021559755123768964
Coffee Shop -> Bar -> Neighborhood,3,0.02146558105107328,29,0.02146558105107328
Coffee Shop -> Subway -> Neighborhood,3,0.02146558105107328,29,0.02146558105107328
Deli / Bodega -> Coffee Shop -> Neighborhood,3,0.02146558105107328,29,0.02146558105107328
Park -> Coffee Shop -> Neighborhood,3,0.02146558105107328,29,0.02146558105107328
Train Station -> Office -> Neighborhood,3,0.02146558105107328,29,0.02146558105107328
Coffee Shop -> Office -> Subway -> Neighborhood,4,0.02146558105107328,29,0.02146558105107328
Coffee Shop -> Subway -> Neighborhood -> Office,4,0.02146558105107328,85,0.02262443438914027
Deli / Bodega -> Coffee Shop -> Neighborhood -> Office,4,0.02146558105107328,82,0.02182592494011179
Gym / Fitness Center -> Office -> Gym / Fitness Center -> Neighborhood,4,0.02146558105107328,29,0.02146558105107328
Train Station -> Office -> Neighborhood -> Office,4,0.02146558105107328,91,0.02422145328719723
Coffee Shop -> Office -> Subway -> Neighborhood -> Office,5,0.02146558105107328,88,0.02342294383816875
Gym / Fitness Center -> Office -> Gym / Fitness Center -> Neighborhood -> Office,5,0.02146558105107328,88,0.02342294383816875
Subway -> Office -> Coffee Shop -> Office -> Neighborhood,5,0.02146558105107328,29,0.02146558105107328
Train Station -> Office -> Neighborhood -> Office -> Clothing Store,5,0.02146558105107328,22,0.02511415525114155
Train Station -> Office -> Neighborhood -> Office -> Train Station,5,0.02146558105107328,67,0.03195040534096328
American Restaurant -> Coffee Shop -> Train Station,3,0.02145922746781116,45,0.02145922746781116
Coffee Shop -> Food & Drink Shop -> Train Station,3,0.02145922746781116,45,0.02145922746781116
Coffee Shop -> Gym / Fitness Center -> Bar -> Train Station,4,0.02145922746781116,45,0.02145922746781116
Gym / Fitness Center -> Office -> Subway -> Train Station,4,0.02145922746781116,45,0.02145922746781116
Hotel -> Office -> Clothing Store -> Train Station,4,0.02145922746781116,45,0.02145922746781116
Office -> Bar -> Subway -> Train Station,4,0.02145922746781116,45,0.02145922746781116
Office -> Coffee Shop -> Clothing Store -> Train Station,4,0.02145922746781116,45,0.02145922746781116
Office -> Train Station -> Deli / Bodega -> Train Station,4,0.02145922746781116,45,0.02145922746781116
Subway -> Office -> Hotel -> Train Station,4,0.02145922746781116,45,0.02145922746781116
Train Station -> Coffee Shop -> Building -> Train Station,4,0.02145922746781116,45,0.02145922746781116
Building -> Coffee Shop -> Office -> Building -> Train Station,5,0.02145922746781116,45,0.02145922746781116
Building -> Office -> Building -> Gym / Fitness Center -> Train Station,5,0.02145922746781116,45,0.02145922746781116
Coffee Shop -> Train Station -> Office -> Clothing Store -> Train Station,5,0.02145922746781116,45,0.02145922746781116
Deli / Bodega -> Office -> Deli / Bodega -> Coffee Shop -> Train Station,5,0.02145922746781116,45,0.02145922746781116
Gym / Fitness Center -> Deli / Bodega -> Coffee Shop -> Office -> Train Station,5,0.02145922746781116,45,0.02145922746781116
Gym / Fitness Center -> Office -> Bar -> Gym / Fitness Center -> Train Station,5,0.02145922746781116,45,0.02145922746781116
Gym / Fitness Center -> Subway -> Coffee Shop -> Office -> Train Station,5,0.02145922746781116,45,0.02145922746781116
Hotel -> Office -> Neighborhood -> Office -> Train Station,5,0.02145922746781116,45,0.02145922746781116
Office -> Bar -> Office -> Coffee Shop -> Train Station,5,0.02145922746781116,45,0.02145922746781116
Office -> Coffee Shop -> Deli / Bodega -> Coffee Shop -> Train Station,5,0.02145922746781116,45,0.02145922746781116
Office -> Food & Drink Shop -> Office -> Coffee Shop -> Train Station,5,0.02145922746781116,45,0.02145922746781116
Train Station -> Bar -> Train Station -> Hotel -> Train Station,5,0.02145922746781116,45,0.02145922746781116
Train Station -> Coffee Shop -> Office -> Clothing Store -> Train Station,5,0.02145922746781116,45,0.02145922746781116
Train Station -> Office -> Coffee Shop -> Building -> Train Station,5,0.02145922746781116,45,0.02145922746781116
Subway -> Coffee Shop -> Bar,3,0.02140391254315305,93,0.02140391254315305
Office -> Gym / Fitness Center -> Food & Drink Shop -> Bar,4,0.02140391254315305,93,0.02140391254315305
Subway -> Coffee Shop -> Bar -> Clothing Store,4,0.02140391254315305,27,0.030821917808219176
American Restaurant -> Clothing Store -> Hotel,3,0.02140309155766944,18,0.02140309155766944
Bar -> Building -> Hotel,3,0.02140309155766944,18,0.02140309155766944
Bar -> Food & Drink Shop -> Hotel,3,0.02140309155766944,18,0.02140309155766944
Building -> American Restaurant -> Hotel,3,0.02140309155766944,18,0.02140309155766944
Building -> Neighborhood -> Hotel,3,0.02140309155766944,18,0.02140309155766944
Deli / Bodega -> Building -> Hotel,3,0.02140309155766944,18,0.02140309155766944
Deli / Bodega -> Park -> Hotel,3,0.02140309155766944,18,0.02140309155766944
Bar -> Bus Station -> American Restaurant -> Hotel,4,0.02140309155766944,18,0.02140309155766944
Bar -> Hotel -> Train Station -> Hotel,4,0.02140309155766944,18,0.02140309155766944
Bar -> Office -> American Restaurant -> Hotel,4,0.02140309155766944,18,0.02140309155766944
Bar -> Office -> Gym / Fitness Center -> Hotel,4,0.02140309155766944,18,0.02140309155766944
Building -> Bar -> Gym / Fitness Center -> Hotel,4,0.02140309155766944,18,0.02140309155766944
Building -> Coffee Shop -> Clothing Store -> Hotel,4,0.02140309155766944,18,0.02140309155766944
Building -> Coffee Shop -> Deli / Bodega -> Hotel,4,0.02140309155766944,18,0.02140309155766944
Clothing Store -> Bar -> Clothing Store -> Hotel,4,0.02140309155766944,18,0.02140309155766944
Clothing Store -> Office -> American Restaurant -> Hotel,4,0.02140309155766944,18,0.02140309155766944
Coffee Shop -> Bar -> Gym / Fitness Center -> Hotel,4,0.02140309155766944,18,0.02140309155766944
Coffee Shop -> Drugstore / Pharmacy -> Office -> Hotel,4,0.02140309155766944,18,0.02140309155766944
Deli / Bodega -> Bar -> Office -> Hotel,4,0.02140309155766944,18,0.02140309155766944
Deli / Bodega -> Coffee Shop -> Deli / Bodega -> Hotel,4,0.02140309155766944,18,0.02140309155766944
Deli / Bodega -> Gym / Fitness Center -> Coffee Shop -> Hotel,4,0.02140309155766944,18,0.02140309155766944
Deli / Bodega -> Office -> American Restaurant -> Hotel,4,0.02140309155766944,18,0.02140309155766944
Drugstore / Pharmacy -> Office -> Coffee Shop -> Hotel,4,0.02140309155766944,18,0.02140309155766944
Food & Drink Shop -> American Restaurant -> Bar -> Hotel,4,0.02140309155766944,18,0.02140309155766944
Food & Drink Shop -> Office -> Gym / Fitness Center -> Hotel,4,0.02140309155766944,18,0.02140309155766944
Gym / Fitness Center -> American Restaurant -> Office -> Hotel,4,0.02140309155766944,18,0.02140309155766944
Gym / Fitness Center -> Clothing Store -> Gym / Fitness Center -> Hotel,4,0.02140309155766944,18,0.02140309155766944
Gym / Fitness Center -> Park -> Gym / Fitness Center -> Hotel,4,0.02140309155766944,18,0.02140309155766944
Office -> Bar -> American Restaurant -> Hotel,4,0.02140309155766944,18,0.02140309155766944
Office -> Building -> Clothing Store -> Hotel,4,0.02140309155766944,18,0.02140309155766944
Office -> Clothing Store -> Train Station -> Hotel,4,0.02140309155766944,18,0.02140309155766944
Office -> Coffee Shop -> American Restaurant -> Hotel,4,0.02140309155766944,18,0.02140309155766944
Office -> Gym / Fitness Center -> Deli / Bodega -> Hotel,4,0.02140309155766944,18,0.02140309155766944
Office -> Gym / Fitness Center -> Subway -> Hotel,4,0.02140309155766944,18,0.02140309155766944
Park -> Neighborhood -> Office -> Hotel,4,0.02140309155766944,18,0.02140309155766944
Subway -> Gym / Fitness Center -> Bar -> Hotel,4,0.02140309155766944,18,0.02140309155766944
Subway -> Office -> Food & Drink Shop -> Hotel,4,0.02140309155766944,18,0.02140309155766944
Train Station -> Gym / Fitness Center -> Coffee Shop -> Hotel,4,0.02140309155766944,18,0.02140309155766944
Train Station -> Subway -> Train Station -> Hotel,4,0.02140309155766944,18,0.02140309155766944
American Restaurant -> Office -> Building -> Office -> Hotel,5,0.02140309155766944,18,0.02140309155766944
Bar -> Hotel -> Bar -> American Restaurant -> Hotel,5,0.02140309155766944,18,0.02140309155766944
Bar -> Train Station -> Office -> Train Station -> Hotel,5,0.02140309155766944,18,0.02140309155766944
Building -> Coffee Shop -> Office -> Building -> Hotel,5,0.02140309155766944,18,0.02140309155766944
Building -> Coffee Shop -> Office -> Train Station -> Hotel,5,0.02140309155766944,18,0.02140309155766944
Building -> Deli / Bodega -> Office -> Coffee Shop -> Hotel,5,0.02140309155766944,18,0.02140309155766944
Building -> Hotel -> Office -> Coffee Shop -> Hotel,5,0.02140309155766944,18,0.02140309155766944
Building -> Office -> Coffee Shop -> Clothing Store -> Hotel,5,0.02140309155766944,18,0.02140309155766944
Building -> Office -> Subway -> Coffee Shop -> Hotel,5,0.02140309155766944,18,0.02140309155766944
Building -> Office -> Train Station -> Coffee Shop -> Hotel,5,0.02140309155766944,18,0.02140309155766944
Coffee Shop -> Gym / Fitness Center -> Office -> Train Station -> Hotel,5,0.02140309155766944,18,0.02140309155766944
Coffee Shop -> Office -> Building -> Gym / Fitness Center -> Hotel,5,0.02140309155766944,18,0.02140309155766944
Coffee Shop -> Office -> Drugstore / Pharmacy -> Office -> Hotel,5,0.02140309155766944,18,0.02140309155766944
Coffee Shop -> Office -> Hotel -> Coffee Shop -> Hotel,5,0.02140309155766944,18,0.02140309155766944
Coffee Shop -> Office -> Train Station -> Coffee Shop -> Hotel,5,0.02140309155766944,18,0.02140309155766944
Coffee Shop -> Train Station -> Office -> Coffee Shop -> Hotel,5,0.02140309155766944,18,0.02140309155766944
Deli / Bodega -> Gym / Fitness Center -> Building -> Office -> Hotel,5,0.02140309155766944,18,0.02140309155766944
Deli / Bodega -> Gym / Fitness Center -> Coffee Shop -> Office -> Hotel,5,0.02140309155766944,18,0.02140309155766944
Deli / Bodega -> Office -> Building -> Coffee Shop -> Hotel,5,0.02140309155766944,18,0.02140309155766944
Deli / Bodega -> Office -> Coffee Shop -> Gym / Fitness Center -> Hotel,5,0.02140309155766944,18,0.02140309155766944
Gym / Fitness Center -> Coffee Shop -> Gym / Fitness Center -> Office -> Hotel,5,0.02140309155766944,18,0.02140309155766944
Gym / Fitness Center -> Coffee Shop -> Neighborhood -> Office -> Hotel,5,0.02140309155766944,18,0.02140309155766944
Gym / Fitness Center -> Office -> Coffee Shop -> Bar -> Hotel,5,0.02140309155766944,18,0.02140309155766944
Gym / Fitness Center -> Office -> Coffee Shop -> Clothing Store -> Hotel,5,0.02140309155766944,18,0.02140309155766944
Gym / Fitness Center -> Office -> Deli / Bodega -> Coffee Shop -> Hotel,5,0.02140309155766944,18,0.02140309155766944
Gym / Fitness Center -> Park -> Office -> Coffee Shop -> Hotel,5,0.02140309155766944,18,0.02140309155766944
Hotel -> Coffee Shop -> Office -> Building -> Hotel,5,0.02140309155766944,18,0.02140309155766944
Hotel -> Office -> Coffee Shop -> Gym / Fitness Center -> Hotel,5,0.02140309155766944,18,0.02140309155766944
Hotel -> Office -> Coffee Shop -> Train Station -> Hotel,5,0.02140309155766944,18,0.02140309155766944
Hotel -> Office -> Hotel -> Gym / Fitness Center -> Hotel,5,0.02140309155766944,18,0.02140309155766944
Hotel -> Train Station -> Office -> Train Station -> Hotel,5,0.02140309155766944,18,0.02140309155766944
Office -> Bank -> Office -> Coffee Shop -> Hotel,5,0.02140309155766944,18,0.02140309155766944
Office -> Building -> Coffee Shop -> Clothing Store -> Hotel,5,0.02140309155766944,18,0.02140309155766944
Office -> Building -> Coffee Shop -> Train Station -> Hotel,5,0.02140309155766944,18,0.02140309155766944
Office -> Coffee Shop -> Deli / Bodega -> Coffee Shop -> Hotel,5,0.02140309155766944,18,0.02140309155766944
Office -> Coffee Shop -> Hotel -> American Restaurant -> Hotel,5,0.02140309155766944,18,0.02140309155766944
Office -> Gym / Fitness Center -> Office -> Food & Drink Shop -> Hotel,5,0.02140309155766944,18,0.02140309155766944
Office -> Gym / Fitness Center -> Office -> Neighborhood -> Hotel,5,0.02140309155766944,18,0.02140309155766944
Office -> Hotel -> Bar -> Bus Station -> Hotel,5,0.02140309155766944,18,0.02140309155766944
Office -> Hotel -> Bar -> Office -> Hotel,5,0.02140309155766944,18,0.02140309155766944
Office -> Hotel -> Office -> Neighborhood -> Hotel,5,0.02140309155766944,18,0.02140309155766944
Office -> Train Station -> Clothing Store -> Train Station -> Hotel,5,0.02140309155766944,18,0.02140309155766944
Park -> Subway -> Coffee Shop -> Office -> Hotel,5,0.02140309155766944,18,0.02140309155766944
Subway -> Coffee Shop -> Gym / Fitness Center -> Office -> Hotel,5,0.02140309155766944,18,0.02140309155766944
Train Station -> Bar -> Train Station -> Office -> Hotel,5,0.02140309155766944,18,0.02140309155766944
Train Station -> Coffee Shop -> Building -> Office -> Hotel,5,0.02140309155766944,18,0.02140309155766944
Train Station -> Gym / Fitness Center -> Coffee Shop -> Train Station -> Hotel,5,0.02140309155766944,18,0.02140309155766944
Coffee Shop -> American Restaurant -> Food & Drink Shop,3,0.021367521367521368,45,0.021367521367521368
Food & Drink Shop -> Gym / Fitness Center -> Office -> Food & Drink Shop,4,0.021367521367521368,45,0.021367521367521368
Office -> Clothing Store -> Office -> Food & Drink Shop,4,0.021367521367521368,45,0.021367521367521368
Office -> Food & Drink Shop -> Clothing Store -> Food & Drink Shop,4,0.021367521367521368,45,0.021367521367521368
Building -> Office -> Building -> Office -> Food & Drink Shop,5,0.021367521367521368,45,0.021367521367521368
Gym / Fitness Center -> Subway -> Neighborhood -> Office -> Food & Drink Shop,5,0.021367521367521368,45,0.021367521367521368
Office -> Park -> Subway -> Office -> Food & Drink Shop,5,0.021367521367521368,45,0.021367521367521368
Office -> Subway -> Coffee Shop -> Office -> Food & Drink Shop,5,0.021367521367521368,45,0.021367521367521368
Deli / Bodega -> Bar -> Gym / Fitness Center,3,0.021337710299548625,52,0.021337710299548625
Drugstore / Pharmacy -> Coffee Shop -> Gym / Fitness Center,3,0.021337710299548625,52,0.021337710299548625
Neighborhood -> Coffee Shop -> Gym / Fitness Center,3,0.021337710299548625,52,0.021337710299548625
Building -> Gym / Fitness Center -> Office -> Gym / Fitness Center,4,0.021337710299548625,52,0.021337710299548625
Building -> Office -> Food & Drink Shop -> Gym / Fitness Center,4,0.021337710299548625,52,0.021337710299548625
Deli / Bodega -> Office -> Building -> Gym / Fitness Center,4,0.021337710299548625,52,0.021337710299548625
Drugstore / Pharmacy -> Coffee Shop -> Gym / Fitness Center -> Clothing Store,4,0.021337710299548625,19,0.021689497716894976
Gym / Fitness Center -> Office -> Subway -> Gym / Fitness Center,4,0.021337710299548625,52,0.021337710299548625
Neighborhood -> Coffee Shop -> Gym / Fitness Center -> Office,4,0.021337710299548625,87,0.023156774021825925
Office -> Hotel -> Coffee Shop -> Gym / Fitness Center,4,0.021337710299548625,52,0.021337710299548625
Building -> Gym / Fitness Center -> Office -> Gym / Fitness Center -> Clothing Store,5,0.021337710299548625,21,0.023972602739726026
Deli / Bodega -> Park -> Deli / Bodega -> Office -> Gym / Fitness Center,5,0.021337710299548625,52,0.021337710299548625
Gym / Fitness Center -> Office -> Subway -> Gym / Fitness Center -> Clothing Store,5,0.021337710299548625,20,0.0228310502283105
Neighborhood -> Coffee Shop -> Gym / Fitness Center -> Office -> Clothing Store,5,0.021337710299548625,21,0.023972602739726026
Office -> Building -> Office -> Hotel -> Gym / Fitness Center,5,0.021337710299548625,52,0.021337710299548625
Office -> Coffee Shop -> Food & Drink Shop -> Office -> Gym / Fitness Center,5,0.021337710299548625,52,0.021337710299548625
Office -> Deli / Bodega -> Neighborhood -> Office -> Gym / Fitness Center,5,0.021337710299548625,52,0.021337710299548625
Office -> Hotel -> Coffee Shop -> Gym / Fitness Center -> Clothing Store,5,0.021337710299548625,23,0.026255707762557076
Office -> Hotel -> Coffee Shop -> Gym / Fitness Center -> Train Station,5,0.021337710299548625,45,0.02145922746781116
Park -> Deli / Bodega -> Office -> Coffee Shop -> Gym / Fitness Center,5,0.021337710299548625,52,0.021337710299548625
Park -> Office -> Building -> Office -> Gym / Fitness Center,5,0.021337710299548625,52,0.021337710299548625
Subway -> Coffee Shop -> Gym / Fitness Center -> Office -> Gym / Fitness Center,5,0.021337710299548625,52,0.021337710299548625
Subway -> Office -> Clothing Store -> Office -> Gym / Fitness Center,5,0.021337710299548625,52,0.021337710299548625
Coffee Shop -> Bar -> Subway,3,0.021319120586275817,64,0.021319120586275817
Deli / Bodega -> Office -> Gym / Fitness Center -> Subway,4,0.021319120586275817,64,0.021319120586275817
Office -> Coffee Shop -> Gym / Fitness Center -> Subway,4,0.021319120586275817,64,0.021319120586275817
Deli / Bodega -> Office -> Gym / Fitness Center -> Subway -> Bank,5,0.021319120586275817,16,0.025889967637540454
Deli / Bodega -> Office -> Gym / Fitness Center -> Subway -> Office,5,0.021319120586275817,104,0.02768166089965398
Residential Building (Apartment / Condo) -> Office,2,0.021293585307426137,80,0.021293585307426137
Building -> Park -> Office,3,0.021293585307426137,80,0.021293585307426137
Subway -> Bank -> Office,3,0.021293585307426137,80,0.021293585307426137
Bar -> Office -> Clothing Store -> Office,4,0.021293585307426137,80,0.021293585307426137
Building -> Deli / Bodega -> Gym / Fitness Center -> Office,4,0.021293585307426137,80,0.021293585307426137
Building -> Park -> Office -> Clothing Store,4,0.021293585307426137,27,0.030821917808219176
Building -> Park -> Office -> Park,4,0.021293585307426137,44,0.0291583830351226
Coffee Shop -> Building -> Gym / Fitness Center -> Office,4,0.021293585307426137,80,0.021293585307426137
College Academic Building -> Office -> Deli / Bodega -> Office,4,0.021293585307426137,80,0.021293585307426137
Drugstore / Pharmacy -> Coffee Shop -> Deli / Bodega -> Office,4,0.021293585307426137,80,0.021293585307426137
Drugstore / Pharmacy -> Office -> Building -> Office,4,0.021293585307426137,80,0.021293585307426137
Gym / Fitness Center -> Subway -> Park -> Office,4,0.021293585307426137,80,0.021293585307426137
Neighborhood -> Office -> Park -> Office,4,0.021293585307426137,80,0.021293585307426137
Park -> Office -> Bank -> Office,4,0.021293585307426137,80,0.021293585307426137
Subway -> Bank -> Office -> Clothing Store,4,0.021293585307426137,23,0.026255707762557076
Subway -> Bank -> Office -> Park,4,0.021293585307426137,38,0.025182239893969515
Bar -> Office -> Clothing Store -> Office -> Clothing Store,5,0.021293585307426137,24,0.0273972602739726
Bar -> Office -> Clothing Store -> Office -> Hotel,5,0.021293585307426137,21,0.02497027348394768
Building -> Deli / Bodega -> Gym / Fitness Center -> Office -> Clothing Store,5,0.021293585307426137,20,0.0228310502283105
Building -> Deli / Bodega -> Gym / Fitness Center -> Office -> Deli / Bodega,5,0.021293585307426137,28,0.022819885900570498
Building -> Deli / Bodega -> Gym / Fitness Center -> Office -> Train Station,5,0.021293585307426137,49,0.023366714353838816
Coffee Shop -> Bank -> Office -> Building -> Office,5,0.021293585307426137,80,0.021293585307426137
Coffee Shop -> Building -> Gym / Fitness Center -> Office -> Clothing Store,5,0.021293585307426137,26,0.02968036529680365
Coffee Shop -> Building -> Gym / Fitness Center -> Office -> Deli / Bodega,5,0.021293585307426137,33,0.02689486552567237
Coffee Shop -> Subway -> Office -> Train Station -> Office,5,0.021293585307426137,80,0.021293585307426137
College Academic Building -> Office -> Deli / Bodega -> Office -> Deli / Bodega,5,0.021293585307426137,28,0.022819885900570498
Deli / Bodega -> Neighborhood -> Office -> Gym / Fitness Center -> Office,5,0.021293585307426137,80,0.021293585307426137
Deli / Bodega -> Office -> Subway -> Building -> Office,5,0.021293585307426137,80,0.021293585307426137
Drugstore / Pharmacy -> Office -> Building -> Office -> Clothing Store,5,0.021293585307426137,31,0.03538812785388128
Drugstore / Pharmacy -> Office -> Building -> Office -> Hotel,5,0.021293585307426137,18,0.02140309155766944
Gym / Fitness Center -> Building -> Office -> Gym / Fitness Center -> Office,5,0.021293585307426137,80,0.021293585307426137
Gym / Fitness Center -> Subway -> Office -> Food & Drink Shop -> Office,5,0.021293585307426137,80,0.021293585307426137
Gym / Fitness Center -> Subway -> Park -> Office -> Clothing Store,5,0.021293585307426137,27,0.030821917808219176
Gym / Fitness Center -> Subway -> Park -> Office -> Park,5,0.021293585307426137,46,0.030483764082173626
Neighborhood -> Office -> Park -> Office -> Clothing Store,5,0.021293585307426137,22,0.02511415525114155
Neighborhood -> Office -> Park -> Office -> Park,5,0.021293585307426137,46,0.030483764082173626
Office -> Neighborhood -> Office -> Building -> Office,5,0.021293585307426137,80,0.021293585307426137
Park -> Office -> Bank -> Office -> Clothing Store,5,0.021293585307426137,20,0.0228310502283105
Coffee Shop -> Park -> Gym / Fitness Center -> College Academic Building,4,0.02127659574468085,29,0.02127659574468085
Deli / Bodega -> Bank -> Office -> College Academic Building,4,0.02127659574468085,29,0.02127659574468085
Office -> Coffee Shop -> Building -> College Academic Building,4,0.02127659574468085,29,0.02127659574468085
Office -> Deli / Bodega -> Building -> College Academic Building,4,0.02127659574468085,29,0.02127659574468085
Office -> Gym / Fitness Center -> Coffee Shop -> College Academic Building,4,0.02127659574468085,29,0.02127659574468085
Office -> Park -> Gym / Fitness Center -> College Academic Building,4,0.02127659574468085,29,0.02127659574468085
Building -> Office -> Deli / Bodega -> Office -> College Academic Building,5,0.02127659574468085,29,0.02127659574468085
Coffee Shop -> Office -> Park -> Office -> College Academic Building,5,0.02127659574468085,29,0.02127659574468085
Deli / Bodega -> Gym / Fitness Center -> Building -> Office -> College Academic Building,5,0.02127659574468085,29,0.02127659574468085
Deli / Bodega -> Gym / Fitness Center -> Office -> Deli / Bodega -> College Academic Building,5,0.02127659574468085,29,0.02127659574468085
Deli / Bodega -> Office -> Building -> Coffee Shop -> College Academic Building,5,0.02127659574468085,29,0.02127659574468085
Deli / Bodega -> Park -> Gym / Fitness Center -> Office -> College Academic Building,5,0.02127659574468085,29,0.02127659574468085
Gym / Fitness Center -> Deli / Bodega -> Gym / Fitness Center -> Office -> College Academic Building,5,0.02127659574468085,29,0.02127659574468085
Gym / Fitness Center -> Office -> Coffee Shop -> Deli / Bodega -> College Academic Building,5,0.02127659574468085,29,0.02127659574468085
Gym / Fitness Center -> Office -> College Academic Building -> Coffee Shop -> College Academic Building,5,0.02127659574468085,29,0.02127659574468085
Gym / Fitness Center -> Office -> Subway -> Office -> College Academic Building,5,0.02127659574468085,29,0.02127659574468085
Hotel -> Office -> Coffee Shop -> Office -> College Academic Building,5,0.02127659574468085,29,0.02127659574468085
Office -> Building -> Office -> Deli / Bodega -> College Academic Building,5,0.02127659574468085,29,0.02127659574468085
Office -> Coffee Shop -> Office -> Gym / Fitness Center -> College Academic Building,5,0.02127659574468085,29,0.02127659574468085
Office -> Coffee Shop -> Subway -> Office -> College Academic Building,5,0.02127659574468085,29,0.02127659574468085
Building -> Clothing Store -> Coffee Shop,3,0.021218961625282168,47,0.021218961625282168
Building -> Clothing Store -> Coffee Shop -> Clothing Store,4,0.021218961625282168,35,0.03995433789954338
Coffee Shop -> Deli / Bodega -> Building -> Coffee Shop,4,0.021218961625282168,47,0.021218961625282168
Deli / Bodega -> Coffee Shop -> Building -> Coffee Shop,4,0.021218961625282168,47,0.021218961625282168
Subway -> Coffee Shop -> Gym / Fitness Center -> Coffee Shop,4,0.021218961625282168,47,0.021218961625282168
Subway -> Office -> Clothing Store -> Coffee Shop,4,0.021218961625282168,47,0.021218961625282168
Building -> Office -> Coffee Shop -> Gym / Fitness Center -> Coffee Shop,5,0.021218961625282168,47,0.021218961625282168
Coffee Shop -> Gym / Fitness Center -> Office -> Deli / Bodega -> Coffee Shop,5,0.021218961625282168,47,0.021218961625282168
Deli / Bodega -> Coffee Shop -> Building -> Coffee Shop -> Clothing Store,5,0.021218961625282168,23,0.026255707762557076
Deli / Bodega -> Coffee Shop -> Building -> Coffee Shop -> Deli / Bodega,5,0.021218961625282168,28,0.022819885900570498
Hotel -> Office -> Clothing Store -> Office -> Coffee Shop,5,0.021218961625282168,47,0.021218961625282168
Office -> Bar -> Coffee Shop -> Office -> Coffee Shop,5,0.021218961625282168,47,0.021218961625282168
Office -> Gym / Fitness Center -> Clothing Store -> Office -> Coffee Shop,5,0.021218961625282168,47,0.021218961625282168
Office -> Gym / Fitness Center -> Deli / Bodega -> Office -> Coffee Shop,5,0.021218961625282168,47,0.021218961625282168
Office -> Gym / Fitness Center -> Office -> Park -> Coffee Shop,5,0.021218961625282168,47,0.021218961625282168
Park -> Deli / Bodega -> Office -> Deli / Bodega -> Coffee Shop,5,0.021218961625282168,47,0.021218961625282168
Subway -> Coffee Shop -> Building -> Office -> Coffee Shop,5,0.021218961625282168,47,0.021218961625282168
Subway -> Office -> Clothing Store -> Coffee Shop -> Clothing Store,5,0.021218961625282168,33,0.03767123287671233
Deli / Bodega -> American Restaurant -> Building,3,0.021217712177121772,23,0.021217712177121772
Drugstore / Pharmacy -> Coffee Shop -> Building,3,0.021217712177121772,23,0.021217712177121772
Subway -> Gym / Fitness Center -> Building,3,0.021217712177121772,23,0.021217712177121772
American Restaurant -> Office -> Deli / Bodega -> Building,4,0.021217712177121772,23,0.021217712177121772
Bar -> Gym / Fitness Center -> Office -> Building,4,0.021217712177121772,23,0.021217712177121772
Bar -> Office -> Deli / Bodega -> Building,4,0.021217712177121772,23,0.021217712177121772
Building -> Coffee Shop -> Gym / Fitness Center -> Building,4,0.021217712177121772,23,0.021217712177121772
Building -> Office -> Food & Drink Shop -> Building,4,0.021217712177121772,23,0.021217712177121772
Building -> Office -> Neighborhood -> Building,4,0.021217712177121772,23,0.021217712177121772
Building -> Train Station -> Office -> Building,4,0.021217712177121772,23,0.021217712177121772
Coffee Shop -> Park -> Office -> Building,4,0.021217712177121772,23,0.021217712177121772
Deli / Bodega -> Building -> Deli / Bodega -> Building,4,0.021217712177121772,23,0.021217712177121772
Deli / Bodega -> Clothing Store -> Office -> Building,4,0.021217712177121772,23,0.021217712177121772
Hotel -> Office -> Train Station -> Building,4,0.021217712177121772,23,0.021217712177121772
Neighborhood -> Deli / Bodega -> Office -> Building,4,0.021217712177121772,23,0.021217712177121772
Office -> Building -> Bank -> Building,4,0.021217712177121772,23,0.021217712177121772
Office -> Coffee Shop -> Bar -> Building,4,0.021217712177121772,23,0.021217712177121772
Office -> Deli / Bodega -> Bank -> Building,4,0.021217712177121772,23,0.021217712177121772
Office -> Deli / Bodega -> Subway -> Building,4,0.021217712177121772,23,0.021217712177121772
Train Station -> Gym / Fitness Center -> Office -> Building,4,0.021217712177121772,23,0.021217712177121772
Train Station -> Office -> Gym / Fitness Center -> Building,4,0.021217712177121772,23,0.021217712177121772
Building -> Office -> Coffee Shop -> Clothing Store -> Building,5,0.021217712177121772,23,0.021217712177121772
Coffee Shop -> Gym / Fitness Center -> Office -> Deli / Bodega -> Building,5,0.021217712177121772,23,0.021217712177121772
Coffee Shop -> Office -> Coffee Shop -> Train Station -> Building,5,0.021217712177121772,23,0.021217712177121772
Deli / Bodega -> Building -> Coffee Shop -> Office -> Building,5,0.021217712177121772,23,0.021217712177121772
Deli / Bodega -> Coffee Shop -> Office -> Deli / Bodega -> Building,5,0.021217712177121772,23,0.021217712177121772
Deli / Bodega -> Coffee Shop -> Office -> Subway -> Building,5,0.021217712177121772,23,0.021217712177121772
Deli / Bodega -> Gym / Fitness Center -> Deli / Bodega -> Office -> Building,5,0.021217712177121772,23,0.021217712177121772
Gym / Fitness Center -> Coffee Shop -> Gym / Fitness Center -> Office -> Building,5,0.021217712177121772,23,0.021217712177121772
Gym / Fitness Center -> Deli / Bodega -> Office -> Gym / Fitness Center -> Building,5,0.021217712177121772,23,0.021217712177121772
Gym / Fitness Center -> Park -> Office -> Coffee Shop -> Building,5,0.021217712177121772,23,0.021217712177121772
Gym / Fitness Center -> Subway -> Office -> Coffee Shop -> Building,5,0.021217712177121772,23,0.021217712177121772
Hotel -> Coffee Shop -> Train Station -> Office -> Building,5,0.021217712177121772,23,0.021217712177121772
Hotel -> Office -> Train Station -> Building -> Train Station,5,0.021217712177121772,45,0.02145922746781116
Office -> Building -> Train Station -> Office -> Building,5,0.021217712177121772,23,0.021217712177121772
Office -> Coffee Shop -> Train Station -> Coffee Shop -> Building,5,0.021217712177121772,23,0.021217712177121772
Office -> Deli / Bodega -> Neighborhood -> Office -> Building,5,0.021217712177121772,23,0.021217712177121772
Office -> Gym / Fitness Center -> Train Station -> Office -> Building,5,0.021217712177121772,23,0.021217712177121772
Office -> Subway -> Building -> Office -> Building,5,0.021217712177121772,23,0.021217712177121772
Office -> Subway -> Office -> Subway -> Building,5,0.021217712177121772,23,0.021217712177121772
Park -> Office -> Neighborhood -> Office -> Building,5,0.021217712177121772,23,0.021217712177121772
Park -> Office -> Subway -> Office -> Building,5,0.021217712177121772,23,0.021217712177121772
Train Station -> Coffee Shop -> Office -> Train Station -> Building,5,0.021217712177121772,23,0.021217712177121772
Clothing Store -> Subway -> Park,3,0.021206096752816435,32,0.021206096752816435
College Academic Building -> Gym / Fitness Center -> Park,3,0.021206096752816435,32,0.021206096752816435
American Restaurant -> Building -> Office -> Park,4,0.021206096752816435,32,0.021206096752816435
Bank -> Office -> Coffee Shop -> Park,4,0.021206096752816435,32,0.021206096752816435
Food & Drink Shop -> Clothing Store -> Food & Drink Shop -> Park,4,0.021206096752816435,32,0.021206096752816435
Food & Drink Shop -> Clothing Store -> Gym / Fitness Center -> Park,4,0.021206096752816435,32,0.021206096752816435
Food & Drink Shop -> Coffee Shop -> Bar -> Park,4,0.021206096752816435,32,0.021206096752816435
Food & Drink Shop -> Coffee Shop -> Gym / Fitness Center -> Park,4,0.021206096752816435,32,0.021206096752816435
Gym / Fitness Center -> Coffee Shop -> Clothing Store -> Park,4,0.021206096752816435,32,0.021206096752816435
Hotel -> Office -> Clothing Store -> Park,4,0.021206096752816435,32,0.021206096752816435
Office -> Train Station -> Office -> Park,4,0.021206096752816435,32,0.021206096752816435
Park -> Food & Drink Shop -> Bar -> Park,4,0.021206096752816435,32,0.021206096752816435
Park -> Food & Drink Shop -> Coffee Shop -> Park,4,0.021206096752816435,32,0.021206096752816435
Subway -> Building -> Office -> Park,4,0.021206096752816435,32,0.021206096752816435
Subway -> Coffee Shop -> Food & Drink Shop -> Park,4,0.021206096752816435,32,0.021206096752816435
Subway -> Gym / Fitness Center -> Food & Drink Shop -> Park,4,0.021206096752816435,32,0.021206096752816435
Building -> Coffee Shop -> Deli / Bodega -> Office -> Park,5,0.021206096752816435,32,0.021206096752816435
Building -> Coffee Shop -> Office -> Coffee Shop -> Park,5,0.021206096752816435,32,0.021206096752816435
Coffee Shop -> Building -> Office -> Deli / Bodega -> Park,5,0.021206096752816435,32,0.021206096752816435
Coffee Shop -> Deli / Bodega -> Neighborhood -> Office -> Park,5,0.021206096752816435,32,0.021206096752816435
Coffee Shop -> Subway -> Gym / Fitness Center -> Office -> Park,5,0.021206096752816435,32,0.021206096752816435
Food & Drink Shop -> Office -> Coffee Shop -> Office -> Park,5,0.021206096752816435,32,0.021206096752816435
Food & Drink Shop -> Office -> Food & Drink Shop -> Clothing Store -> Park,5,0.021206096752816435,32,0.021206096752816435
Gym / Fitness Center -> Bar -> Office -> Food & Drink Shop -> Park,5,0.021206096752816435,32,0.021206096752816435
Gym / Fitness Center -> Coffee Shop -> Neighborhood -> Office -> Park,5,0.021206096752816435,32,0.021206096752816435
Gym / Fitness Center -> Office -> Subway -> Gym / Fitness Center -> Park,5,0.021206096752816435,32,0.021206096752816435
Hotel -> Office -> Neighborhood -> Office -> Park,5,0.021206096752816435,32,0.021206096752816435
Office -> Building -> Office -> Clothing Store -> Park,5,0.021206096752816435,32,0.021206096752816435
Office -> Coffee Shop -> Food & Drink Shop -> Gym / Fitness Center -> Park,5,0.021206096752816435,32,0.021206096752816435
Office -> Coffee Shop -> Gym / Fitness Center -> Food & Drink Shop -> Park,5,0.021206096752816435,32,0.021206096752816435
Office -> Deli / Bodega -> Office -> Building -> Park,5,0.021206096752816435,32,0.021206096752816435
Office -> Hotel -> Office -> Coffee Shop -> Park,5,0.021206096752816435,32,0.021206096752816435
Office -> Neighborhood -> Office -> Food & Drink Shop -> Park,5,0.021206096752816435,32,0.021206096752816435
Office -> Park -> Food & Drink Shop -> Clothing Store -> Park,5,0.021206096752816435,32,0.021206096752816435
Park -> Gym / Fitness Center -> Subway -> Office -> Park,5,0.021206096752816435,32,0.021206096752816435
Park -> Neighborhood -> Office -> Food & Drink Shop -> Park,5,0.021206096752816435,32,0.021206096752816435
Park -> Office -> Bank -> Office -> Park,5,0.021206096752816435,32,0.021206096752816435
Park -> Office -> Park -> Food & Drink Shop -> Park,5,0.021206096752816435,32,0.021206096752816435
Subway -> Office -> Bank -> Office -> Park,5,0.021206096752816435,32,0.021206096752816435
Subway -> Office -> Coffee Shop -> Gym / Fitness Center -> Park,5,0.021206096752816435,32,0.021206096752816435
Subway -> Office -> Neighborhood -> Office -> Park,5,0.021206096752816435,32,0.021206096752816435
Bank -> Building -> Deli / Bodega,3,0.021189894050529748,26,0.021189894050529748
Bar -> Gym / Fitness Center -> Deli / Bodega,3,0.021189894050529748,26,0.021189894050529748
Food & Drink Shop -> Coffee Shop -> Deli / Bodega,3,0.021189894050529748,26,0.021189894050529748
Gym / Fitness Center -> American Restaurant -> Deli / Bodega,3,0.021189894050529748,26,0.021189894050529748
Bank -> Office -> Clothing Store -> Deli / Bodega,4,0.021189894050529748,26,0.021189894050529748
Building -> Deli / Bodega -> Gym / Fitness Center -> Deli / Bodega,4,0.021189894050529748,26,0.021189894050529748
Building -> Office -> American Restaurant -> Deli / Bodega,4,0.021189894050529748,26,0.021189894050529748
Coffee Shop -> Deli / Bodega -> College Academic Building -> Deli / Bodega,4,0.021189894050529748,26,0.021189894050529748
Coffee Shop -> Office -> Neighborhood -> Deli / Bodega,4,0.021189894050529748,26,0.021189894050529748
Deli / Bodega -> Office -> Hotel -> Deli / Bodega,4,0.021189894050529748,26,0.021189894050529748
Neighborhood -> Office -> Gym / Fitness Center -> Deli / Bodega,4,0.021189894050529748,26,0.021189894050529748
Office -> Coffee Shop -> Bar -> Deli / Bodega,4,0.021189894050529748,26,0.021189894050529748
Office -> Neighborhood -> Coffee Shop -> Deli / Bodega,4,0.021189894050529748,26,0.021189894050529748
Office -> Park -> Coffee Shop -> Deli / Bodega,4,0.021189894050529748,26,0.021189894050529748
American Restaurant -> Office -> Coffee Shop -> Building -> Deli / Bodega,5,0.021189894050529748,26,0.021189894050529748
Bar -> Office -> Building -> Office -> Deli / Bodega,5,0.021189894050529748,26,0.021189894050529748
Bar -> Office -> Subway -> Office -> Deli / Bodega,5,0.021189894050529748,26,0.021189894050529748
Building -> Coffee Shop -> Gym / Fitness Center -> Office -> Deli / Bodega,5,0.021189894050529748,26,0.021189894050529748
Building -> Coffee Shop -> Office -> Building -> Deli / Bodega,5,0.021189894050529748,26,0.021189894050529748
Building -> Gym / Fitness Center -> Office -> Coffee Shop -> Deli / Bodega,5,0.021189894050529748,26,0.021189894050529748
Building -> Office -> Coffee Shop -> Gym / Fitness Center -> Deli / Bodega,5,0.021189894050529748,26,0.021189894050529748
Coffee Shop -> Building -> Deli / Bodega -> Coffee Shop -> Deli / Bodega,5,0.021189894050529748,26,0.021189894050529748
Coffee Shop -> College Academic Building -> Office -> Coffee Shop -> Deli / Bodega,5,0.021189894050529748,26,0.021189894050529748
Coffee Shop -> Deli / Bodega -> Office -> College Academic Building -> Deli / Bodega,5,0.021189894050529748,26,0.021189894050529748
Coffee Shop -> Deli / Bodega -> Park -> Office -> Deli / Bodega,5,0.021189894050529748,26,0.021189894050529748
Deli / Bodega -> Coffee Shop -> Clothing Store -> Office -> Deli / Bodega,5,0.021189894050529748,26,0.021189894050529748
Deli / Bodega -> Coffee Shop -> Gym / Fitness Center -> Coffee Shop -> Deli / Bodega,5,0.021189894050529748,26,0.021189894050529748
Deli / Bodega -> Coffee Shop -> Office -> College Academic Building -> Deli / Bodega,5,0.021189894050529748,26,0.021189894050529748
Deli / Bodega -> Gym / Fitness Center -> Deli / Bodega -> Office -> Deli / Bodega,5,0.021189894050529748,26,0.021189894050529748
Deli / Bodega -> Office -> Building -> Clothing Store -> Deli / Bodega,5,0.021189894050529748,26,0.021189894050529748
Drugstore / Pharmacy -> Deli / Bodega -> Office -> Coffee Shop -> Deli / Bodega,5,0.021189894050529748,26,0.021189894050529748
Gym / Fitness Center -> Deli / Bodega -> Office -> Clothing Store -> Deli / Bodega,5,0.021189894050529748,26,0.021189894050529748
Gym / Fitness Center -> Hotel -> Coffee Shop -> Office -> Deli / Bodega,5,0.021189894050529748,26,0.021189894050529748
Gym / Fitness Center -> Neighborhood -> Coffee Shop -> Office -> Deli / Bodega,5,0.021189894050529748,26,0.021189894050529748
Gym / Fitness Center -> Office -> Coffee Shop -> Clothing Store -> Deli / Bodega,5,0.021189894050529748,26,0.021189894050529748
Gym / Fitness Center -> Office -> Hotel -> Office -> Deli / Bodega,5,0.021189894050529748,26,0.021189894050529748
Hotel -> Office -> Deli / Bodega -> Coffee Shop -> Deli / Bodega,5,0.021189894050529748,26,0.021189894050529748
Hotel -> Office -> Train Station -> Office -> Deli / Bodega,5,0.021189894050529748,26,0.021189894050529748
Office -> Building -> Coffee Shop -> Clothing Store -> Deli / Bodega,5,0.021189894050529748,26,0.021189894050529748
Office -> Coffee Shop -> Bar -> Office -> Deli / Bodega,5,0.021189894050529748,26,0.021189894050529748
Office -> Coffee Shop -> Building -> Clothing Store -> Deli / Bodega,5,0.021189894050529748,26,0.021189894050529748
Office -> Coffee Shop -> Office -> American Restaurant -> Deli / Bodega,5,0.021189894050529748,26,0.021189894050529748
Office -> Deli / Bodega -> Coffee Shop -> Building -> Deli / Bodega,5,0.021189894050529748,26,0.021189894050529748
Office -> Gym / Fitness Center -> Deli / Bodega -> Office -> Deli / Bodega,5,0.021189894050529748,26,0.021189894050529748
Office -> Gym / Fitness Center -> Office -> Clothing Store -> Deli / Bodega,5,0.021189894050529748,26,0.021189894050529748
Office -> Hotel -> Office -> Building -> Deli / Bodega,5,0.021189894050529748,26,0.021189894050529748
Office -> Hotel -> Office -> Clothing Store -> Deli / Bodega,5,0.021189894050529748,26,0.021189894050529748
Park -> Office -> Deli / Bodega -> Building -> Deli / Bodega,5,0.021189894050529748,26,0.021189894050529748
Park -> Office -> Neighborhood -> Office -> Deli / Bodega,5,0.021189894050529748,26,0.021189894050529748
Subway -> Coffee Shop -> Office -> Clothing Store -> Deli / Bodega,5,0.021189894050529748,26,0.021189894050529748
Bar -> Deli / Bodega -> Bar,3,0.021173762945914845,92,0.021173762945914845
Building -> Gym / Fitness Center -> Bar,3,0.021173762945914845,92,0.021173762945914845
Coffee Shop -> Train Station -> Bar,3,0.021173762945914845,92,0.021173762945914845
Subway -> Hotel -> Bar,3,0.021173762945914845,92,0.021173762945914845
Building -> Gym / Fitness Center -> Bar -> Hotel,4,0.021173762945914845,18,0.02140309155766944
Coffee Shop -> Train Station -> Bar -> Clothing Store,4,0.021173762945914845,21,0.023972602739726026
Coffee Shop -> Train Station -> Bar -> Hotel,4,0.021173762945914845,26,0.030915576694411414
Coffee Shop -> Train Station -> Bar -> Train Station,4,0.021173762945914845,102,0.04864091559370529
Deli / Bodega -> Coffee Shop -> Office -> Bar,4,0.021173762945914845,92,0.021173762945914845
Gym / Fitness Center -> Office -> Food & Drink Shop -> Bar,4,0.021173762945914845,92,0.021173762945914845
Office -> Food & Drink Shop -> Gym / Fitness Center -> Bar,4,0.021173762945914845,92,0.021173762945914845
Office -> Gym / Fitness Center -> Clothing Store -> Bar,4,0.021173762945914845,92,0.021173762945914845
Subway -> Hotel -> Bar -> Hotel,4,0.021173762945914845,32,0.03804994054696789
Coffee Shop -> Food & Drink Shop -> Bar -> American Restaurant -> Bar,5,0.021173762945914845,92,0.021173762945914845
Coffee Shop -> Train Station -> Bar -> Train Station -> Hotel,5,0.021173762945914845,22,0.026159334126040427
Deli / Bodega -> Coffee Shop -> Office -> Bar -> Clothing Store,5,0.021173762945914845,22,0.02511415525114155
Deli / Bodega -> Coffee Shop -> Office -> Bar -> Hotel,5,0.021173762945914845,24,0.028537455410225922
Office -> Gym / Fitness Center -> Clothing Store -> Bar -> Clothing Store,5,0.021173762945914845,27,0.030821917808219176
Deli / Bodega -> Coffee Shop -> Medical Center,3,0.021134593993325918,19,0.021134593993325918
Gym / Fitness Center -> Office -> Coffee Shop -> Medical Center,4,0.021134593993325918,19,0.021134593993325918
Deli / Bodega -> Park -> American Restaurant,3,0.021052631578947368,22,0.021052631578947368
Office -> Bank -> American Restaurant,3,0.021052631578947368,22,0.021052631578947368
Park -> Clothing Store -> American Restaurant,3,0.021052631578947368,22,0.021052631578947368
Park -> Deli / Bodega -> American Restaurant,3,0.021052631578947368,22,0.021052631578947368
Building -> Office -> Hotel -> American Restaurant,4,0.021052631578947368,22,0.021052631578947368
Clothing Store -> Park -> Bar -> American Restaurant,4,0.021052631578947368,22,0.021052631578947368
Coffee Shop -> Bar -> Gym / Fitness Center -> American Restaurant,4,0.021052631578947368,22,0.021052631578947368
Coffee Shop -> Gym / Fitness Center -> Coffee Shop -> American Restaurant,4,0.021052631578947368,22,0.021052631578947368
Coffee Shop -> Park -> Gym / Fitness Center -> American Restaurant,4,0.021052631578947368,22,0.021052631578947368
Food & Drink Shop -> Clothing Store -> Bar -> American Restaurant,4,0.021052631578947368,22,0.021052631578947368
Food & Drink Shop -> Clothing Store -> Park -> American Restaurant,4,0.021052631578947368,22,0.021052631578947368
Gym / Fitness Center -> American Restaurant -> Bar -> American Restaurant,4,0.021052631578947368,22,0.021052631578947368
Gym / Fitness Center -> Office -> Deli / Bodega -> American Restaurant,4,0.021052631578947368,22,0.021052631578947368
Gym / Fitness Center -> Office -> Hotel -> American Restaurant,4,0.021052631578947368,22,0.021052631578947368
Gym / Fitness Center -> Park -> Gym / Fitness Center -> American Restaurant,4,0.021052631578947368,22,0.021052631578947368
Gym / Fitness Center -> Park -> Office -> American Restaurant,4,0.021052631578947368,22,0.021052631578947368
Hotel -> Office -> Bar -> American Restaurant,4,0.021052631578947368,22,0.021052631578947368
Building -> Office -> Gym / Fitness Center -> Office -> American Restaurant,5,0.021052631578947368,22,0.021052631578947368
Coffee Shop -> Office -> Gym / Fitness Center -> Bar -> American Restaurant,5,0.021052631578947368,22,0.021052631578947368
Gym / Fitness Center -> Coffee Shop -> Gym / Fitness Center -> Office -> American Restaurant,5,0.021052631578947368,22,0.021052631578947368
Gym / Fitness Center -> Coffee Shop -> Office -> Food & Drink Shop -> American Restaurant,5,0.021052631578947368,22,0.021052631578947368
Gym / Fitness Center -> Coffee Shop -> Office -> Gym / Fitness Center -> American Restaurant,5,0.021052631578947368,22,0.021052631578947368
Gym / Fitness Center -> Office -> Building -> Office -> American Restaurant,5,0.021052631578947368,22,0.021052631578947368
Gym / Fitness Center -> Office -> Food & Drink Shop -> Bar -> American Restaurant,5,0.021052631578947368,22,0.021052631578947368
Office -> Bar -> Office -> Bar -> American Restaurant,5,0.021052631578947368,22,0.021052631578947368
Office -> Building -> Office -> Coffee Shop -> American Restaurant,5,0.021052631578947368,22,0.021052631578947368
Office -> Coffee Shop -> Clothing Store -> Office -> American Restaurant,5,0.021052631578947368,22,0.021052631578947368
Office -> Coffee Shop -> Subway -> Office -> American Restaurant,5,0.021052631578947368,22,0.021052631578947368
Office -> Deli / Bodega -> Office -> Park -> American Restaurant,5,0.021052631578947368,22,0.021052631578947368
Office -> Gym / Fitness Center -> Subway -> Office -> American Restaurant,5,0.021052631578947368,22,0.021052631578947368
Office -> Park -> Coffee Shop -> Office -> American Restaurant,5,0.021052631578947368,22,0.021052631578947368
Office -> Park -> Office -> Gym / Fitness Center -> American Restaurant,5,0.021052631578947368,22,0.021052631578947368
Park -> Office -> Deli / Bodega -> Office -> American Restaurant,5,0.021052631578947368,22,0.021052631578947368
Subway -> Office -> Deli / Bodega -> Office -> American Restaurant,5,0.021052631578947368,22,0.021052631578947368
Train Station -> Office -> Train Station -> Office -> American Restaurant,5,0.021052631578947368,22,0.021052631578947368
Pizza Place -> Bank,2,0.021035598705501618,13,0.021035598705501618
American Restaurant -> Deli / Bodega -> Bank,3,0.021035598705501618,13,0.021035598705501618
Bus Station -> Office -> Bank,3,0.021035598705501618,13,0.021035598705501618
Coffee Shop -> American Restaurant -> Bank,3,0.021035598705501618,13,0.021035598705501618
Coffee Shop -> Food & Drink Shop -> Bank,3,0.021035598705501618,13,0.021035598705501618
Drugstore / Pharmacy -> Gym / Fitness Center -> Bank,3,0.021035598705501618,13,0.021035598705501618
Food & Drink Shop -> Building -> Bank,3,0.021035598705501618,13,0.021035598705501618
Gym / Fitness Center -> Clothing Store -> Bank,3,0.021035598705501618,13,0.021035598705501618
Neighborhood -> Gym / Fitness Center -> Bank,3,0.021035598705501618,13,0.021035598705501618
Office -> Train Station -> Bank,3,0.021035598705501618,13,0.021035598705501618
Park -> Subway -> Bank,3,0.021035598705501618,13,0.021035598705501618
Subway -> Bar -> Bank,3,0.021035598705501618,13,0.021035598705501618
Bar -> Office -> Deli / Bodega -> Bank,4,0.021035598705501618,13,0.021035598705501618
Building -> Clothing Store -> Office -> Bank,4,0.021035598705501618,13,0.021035598705501618
Building -> Office -> Bar -> Bank,4,0.021035598705501618,13,0.021035598705501618
Building -> Office -> Neighborhood -> Bank,4,0.021035598705501618,13,0.021035598705501618
Bus Station -> Subway -> Office -> Bank,4,0.021035598705501618,13,0.021035598705501618
Coffee Shop -> American Restaurant -> Office -> Bank,4,0.021035598705501618,13,0.021035598705501618
Coffee Shop -> Deli / Bodega -> Neighborhood -> Bank,4,0.021035598705501618,13,0.021035598705501618
Coffee Shop -> Drugstore / Pharmacy -> Office -> Bank,4,0.021035598705501618,13,0.021035598705501618
Coffee Shop -> Gym / Fitness Center -> Coffee Shop -> Bank,4,0.021035598705501618,13,0.021035598705501618
Coffee Shop -> Gym / Fitness Center -> Subway -> Bank,4,0.021035598705501618,13,0.021035598705501618
Coffee Shop -> Office -> Clothing Store -> Bank,4,0.021035598705501618,13,0.021035598705501618
Coffee Shop -> Office -> Food & Drink Shop -> Bank,4,0.021035598705501618,13,0.021035598705501618
Coffee Shop -> Subway -> Deli / Bodega -> Bank,4,0.021035598705501618,13,0.021035598705501618
College Academic Building -> Office -> Gym / Fitness Center -> Bank,4,0.021035598705501618,13,0.021035598705501618
Deli / Bodega -> Neighborhood -> Office -> Bank,4,0.021035598705501618,13,0.021035598705501618
Food & Drink Shop -> Office -> Gym / Fitness Center -> Bank,4,0.021035598705501618,13,0.021035598705501618
Gym / Fitness Center -> Clothing Store -> Office -> Bank,4,0.021035598705501618,13,0.021035598705501618
Gym / Fitness Center -> Deli / Bodega -> Coffee Shop -> Bank,4,0.021035598705501618,13,0.021035598705501618
Gym / Fitness Center -> Deli / Bodega -> Gym / Fitness Center -> Bank,4,0.021035598705501618,13,0.021035598705501618
Gym / Fitness Center -> Neighborhood -> Office -> Bank,4,0.021035598705501618,13,0.021035598705501618
Gym / Fitness Center -> Office -> Park -> Bank,4,0.021035598705501618,13,0.021035598705501618
Gym / Fitness Center -> Park -> Deli / Bodega -> Bank,4,0.021035598705501618,13,0.021035598705501618
Gym / Fitness Center -> Subway -> Coffee Shop -> Bank,4,0.021035598705501618,13,0.021035598705501618
Neighborhood -> Building -> Office -> Bank,4,0.021035598705501618,13,0.021035598705501618
Neighborhood -> Gym / Fitness Center -> Office -> Bank,4,0.021035598705501618,13,0.021035598705501618
Neighborhood -> Office -> Gym / Fitness Center -> Bank,4,0.021035598705501618,13,0.021035598705501618
Neighborhood -> Office -> Subway -> Bank,4,0.021035598705501618,13,0.021035598705501618
Office -> Deli / Bodega -> Park -> Bank,4,0.021035598705501618,13,0.021035598705501618
Office -> Gym / Fitness Center -> Building -> Bank,4,0.021035598705501618,13,0.021035598705501618
Office -> Hotel -> Building -> Bank,4,0.021035598705501618,13,0.021035598705501618
Office -> Subway -> Neighborhood -> Bank,4,0.021035598705501618,13,0.021035598705501618
Subway -> Clothing Store -> Office -> Bank,4,0.021035598705501618,13,0.021035598705501618
Bar -> Subway -> Office -> Deli / Bodega -> Bank,5,0.021035598705501618,13,0.021035598705501618
Building -> Coffee Shop -> Office -> Building -> Bank,5,0.021035598705501618,13,0.021035598705501618
Building -> Coffee Shop -> Office -> Deli / Bodega -> Bank,5,0.021035598705501618,13,0.021035598705501618
Building -> Gym / Fitness Center -> Office -> Deli / Bodega -> Bank,5,0.021035598705501618,13,0.021035598705501618
Building -> Gym / Fitness Center -> Office -> Gym / Fitness Center -> Bank,5,0.021035598705501618,13,0.021035598705501618
Building -> Office -> Hotel -> Office -> Bank,5,0.021035598705501618,13,0.021035598705501618
Coffee Shop -> Gym / Fitness Center -> Office -> Subway -> Bank,5,0.021035598705501618,13,0.021035598705501618
Coffee Shop -> Hotel -> Office -> Deli / Bodega -> Bank,5,0.021035598705501618,13,0.021035598705501618
Coffee Shop -> Office -> American Restaurant -> Office -> Bank,5,0.021035598705501618,13,0.021035598705501618
Coffee Shop -> Office -> Bar -> Gym / Fitness Center -> Bank,5,0.021035598705501618,13,0.021035598705501618
Coffee Shop -> Office -> Food & Drink Shop -> Office -> Bank,5,0.021035598705501618,13,0.021035598705501618
Coffee Shop -> Office -> Subway -> Building -> Bank,5,0.021035598705501618,13,0.021035598705501618
Coffee Shop -> Subway -> Coffee Shop -> Deli / Bodega -> Bank,5,0.021035598705501618,13,0.021035598705501618
Coffee Shop -> Subway -> Office -> Gym / Fitness Center -> Bank,5,0.021035598705501618,13,0.021035598705501618
Deli / Bodega -> Coffee Shop -> Office -> Building -> Bank,5,0.021035598705501618,13,0.021035598705501618
Deli / Bodega -> Gym / Fitness Center -> Building -> Office -> Bank,5,0.021035598705501618,13,0.021035598705501618
Deli / Bodega -> Office -> Deli / Bodega -> Building -> Bank,5,0.021035598705501618,13,0.021035598705501618
Deli / Bodega -> Office -> Food & Drink Shop -> Office -> Bank,5,0.021035598705501618,13,0.021035598705501618
Deli / Bodega -> Office -> Neighborhood -> Office -> Bank,5,0.021035598705501618,13,0.021035598705501618
Deli / Bodega -> Park -> Office -> Building -> Bank,5,0.021035598705501618,13,0.021035598705501618
Deli / Bodega -> Subway -> Office -> Gym / Fitness Center -> Bank,5,0.021035598705501618,13,0.021035598705501618
Drugstore / Pharmacy -> Office -> Coffee Shop -> Deli / Bodega -> Bank,5,0.021035598705501618,13,0.021035598705501618
Drugstore / Pharmacy -> Office -> Deli / Bodega -> Office -> Bank,5,0.021035598705501618,13,0.021035598705501618
Gym / Fitness Center -> Coffee Shop -> Building -> Office -> Bank,5,0.021035598705501618,13,0.021035598705501618
Gym / Fitness Center -> Deli / Bodega -> Office -> Building -> Bank,5,0.021035598705501618,13,0.021035598705501618
Gym / Fitness Center -> Office -> Deli / Bodega -> Coffee Shop -> Bank,5,0.021035598705501618,13,0.021035598705501618
Gym / Fitness Center -> Office -> Deli / Bodega -> Neighborhood -> Bank,5,0.021035598705501618,13,0.021035598705501618
Gym / Fitness Center -> Office -> Park -> Office -> Bank,5,0.021035598705501618,13,0.021035598705501618
Gym / Fitness Center -> Office -> Subway -> Deli / Bodega -> Bank,5,0.021035598705501618,13,0.021035598705501618
Gym / Fitness Center -> Park -> Office -> Gym / Fitness Center -> Bank,5,0.021035598705501618,13,0.021035598705501618
Gym / Fitness Center -> Subway -> Coffee Shop -> Office -> Bank,5,0.021035598705501618,13,0.021035598705501618
Gym / Fitness Center -> Subway -> Office -> Coffee Shop -> Bank,5,0.021035598705501618,13,0.021035598705501618
Hotel -> Gym / Fitness Center -> Office -> Gym / Fitness Center -> Bank,5,0.021035598705501618,13,0.021035598705501618
Hotel -> Office -> Clothing Store -> Office -> Bank,5,0.021035598705501618,13,0.021035598705501618
Neighborhood -> Office -> Coffee Shop -> Office -> Bank,5,0.021035598705501618,13,0.021035598705501618
Office -> Bar -> Gym / Fitness Center -> Office -> Bank,5,0.021035598705501618,13,0.021035598705501618
Office -> Building -> Clothing Store -> Office -> Bank,5,0.021035598705501618,13,0.021035598705501618
Office -> Building -> Coffee Shop -> Gym / Fitness Center -> Bank,5,0.021035598705501618,13,0.021035598705501618
Office -> Building -> Office -> Building -> Bank,5,0.021035598705501618,13,0.021035598705501618
Office -> Building -> Subway -> Office -> Bank,5,0.021035598705501618,13,0.021035598705501618
Office -> Coffee Shop -> Building -> Coffee Shop -> Bank,5,0.021035598705501618,13,0.021035598705501618
Office -> Coffee Shop -> Office -> Bar -> Bank,5,0.021035598705501618,13,0.021035598705501618
Office -> Deli / Bodega -> Building -> Deli / Bodega -> Bank,5,0.021035598705501618,13,0.021035598705501618
Office -> Deli / Bodega -> Subway -> Deli / Bodega -> Bank,5,0.021035598705501618,13,0.021035598705501618
Office -> Drugstore / Pharmacy -> Office -> Coffee Shop -> Bank,5,0.021035598705501618,13,0.021035598705501618
Office -> Gym / Fitness Center -> Building -> Office -> Bank,5,0.021035598705501618,13,0.021035598705501618
Office -> Gym / Fitness Center -> Office -> Building -> Bank,5,0.021035598705501618,13,0.021035598705501618
Office -> Gym / Fitness Center -> Office -> Clothing Store -> Bank,5,0.021035598705501618,13,0.021035598705501618
Office -> Gym / Fitness Center -> Office -> Neighborhood -> Bank,5,0.021035598705501618,13,0.021035598705501618
Office -> Hotel -> Gym / Fitness Center -> Office -> Bank,5,0.021035598705501618,13,0.021035598705501618
Office -> Hotel -> Office -> Subway -> Bank,5,0.021035598705501618,13,0.021035598705501618
Office -> Neighborhood -> Office -> Building -> Bank,5,0.021035598705501618,13,0.021035598705501618
Office -> Neighborhood -> Office -> Gym / Fitness Center -> Bank,5,0.021035598705501618,13,0.021035598705501618
Office -> Park -> Building -> Office -> Bank,5,0.021035598705501618,13,0.021035598705501618
Office -> Park -> Office -> Gym / Fitness Center -> Bank,5,0.021035598705501618,13,0.021035598705501618
Office -> Subway -> Building -> Office -> Bank,5,0.021035598705501618,13,0.021035598705501618
Park -> Coffee Shop -> Office -> Coffee Shop -> Bank,5,0.021035598705501618,13,0.021035598705501618
Park -> Coffee Shop -> Office -> Gym / Fitness Center -> Bank,5,0.021035598705501618,13,0.021035598705501618
Park -> Deli / Bodega -> Office -> Building -> Bank,5,0.021035598705501618,13,0.021035598705501618
Park -> Neighborhood -> Office -> Building -> Bank,5,0.021035598705501618,13,0.021035598705501618
Park -> Subway -> Coffee Shop -> Office -> Bank,5,0.021035598705501618,13,0.021035598705501618
Park -> Subway -> Office -> Subway -> Bank,5,0.021035598705501618,13,0.021035598705501618
Subway -> Office -> Gym / Fitness Center -> Coffee Shop -> Bank,5,0.021035598705501618,13,0.021035598705501618
Subway -> Office -> Subway -> Deli / Bodega -> Bank,5,0.021035598705501618,13,0.021035598705501618
Train Station -> Office -> Clothing Store -> Office -> Bank,5,0.021035598705501618,13,0.021035598705501618
American Restaurant -> Office -> Clothing Store -> Office,4,0.02102741549108331,79,0.02102741549108331
Deli / Bodega -> Office -> American Restaurant -> Office,4,0.02102741549108331,79,0.02102741549108331
Hotel -> Coffee Shop -> Clothing Store -> Office,4,0.02102741549108331,79,0.02102741549108331
Office -> Subway -> Park -> Office,4,0.02102741549108331,79,0.02102741549108331
Subway -> Office -> American Restaurant -> Office,4,0.02102741549108331,79,0.02102741549108331
American Restaurant -> Office -> Clothing Store -> Office -> Clothing Store,5,0.02102741549108331,34,0.03881278538812785
Coffee Shop -> Deli / Bodega -> Office -> Food & Drink Shop -> Office,5,0.02102741549108331,79,0.02102741549108331
Coffee Shop -> Office -> Coffee Shop -> Park -> Office,5,0.02102741549108331,79,0.02102741549108331
Deli / Bodega -> Office -> American Restaurant -> Office -> Clothing Store,5,0.02102741549108331,22,0.02511415525114155
Deli / Bodega -> Office -> American Restaurant -> Office -> Hotel,5,0.02102741549108331,23,0.027348394768133173
Deli / Bodega -> Office -> Coffee Shop -> Neighborhood -> Office,5,0.02102741549108331,79,0.02102741549108331
Gym / Fitness Center -> Office -> Park -> Deli / Bodega -> Office,5,0.02102741549108331,79,0.02102741549108331
Hotel -> Coffee Shop -> Clothing Store -> Office -> Clothing Store,5,0.02102741549108331,28,0.0319634703196347
Hotel -> Coffee Shop -> Clothing Store -> Office -> Hotel,5,0.02102741549108331,24,0.028537455410225922
Hotel -> Coffee Shop -> Clothing Store -> Office -> Train Station,5,0.02102741549108331,50,0.023843586075345733
Hotel -> Coffee Shop -> Office -> Clothing Store -> Office,5,0.02102741549108331,79,0.02102741549108331
Neighborhood -> Coffee Shop -> Office -> Coffee Shop -> Office,5,0.02102741549108331,79,0.02102741549108331
Office -> Coffee Shop -> Deli / Bodega -> Park -> Office,5,0.02102741549108331,79,0.02102741549108331
Office -> Deli / Bodega -> Coffee Shop -> Gym / Fitness Center -> Office,5,0.02102741549108331,79,0.02102741549108331
Office -> Drugstore / Pharmacy -> Office -> Gym / Fitness Center -> Office,5,0.02102741549108331,79,0.02102741549108331
Office -> Gym / Fitness Center -> Office -> Bar -> Office,5,0.02102741549108331,79,0.02102741549108331
Office -> Subway -> Park -> Office -> Clothing Store,5,0.02102741549108331,37,0.04223744292237443
Office -> Subway -> Park -> Office -> Park,5,0.02102741549108331,47,0.031146454605699137
Park -> Coffee Shop -> Office -> Food & Drink Shop -> Office,5,0.02102741549108331,79,0.02102741549108331
Subway -> Neighborhood -> Office -> Gym / Fitness Center -> Office,5,0.02102741549108331,79,0.02102741549108331
Subway -> Office -> American Restaurant -> Office -> Bank,5,0.02102741549108331,13,0.021035598705501618
Subway -> Office -> American Restaurant -> Office -> Clothing Store,5,0.02102741549108331,22,0.02511415525114155
Subway -> Office -> American Restaurant -> Office -> Hotel,5,0.02102741549108331,18,0.02140309155766944
Train Station -> Building -> Office -> Train Station -> Office,5,0.02102741549108331,79,0.02102741549108331
Deli / Bodega -> Home (private),2,0.02100585740254494,104,0.02100585740254494
Residential Building (Apartment / Condo) -> Bus Station,2,0.02100271002710027,31,0.02100271002710027
Hotel -> Coffee Shop -> Bus Station,3,0.02100271002710027,31,0.02100271002710027
Train Station -> Office -> Bus Station,3,0.02100271002710027,31,0.02100271002710027
Coffee Shop -> Deli / Bodega -> Office -> Bus Station,4,0.02100271002710027,31,0.02100271002710027
Coffee Shop -> Office -> Subway -> Bus Station,4,0.02100271002710027,31,0.02100271002710027
Residential Building (Apartment / Condo) -> Subway,2,0.020986009327115255,63,0.020986009327115255
Drugstore / Pharmacy -> Office -> Subway,3,0.020986009327115255,63,0.020986009327115255
Drugstore / Pharmacy -> Office -> Subway -> Office,4,0.020986009327115255,101,0.0268831514506255
Park -> Gym / Fitness Center -> Office -> Subway,4,0.020986009327115255,63,0.020986009327115255
Park -> Office -> Gym / Fitness Center -> Subway,4,0.020986009327115255,63,0.020986009327115255
Deli / Bodega -> Office -> Gym / Fitness Center -> Office -> Subway,5,0.020986009327115255,63,0.020986009327115255
Drugstore / Pharmacy -> Office -> Subway -> Office -> Clothing Store,5,0.020986009327115255,28,0.0319634703196347
Drugstore / Pharmacy -> Office -> Subway -> Office -> Coffee Shop,5,0.020986009327115255,48,0.02167042889390519
Drugstore / Pharmacy -> Office -> Subway -> Office -> Hotel,5,0.020986009327115255,19,0.022592152199762187
Hotel -> Office -> Coffee Shop -> Office -> Subway,5,0.020986009327115255,63,0.020986009327115255
Park -> Gym / Fitness Center -> Office -> Subway -> Office,5,0.020986009327115255,101,0.0268831514506255
Park -> Gym / Fitness Center -> Office -> Subway -> Park,5,0.020986009327115255,36,0.02385685884691849
Park -> Office -> Gym / Fitness Center -> Subway -> Office,5,0.020986009327115255,95,0.02528613255256854
Park -> Office -> Gym / Fitness Center -> Subway -> Park,5,0.020986009327115255,34,0.02253147779986746
Park -> Train Station,2,0.020982355746304245,44,0.020982355746304245
Train Station -> Home (private) -> Train Station,3,0.020982355746304245,44,0.020982355746304245
Bank -> Office -> Coffee Shop -> Train Station,4,0.020982355746304245,44,0.020982355746304245
Bus Station -> Coffee Shop -> Office -> Train Station,4,0.020982355746304245,44,0.020982355746304245
Coffee Shop -> Clothing Store -> Gym / Fitness Center -> Train Station,4,0.020982355746304245,44,0.020982355746304245
Deli / Bodega -> American Restaurant -> Office -> Train Station,4,0.020982355746304245,44,0.020982355746304245
Deli / Bodega -> Coffee Shop -> Bar -> Train Station,4,0.020982355746304245,44,0.020982355746304245
Food & Drink Shop -> Bar -> Office -> Train Station,4,0.020982355746304245,44,0.020982355746304245
Office -> Gym / Fitness Center -> Subway -> Train Station,4,0.020982355746304245,44,0.020982355746304245
Building -> Coffee Shop -> Neighborhood -> Office -> Train Station,5,0.020982355746304245,44,0.020982355746304245
Building -> Office -> Hotel -> Office -> Train Station,5,0.020982355746304245,44,0.020982355746304245
Clothing Store -> Office -> Train Station -> Hotel -> Train Station,5,0.020982355746304245,44,0.020982355746304245
Coffee Shop -> Clothing Store -> Office -> Gym / Fitness Center -> Train Station,5,0.020982355746304245,44,0.020982355746304245
Coffee Shop -> Office -> Drugstore / Pharmacy -> Office -> Train Station,5,0.020982355746304245,44,0.020982355746304245
Deli / Bodega -> Coffee Shop -> Building -> Office -> Train Station,5,0.020982355746304245,44,0.020982355746304245
Deli / Bodega -> Coffee Shop -> Clothing Store -> Office -> Train Station,5,0.020982355746304245,44,0.020982355746304245
Drugstore / Pharmacy -> Coffee Shop -> Deli / Bodega -> Office -> Train Station,5,0.020982355746304245,44,0.020982355746304245
Hotel -> Coffee Shop -> Gym / Fitness Center -> Coffee Shop -> Train Station,5,0.020982355746304245,44,0.020982355746304245
Neighborhood -> Office -> Building -> Office -> Train Station,5,0.020982355746304245,44,0.020982355746304245
Office -> Deli / Bodega -> Coffee Shop -> Gym / Fitness Center -> Train Station,5,0.020982355746304245,44,0.020982355746304245
Office -> Deli / Bodega -> Office -> Deli / Bodega -> Train Station,5,0.020982355746304245,44,0.020982355746304245
Office -> Train Station -> Coffee Shop -> Building -> Train Station,5,0.020982355746304245,44,0.020982355746304245
Subway -> Office -> Gym / Fitness Center -> Coffee Shop -> Train Station,5,0.020982355746304245,44,0.020982355746304245
Subway -> Office -> Subway -> Office -> Train Station,5,0.020982355746304245,44,0.020982355746304245
Train Station -> Office -> Train Station -> Deli / Bodega -> Train Station,5,0.020982355746304245,44,0.020982355746304245
Coffee Shop -> College Academic Building -> Bar,3,0.02094361334867664,91,0.02094361334867664
Coffee Shop -> College Academic Building -> Bar -> College Academic Building,4,0.02094361334867664,31,0.022743947175348497
Coffee Shop -> Office -> Subway -> Bar,4,0.02094361334867664,91,0.02094361334867664
Gym / Fitness Center -> Bar -> Clothing Store -> Bar,4,0.02094361334867664,91,0.02094361334867664
Coffee Shop -> Office -> Subway -> Bar -> Clothing Store,5,0.02094361334867664,20,0.0228310502283105
Coffee Shop -> Office -> Subway -> Bar -> Hotel,5,0.02094361334867664,18,0.02140309155766944
Building -> Food & Drink Shop -> Gym / Fitness Center,3,0.020927369716865,51,0.020927369716865
Park -> Bar -> Gym / Fitness Center,3,0.020927369716865,51,0.020927369716865
Coffee Shop -> College Academic Building -> Office -> Gym / Fitness Center,4,0.020927369716865,51,0.020927369716865
Coffee Shop -> Office -> Train Station -> Gym / Fitness Center,4,0.020927369716865,51,0.020927369716865
Coffee Shop -> Train Station -> Office -> Gym / Fitness Center,4,0.020927369716865,51,0.020927369716865
Hotel -> Deli / Bodega -> Office -> Gym / Fitness Center,4,0.020927369716865,51,0.020927369716865
Office -> Park -> Food & Drink Shop -> Gym / Fitness Center,4,0.020927369716865,51,0.020927369716865
Train Station -> Office -> Train Station -> Gym / Fitness Center,4,0.020927369716865,51,0.020927369716865
Coffee Shop -> College Academic Building -> Office -> Gym / Fitness Center -> Clothing Store,5,0.020927369716865,22,0.02511415525114155
Coffee Shop -> College Academic Building -> Office -> Gym / Fitness Center -> Park,5,0.020927369716865,35,0.023194168323392977
Coffee Shop -> Deli / Bodega -> Park -> Office -> Gym / Fitness Center,5,0.020927369716865,51,0.020927369716865
Coffee Shop -> Gym / Fitness Center -> Subway -> Office -> Gym / Fitness Center,5,0.020927369716865,51,0.020927369716865
Coffee Shop -> Office -> Train Station -> Gym / Fitness Center -> Clothing Store,5,0.020927369716865,24,0.0273972602739726
Coffee Shop -> Office -> Train Station -> Gym / Fitness Center -> Train Station,5,0.020927369716865,91,0.04339532665712923
Coffee Shop -> Train Station -> Office -> Gym / Fitness Center -> Clothing Store,5,0.020927369716865,19,0.021689497716894976
Coffee Shop -> Train Station -> Office -> Gym / Fitness Center -> Train Station,5,0.020927369716865,73,0.03481163567000477
Deli / Bodega -> Building -> Office -> Coffee Shop -> Gym / Fitness Center,5,0.020927369716865,51,0.020927369716865
Deli / Bodega -> Coffee Shop -> Deli / Bodega -> Office -> Gym / Fitness Center,5,0.020927369716865,51,0.020927369716865
Gym / Fitness Center -> Office -> Gym / Fitness Center -> Coffee Shop -> Gym / Fitness Center,5,0.020927369716865,51,0.020927369716865
Gym / Fitness Center -> Office -> Hotel -> Office -> Gym / Fitness Center,5,0.020927369716865,51,0.020927369716865
Hotel -> Coffee Shop -> Office -> Coffee Shop -> Gym / Fitness Center,5,0.020927369716865,51,0.020927369716865
Hotel -> Deli / Bodega -> Office -> Gym / Fitness Center -> Office,5,0.020927369716865,86,0.022890604205483098
Office -> Coffee Shop -> Office -> Subway -> Gym / Fitness Center,5,0.020927369716865,51,0.020927369716865
Office -> Food & Drink Shop -> Office -> Park -> Gym / Fitness Center,5,0.020927369716865,51,0.020927369716865
Office -> Gym / Fitness Center -> Office -> Bar -> Gym / Fitness Center,5,0.020927369716865,51,0.020927369716865
Office -> Park -> Office -> Coffee Shop -> Gym / Fitness Center,5,0.020927369716865,51,0.020927369716865
Office -> Subway -> Office -> Food & Drink Shop -> Gym / Fitness Center,5,0.020927369716865,51,0.020927369716865
Office -> Train Station -> Coffee Shop -> Office -> Gym / Fitness Center,5,0.020927369716865,51,0.020927369716865
Train Station -> Office -> Train Station -> Gym / Fitness Center -> Clothing Store,5,0.020927369716865,22,0.02511415525114155
Train Station -> Office -> Train Station -> Gym / Fitness Center -> Train Station,5,0.020927369716865,91,0.04339532665712923
Bar -> Coffee Shop -> Office -> Food & Drink Shop,4,0.020892687559354226,44,0.020892687559354226
Coffee Shop -> Gym / Fitness Center -> Bar -> Food & Drink Shop,4,0.020892687559354226,44,0.020892687559354226
Coffee Shop -> Office -> Deli / Bodega -> Food & Drink Shop,4,0.020892687559354226,44,0.020892687559354226
Gym / Fitness Center -> Building -> Office -> Food & Drink Shop,4,0.020892687559354226,44,0.020892687559354226
Neighborhood -> Office -> Gym / Fitness Center -> Food & Drink Shop,4,0.020892687559354226,44,0.020892687559354226
Office -> College Academic Building -> Office -> Food & Drink Shop,4,0.020892687559354226,44,0.020892687559354226
Office -> Gym / Fitness Center -> Park -> Food & Drink Shop,4,0.020892687559354226,44,0.020892687559354226
Coffee Shop -> Food & Drink Shop -> Office -> Park -> Food & Drink Shop,5,0.020892687559354226,44,0.020892687559354226
Gym / Fitness Center -> Coffee Shop -> Subway -> Office -> Food & Drink Shop,5,0.020892687559354226,44,0.020892687559354226
Gym / Fitness Center -> Office -> Food & Drink Shop -> Park -> Food & Drink Shop,5,0.020892687559354226,44,0.020892687559354226
Gym / Fitness Center -> Park -> Coffee Shop -> Office -> Food & Drink Shop,5,0.020892687559354226,44,0.020892687559354226
Office -> Building -> Coffee Shop -> Office -> Food & Drink Shop,5,0.020892687559354226,44,0.020892687559354226
Park -> Office -> Building -> Office -> Food & Drink Shop,5,0.020892687559354226,44,0.020892687559354226
Park -> Subway -> Office -> Park -> Food & Drink Shop,5,0.020892687559354226,44,0.020892687559354226
Subway -> Office -> Park -> Office -> Food & Drink Shop,5,0.020892687559354226,44,0.020892687559354226
Hotel -> Train Station -> Coffee Shop,3,0.02076749435665914,46,0.02076749435665914
American Restaurant -> Office -> Gym / Fitness Center -> Coffee Shop,4,0.02076749435665914,46,0.02076749435665914
Bank -> Office -> Building -> Coffee Shop,4,0.02076749435665914,46,0.02076749435665914
Building -> Coffee Shop -> Gym / Fitness Center -> Coffee Shop,4,0.02076749435665914,46,0.02076749435665914
Clothing Store -> Office -> Gym / Fitness Center -> Coffee Shop,4,0.02076749435665914,46,0.02076749435665914
Coffee Shop -> Building -> Gym / Fitness Center -> Coffee Shop,4,0.02076749435665914,46,0.02076749435665914
Coffee Shop -> Office -> Neighborhood -> Coffee Shop,4,0.02076749435665914,46,0.02076749435665914
Deli / Bodega -> Bank -> Office -> Coffee Shop,4,0.02076749435665914,46,0.02076749435665914
Drugstore / Pharmacy -> Office -> Deli / Bodega -> Coffee Shop,4,0.02076749435665914,46,0.02076749435665914
Gym / Fitness Center -> Coffee Shop -> Clothing Store -> Coffee Shop,4,0.02076749435665914,46,0.02076749435665914
Gym / Fitness Center -> Coffee Shop -> College Academic Building -> Coffee Shop,4,0.02076749435665914,46,0.02076749435665914
Hotel -> Train Station -> Coffee Shop -> Train Station,4,0.02076749435665914,66,0.031473533619456366
Subway -> Neighborhood -> Office -> Coffee Shop,4,0.02076749435665914,46,0.02076749435665914
American Restaurant -> Office -> Gym / Fitness Center -> Coffee Shop -> Clothing Store,5,0.02076749435665914,19,0.021689497716894976
Building -> Coffee Shop -> Clothing Store -> Office -> Coffee Shop,5,0.02076749435665914,46,0.02076749435665914
Clothing Store -> Office -> Gym / Fitness Center -> Coffee Shop -> Clothing Store,5,0.02076749435665914,19,0.021689497716894976
Clothing Store -> Office -> Gym / Fitness Center -> Coffee Shop -> Hotel,5,0.02076749435665914,21,0.02497027348394768
Coffee Shop -> Office -> Drugstore / Pharmacy -> Office -> Coffee Shop,5,0.02076749435665914,46,0.02076749435665914
Drugstore / Pharmacy -> Office -> Deli / Bodega -> Coffee Shop -> Clothing Store,5,0.02076749435665914,22,0.02511415525114155
Drugstore / Pharmacy -> Office -> Deli / Bodega -> Coffee Shop -> Office,5,0.02076749435665914,86,0.022890604205483098
Gym / Fitness Center -> Building -> Office -> Deli / Bodega -> Coffee Shop,5,0.02076749435665914,46,0.02076749435665914
Gym / Fitness Center -> Coffee Shop -> Clothing Store -> Coffee Shop -> Clothing Store,5,0.02076749435665914,26,0.02968036529680365
Gym / Fitness Center -> Coffee Shop -> Deli / Bodega -> Office -> Coffee Shop,5,0.02076749435665914,46,0.02076749435665914
Gym / Fitness Center -> Office -> Bar -> Office -> Coffee Shop,5,0.02076749435665914,46,0.02076749435665914
Gym / Fitness Center -> Park -> Deli / Bodega -> Office -> Coffee Shop,5,0.02076749435665914,46,0.02076749435665914
Hotel -> Coffee Shop -> Office -> Building -> Coffee Shop,5,0.02076749435665914,46,0.02076749435665914
Office -> Building -> Coffee Shop -> Deli / Bodega -> Coffee Shop,5,0.02076749435665914,46,0.02076749435665914
Office -> Building -> Office -> Clothing Store -> Coffee Shop,5,0.02076749435665914,46,0.02076749435665914
Office -> Deli / Bodega -> Office -> Food & Drink Shop -> Coffee Shop,5,0.02076749435665914,46,0.02076749435665914
Office -> Gym / Fitness Center -> Office -> Subway -> Coffee Shop,5,0.02076749435665914,46,0.02076749435665914
Office -> Hotel -> Office -> Building -> Coffee Shop,5,0.02076749435665914,46,0.02076749435665914
Office -> Subway -> Clothing Store -> Office -> Coffee Shop,5,0.02076749435665914,46,0.02076749435665914
Office -> Subway -> Deli / Bodega -> Office -> Coffee Shop,5,0.02076749435665914,46,0.02076749435665914
Office -> Subway -> Gym / Fitness Center -> Office -> Coffee Shop,5,0.02076749435665914,46,0.02076749435665914
Office -> Subway -> Office -> Subway -> Coffee Shop,5,0.02076749435665914,46,0.02076749435665914
Office -> Train Station -> Office -> Deli / Bodega -> Coffee Shop,5,0.02076749435665914,46,0.02076749435665914
Drugstore / Pharmacy -> Gym / Fitness Center -> Office,3,0.020761245674740483,78,0.020761245674740483
Building -> Gym / Fitness Center -> Coffee Shop -> Office,4,0.020761245674740483,78,0.020761245674740483
Coffee Shop -> Building -> Clothing Store -> Office,4,0.020761245674740483,78,0.020761245674740483
Hotel -> Coffee Shop -> Deli / Bodega -> Office,4,0.020761245674740483,78,0.020761245674740483
Hotel -> Coffee Shop -> Gym / Fitness Center -> Office,4,0.020761245674740483,78,0.020761245674740483
Park -> Coffee Shop -> Neighborhood -> Office,4,0.020761245674740483,78,0.020761245674740483
Subway -> Office -> Drugstore / Pharmacy -> Office,4,0.020761245674740483,78,0.020761245674740483
Train Station -> Building -> Train Station -> Office,4,0.020761245674740483,78,0.020761245674740483
Building -> Bank -> Office -> Coffee Shop -> Office,5,0.020761245674740483,78,0.020761245674740483
Building -> Gym / Fitness Center -> Coffee Shop -> Office -> Clothing Store,5,0.020761245674740483,21,0.023972602739726026
Coffee Shop -> Building -> Clothing Store -> Office -> Clothing Store,5,0.020761245674740483,29,0.033105022831050226
Coffee Shop -> Building -> Clothing Store -> Office -> Hotel,5,0.020761245674740483,18,0.02140309155766944
Coffee Shop -> Building -> Clothing Store -> Office -> Train Station,5,0.020761245674740483,44,0.020982355746304245
Coffee Shop -> Hotel -> Office -> Building -> Office,5,0.020761245674740483,78,0.020761245674740483
Deli / Bodega -> Coffee Shop -> Office -> Food & Drink Shop -> Office,5,0.020761245674740483,78,0.020761245674740483
Deli / Bodega -> Coffee Shop -> Office -> Hotel -> Office,5,0.020761245674740483,78,0.020761245674740483
Deli / Bodega -> Coffee Shop -> Office -> Neighborhood -> Office,5,0.020761245674740483,78,0.020761245674740483
Deli / Bodega -> Gym / Fitness Center -> Office -> Food & Drink Shop -> Office,5,0.020761245674740483,78,0.020761245674740483
Deli / Bodega -> Office -> Gym / Fitness Center -> Deli / Bodega -> Office,5,0.020761245674740483,78,0.020761245674740483
Gym / Fitness Center -> Office -> Coffee Shop -> Food & Drink Shop -> Office,5,0.020761245674740483,78,0.020761245674740483
Hotel -> Coffee Shop -> Deli / Bodega -> Office -> Bank,5,0.020761245674740483,13,0.021035598705501618
Hotel -> Coffee Shop -> Deli / Bodega -> Office -> Deli / Bodega,5,0.020761245674740483,26,0.021189894050529748
Hotel -> Coffee Shop -> Gym / Fitness Center -> Office -> Clothing Store,5,0.020761245674740483,26,0.02968036529680365
Hotel -> Gym / Fitness Center -> Office -> Gym / Fitness Center -> Office,5,0.020761245674740483,78,0.020761245674740483
Hotel -> Office -> Gym / Fitness Center -> Coffee Shop -> Office,5,0.020761245674740483,78,0.020761245674740483
Subway -> Coffee Shop -> Office -> Hotel -> Office,5,0.020761245674740483,78,0.020761245674740483
Train Station -> Building -> Train Station -> Office -> Clothing Store,5,0.020761245674740483,23,0.026255707762557076
Train Station -> Building -> Train Station -> Office -> Train Station,5,0.020761245674740483,62,0.02956604673342871
Train Station -> Office -> Train Station -> Building -> Office,5,0.020761245674740483,78,0.020761245674740483
Coffee Shop -> Clothing Store -> Neighborhood,3,0.02072538860103627,28,0.02072538860103627
Park -> Gym / Fitness Center -> Neighborhood,3,0.02072538860103627,28,0.02072538860103627
Gym / Fitness Center -> Office -> Building -> Neighborhood,4,0.02072538860103627,28,0.02072538860103627
Gym / Fitness Center -> Park -> Office -> Neighborhood,4,0.02072538860103627,28,0.02072538860103627
Gym / Fitness Center -> Subway -> Office -> Neighborhood,4,0.02072538860103627,28,0.02072538860103627
Office -> Building -> Coffee Shop -> Neighborhood,4,0.02072538860103627,28,0.02072538860103627
Park -> Gym / Fitness Center -> Neighborhood -> Office,4,0.02072538860103627,81,0.021559755123768964
Subway -> Office -> Coffee Shop -> Neighborhood,4,0.02072538860103627,28,0.02072538860103627
Coffee Shop -> Office -> Gym / Fitness Center -> Office -> Neighborhood,5,0.02072538860103627,28,0.02072538860103627
Gym / Fitness Center -> Park -> Office -> Neighborhood -> Office,5,0.02072538860103627,108,0.028746340165025287
Gym / Fitness Center -> Subway -> Office -> Neighborhood -> Office,5,0.02072538860103627,95,0.02528613255256854
Office -> Deli / Bodega -> Coffee Shop -> Office -> Neighborhood,5,0.02072538860103627,28,0.02072538860103627
Building -> Coffee Shop -> Bar,3,0.020713463751438434,90,0.020713463751438434
Hotel -> Coffee Shop -> Bar,3,0.020713463751438434,90,0.020713463751438434
Building -> Coffee Shop -> Bar -> Hotel,4,0.020713463751438434,30,0.0356718192627824
Coffee Shop -> Bar -> Clothing Store -> Bar,4,0.020713463751438434,90,0.020713463751438434
Hotel -> Coffee Shop -> Bar -> Hotel,4,0.020713463751438434,31,0.036860879904875146
Coffee Shop -> Bar -> Clothing Store -> Bar -> American Restaurant,5,0.020713463751438434,22,0.021052631578947368
Coffee Shop -> Bar -> Clothing Store -> Bar -> Hotel,5,0.020713463751438434,20,0.023781212841854936
Office -> Bar -> Office -> Subway,4,0.020652898067954697,62,0.020652898067954697
American Restaurant -> Other Great Outdoors,2,0.02061211742660837,33,0.02061211742660837
American Restaurant -> Office -> Drugstore / Pharmacy,3,0.020556227327690448,17,0.020556227327690448
Bar -> Pizza Place -> Drugstore / Pharmacy,3,0.020556227327690448,17,0.020556227327690448
Bar -> Subway -> Drugstore / Pharmacy,3,0.020556227327690448,17,0.020556227327690448
Clothing Store -> Gym / Fitness Center -> Drugstore / Pharmacy,3,0.020556227327690448,17,0.020556227327690448
Drugstore / Pharmacy -> Gym / Fitness Center -> Drugstore / Pharmacy,3,0.020556227327690448,17,0.020556227327690448
Hotel -> Gym / Fitness Center -> Drugstore / Pharmacy,3,0.020556227327690448,17,0.020556227327690448
Office -> Train Station -> Drugstore / Pharmacy,3,0.020556227327690448,17,0.020556227327690448
Coffee Shop -> Building -> Coffee Shop -> Drugstore / Pharmacy,4,0.020556227327690448,17,0.020556227327690448
Coffee Shop -> Food & Drink Shop -> Office -> Drugstore / Pharmacy,4,0.020556227327690448,17,0.020556227327690448
Coffee Shop -> Office -> Bar -> Drugstore / Pharmacy,4,0.020556227327690448,17,0.020556227327690448
Deli / Bodega -> Subway -> Office -> Drugstore / Pharmacy,4,0.020556227327690448,17,0.020556227327690448
Gym / Fitness Center -> Building -> Office -> Drugstore / Pharmacy,4,0.020556227327690448,17,0.020556227327690448
Gym / Fitness Center -> Office -> Deli / Bodega -> Drugstore / Pharmacy,4,0.020556227327690448,17,0.020556227327690448
Gym / Fitness Center -> Office -> Neighborhood -> Drugstore / Pharmacy,4,0.020556227327690448,17,0.020556227327690448
Gym / Fitness Center -> Office -> Park -> Drugstore / Pharmacy,4,0.020556227327690448,17,0.020556227327690448
Hotel -> Office -> Gym / Fitness Center -> Drugstore / Pharmacy,4,0.020556227327690448,17,0.020556227327690448
Office -> Clothing Store -> Office -> Drugstore / Pharmacy,4,0.020556227327690448,17,0.020556227327690448
Office -> Coffee Shop -> Subway -> Drugstore / Pharmacy,4,0.020556227327690448,17,0.020556227327690448
Office -> Deli / Bodega -> Coffee Shop -> Drugstore / Pharmacy,4,0.020556227327690448,17,0.020556227327690448
Building -> Office -> Building -> Office -> Drugstore / Pharmacy,5,0.020556227327690448,17,0.020556227327690448
Coffee Shop -> Office -> Clothing Store -> Office -> Drugstore / Pharmacy,5,0.020556227327690448,17,0.020556227327690448
Coffee Shop -> Office -> Neighborhood -> Office -> Drugstore / Pharmacy,5,0.020556227327690448,17,0.020556227327690448
Deli / Bodega -> Office -> Neighborhood -> Office -> Drugstore / Pharmacy,5,0.020556227327690448,17,0.020556227327690448
Gym / Fitness Center -> Coffee Shop -> Office -> Food & Drink Shop -> Drugstore / Pharmacy,5,0.020556227327690448,17,0.020556227327690448
Office -> Coffee Shop -> Hotel -> Office -> Drugstore / Pharmacy,5,0.020556227327690448,17,0.020556227327690448
Office -> Coffee Shop -> Office -> Building -> Drugstore / Pharmacy,5,0.020556227327690448,17,0.020556227327690448
Office -> Coffee Shop -> Office -> Deli / Bodega -> Drugstore / Pharmacy,5,0.020556227327690448,17,0.020556227327690448
Office -> Gym / Fitness Center -> Coffee Shop -> Office -> Drugstore / Pharmacy,5,0.020556227327690448,17,0.020556227327690448
Park -> Coffee Shop -> Gym / Fitness Center -> Office -> Drugstore / Pharmacy,5,0.020556227327690448,17,0.020556227327690448
Park -> Subway -> Coffee Shop -> Office -> Drugstore / Pharmacy,5,0.020556227327690448,17,0.020556227327690448
American Restaurant -> Subway -> Clothing Store,3,0.02054794520547945,18,0.02054794520547945
Coffee Shop -> Bank -> Clothing Store,3,0.02054794520547945,18,0.02054794520547945
College Academic Building -> American Restaurant -> Clothing Store,3,0.02054794520547945,18,0.02054794520547945
Food & Drink Shop -> Hotel -> Clothing Store,3,0.02054794520547945,18,0.02054794520547945
Other Great Outdoors -> Office -> Clothing Store,3,0.02054794520547945,18,0.02054794520547945
American Restaurant -> Deli / Bodega -> Office -> Clothing Store,4,0.02054794520547945,18,0.02054794520547945
American Restaurant -> Office -> Bar -> Clothing Store,4,0.02054794520547945,18,0.02054794520547945
Bar -> Clothing Store -> Bar -> Clothing Store,4,0.02054794520547945,18,0.02054794520547945
Bar -> Gym / Fitness Center -> American Restaurant -> Clothing Store,4,0.02054794520547945,18,0.02054794520547945
Bar -> Gym / Fitness Center -> Bar -> Clothing Store,4,0.02054794520547945,18,0.02054794520547945
Bar -> Gym / Fitness Center -> Building -> Clothing Store,4,0.02054794520547945,18,0.02054794520547945
Bar -> Office -> Bar -> Clothing Store,4,0.02054794520547945,18,0.02054794520547945
Building -> Bar -> Office -> Clothing Store,4,0.02054794520547945,18,0.02054794520547945
Building -> Coffee Shop -> Bar -> Clothing Store,4,0.02054794520547945,18,0.02054794520547945
Building -> Gym / Fitness Center -> Train Station -> Clothing Store,4,0.02054794520547945,18,0.02054794520547945
Bus Station -> Deli / Bodega -> Office -> Clothing Store,4,0.02054794520547945,18,0.02054794520547945
Coffee Shop -> Bar -> Park -> Clothing Store,4,0.02054794520547945,18,0.02054794520547945
Coffee Shop -> Bar -> Train Station -> Clothing Store,4,0.02054794520547945,18,0.02054794520547945
Coffee Shop -> Hotel -> Bar -> Clothing Store,4,0.02054794520547945,18,0.02054794520547945
Deli / Bodega -> Bar -> Office -> Clothing Store,4,0.02054794520547945,18,0.02054794520547945
Deli / Bodega -> Building -> Park -> Clothing Store,4,0.02054794520547945,18,0.02054794520547945
Deli / Bodega -> Coffee Shop -> American Restaurant -> Clothing Store,4,0.02054794520547945,18,0.02054794520547945
Drugstore / Pharmacy -> Gym / Fitness Center -> Office -> Clothing Store,4,0.02054794520547945,18,0.02054794520547945
Food & Drink Shop -> Gym / Fitness Center -> American Restaurant -> Clothing Store,4,0.02054794520547945,18,0.02054794520547945
Food & Drink Shop -> Park -> American Restaurant -> Clothing Store,4,0.02054794520547945,18,0.02054794520547945
Gym / Fitness Center -> Bar -> Food & Drink Shop -> Clothing Store,4,0.02054794520547945,18,0.02054794520547945
Gym / Fitness Center -> Office -> Neighborhood -> Clothing Store,4,0.02054794520547945,18,0.02054794520547945
Neighborhood -> Deli / Bodega -> Office -> Clothing Store,4,0.02054794520547945,18,0.02054794520547945
Office -> American Restaurant -> Food & Drink Shop -> Clothing Store,4,0.02054794520547945,18,0.02054794520547945
Park -> Neighborhood -> Office -> Clothing Store,4,0.02054794520547945,18,0.02054794520547945
Train Station -> Coffee Shop -> Building -> Clothing Store,4,0.02054794520547945,18,0.02054794520547945
Train Station -> Office -> Hotel -> Clothing Store,4,0.02054794520547945,18,0.02054794520547945
American Restaurant -> Deli / Bodega -> Office -> Coffee Shop -> Clothing Store,5,0.02054794520547945,18,0.02054794520547945
American Restaurant -> Office -> Coffee Shop -> Building -> Clothing Store,5,0.02054794520547945,18,0.02054794520547945
Bar -> Coffee Shop -> Office -> Gym / Fitness Center -> Clothing Store,5,0.02054794520547945,18,0.02054794520547945
Bar -> Deli / Bodega -> Office -> Deli / Bodega -> Clothing Store,5,0.02054794520547945,18,0.02054794520547945
Building -> Office -> Clothing Store -> Building -> Clothing Store,5,0.02054794520547945,18,0.02054794520547945
Building -> Subway -> Office -> Deli / Bodega -> Clothing Store,5,0.02054794520547945,18,0.02054794520547945
Coffee Shop -> Bar -> Office -> Food & Drink Shop -> Clothing Store,5,0.02054794520547945,18,0.02054794520547945
Coffee Shop -> Clothing Store -> Office -> Park -> Clothing Store,5,0.02054794520547945,18,0.02054794520547945
Coffee Shop -> Deli / Bodega -> Office -> Subway -> Clothing Store,5,0.02054794520547945,18,0.02054794520547945
Coffee Shop -> Gym / Fitness Center -> Coffee Shop -> American Restaurant -> Clothing Store,5,0.02054794520547945,18,0.02054794520547945
Coffee Shop -> Gym / Fitness Center -> Deli / Bodega -> Office -> Clothing Store,5,0.02054794520547945,18,0.02054794520547945
Coffee Shop -> Gym / Fitness Center -> Park -> Office -> Clothing Store,5,0.02054794520547945,18,0.02054794520547945
Coffee Shop -> Office -> Deli / Bodega -> Building -> Clothing Store,5,0.02054794520547945,18,0.02054794520547945
Coffee Shop -> Office -> Park -> American Restaurant -> Clothing Store,5,0.02054794520547945,18,0.02054794520547945
Deli / Bodega -> Food & Drink Shop -> Office -> Gym / Fitness Center -> Clothing Store,5,0.02054794520547945,18,0.02054794520547945
Deli / Bodega -> Gym / Fitness Center -> Office -> Building -> Clothing Store,5,0.02054794520547945,18,0.02054794520547945
Deli / Bodega -> Office -> Building -> Park -> Clothing Store,5,0.02054794520547945,18,0.02054794520547945
Deli / Bodega -> Office -> Clothing Store -> Deli / Bodega -> Clothing Store,5,0.02054794520547945,18,0.02054794520547945
Deli / Bodega -> Office -> Coffee Shop -> Park -> Clothing Store,5,0.02054794520547945,18,0.02054794520547945
Deli / Bodega -> Office -> Deli / Bodega -> Gym / Fitness Center -> Clothing Store,5,0.02054794520547945,18,0.02054794520547945
Deli / Bodega -> Office -> Gym / Fitness Center -> Building -> Clothing Store,5,0.02054794520547945,18,0.02054794520547945
Deli / Bodega -> Office -> Gym / Fitness Center -> Train Station -> Clothing Store,5,0.02054794520547945,18,0.02054794520547945
Deli / Bodega -> Office -> Subway -> Gym / Fitness Center -> Clothing Store,5,0.02054794520547945,18,0.02054794520547945
Deli / Bodega -> Park -> Office -> Gym / Fitness Center -> Clothing Store,5,0.02054794520547945,18,0.02054794520547945
Deli / Bodega -> Park -> Office -> Park -> Clothing Store,5,0.02054794520547945,18,0.02054794520547945
Food & Drink Shop -> Office -> Coffee Shop -> Food & Drink Shop -> Clothing Store,5,0.02054794520547945,18,0.02054794520547945
Food & Drink Shop -> Office -> Gym / Fitness Center -> Bar -> Clothing Store,5,0.02054794520547945,18,0.02054794520547945
Gym / Fitness Center -> Coffee Shop -> Neighborhood -> Office -> Clothing Store,5,0.02054794520547945,18,0.02054794520547945
Gym / Fitness Center -> Neighborhood -> Office -> Food & Drink Shop -> Clothing Store,5,0.02054794520547945,18,0.02054794520547945
Gym / Fitness Center -> Office -> Clothing Store -> Food & Drink Shop -> Clothing Store,5,0.02054794520547945,18,0.02054794520547945
Gym / Fitness Center -> Office -> Food & Drink Shop -> American Restaurant -> Clothing Store,5,0.02054794520547945,18,0.02054794520547945
Gym / Fitness Center -> Office -> Food & Drink Shop -> Gym / Fitness Center -> Clothing Store,5,0.02054794520547945,18,0.02054794520547945
Gym / Fitness Center -> Park -> Building -> Office -> Clothing Store,5,0.02054794520547945,18,0.02054794520547945
Gym / Fitness Center -> Park -> Coffee Shop -> Office -> Clothing Store,5,0.02054794520547945,18,0.02054794520547945
Gym / Fitness Center -> Subway -> Office -> Deli / Bodega -> Clothing Store,5,0.02054794520547945,18,0.02054794520547945
Hotel -> Gym / Fitness Center -> Office -> Park -> Clothing Store,5,0.02054794520547945,18,0.02054794520547945
Hotel -> Office -> Coffee Shop -> Hotel -> Clothing Store,5,0.02054794520547945,18,0.02054794520547945
Neighborhood -> Gym / Fitness Center -> Office -> Food & Drink Shop -> Clothing Store,5,0.02054794520547945,18,0.02054794520547945
Neighborhood -> Subway -> Office -> Gym / Fitness Center -> Clothing Store,5,0.02054794520547945,18,0.02054794520547945
Office -> American Restaurant -> Office -> Gym / Fitness Center -> Clothing Store,5,0.02054794520547945,18,0.02054794520547945
Office -> Bank -> Deli / Bodega -> Office -> Clothing Store,5,0.02054794520547945,18,0.02054794520547945
Office -> Bar -> Gym / Fitness Center -> Coffee Shop -> Clothing Store,5,0.02054794520547945,18,0.02054794520547945
Office -> Building -> Bank -> Office -> Clothing Store,5,0.02054794520547945,18,0.02054794520547945
Office -> Building -> Office -> Park -> Clothing Store,5,0.02054794520547945,18,0.02054794520547945
Office -> Building -> Subway -> Coffee Shop -> Clothing Store,5,0.02054794520547945,18,0.02054794520547945
Office -> Clothing Store -> Coffee Shop -> Gym / Fitness Center -> Clothing Store,5,0.02054794520547945,18,0.02054794520547945
Office -> Coffee Shop -> Bar -> Train Station -> Clothing Store,5,0.02054794520547945,18,0.02054794520547945
Office -> Coffee Shop -> Food & Drink Shop -> Gym / Fitness Center -> Clothing Store,5,0.02054794520547945,18,0.02054794520547945
Office -> Coffee Shop -> Gym / Fitness Center -> Park -> Clothing Store,5,0.02054794520547945,18,0.02054794520547945
Office -> Coffee Shop -> Park -> Food & Drink Shop -> Clothing Store,5,0.02054794520547945,18,0.02054794520547945
Office -> Deli / Bodega -> Office -> American Restaurant -> Clothing Store,5,0.02054794520547945,18,0.02054794520547945
Office -> Hotel -> Office -> Hotel -> Clothing Store,5,0.02054794520547945,18,0.02054794520547945
Office -> Park -> Deli / Bodega -> Office -> Clothing Store,5,0.02054794520547945,18,0.02054794520547945
Office -> Park -> Gym / Fitness Center -> Bar -> Clothing Store,5,0.02054794520547945,18,0.02054794520547945
Office -> Train Station -> Office -> Hotel -> Clothing Store,5,0.02054794520547945,18,0.02054794520547945
Park -> Coffee Shop -> Office -> Coffee Shop -> Clothing Store,5,0.02054794520547945,18,0.02054794520547945
Park -> Gym / Fitness Center -> Office -> Subway -> Clothing Store,5,0.02054794520547945,18,0.02054794520547945
Subway -> Coffee Shop -> Office -> Train Station -> Clothing Store,5,0.02054794520547945,18,0.02054794520547945
Subway -> Deli / Bodega -> Office -> Building -> Clothing Store,5,0.02054794520547945,18,0.02054794520547945
Subway -> Office -> Bar -> Gym / Fitness Center -> Clothing Store,5,0.02054794520547945,18,0.02054794520547945
Subway -> Office -> Coffee Shop -> Park -> Clothing Store,5,0.02054794520547945,18,0.02054794520547945
Subway -> Office -> Gym / Fitness Center -> Train Station -> Clothing Store,5,0.02054794520547945,18,0.02054794520547945
Subway -> Office -> Subway -> Gym / Fitness Center -> Clothing Store,5,0.02054794520547945,18,0.02054794520547945
Coffee Shop -> Drugstore / Pharmacy -> Park,3,0.02054340622929092,31,0.02054340622929092
Gym / Fitness Center -> Hotel -> Park,3,0.02054340622929092,31,0.02054340622929092
Neighborhood -> Coffee Shop -> Park,3,0.02054340622929092,31,0.02054340622929092
Park -> Hotel -> Park,3,0.02054340622929092,31,0.02054340622929092
Bank -> Office -> Gym / Fitness Center -> Park,4,0.02054340622929092,31,0.02054340622929092
Bar -> Coffee Shop -> Office -> Park,4,0.02054340622929092,31,0.02054340622929092
Coffee Shop -> American Restaurant -> Gym / Fitness Center -> Park,4,0.02054340622929092,31,0.02054340622929092
Coffee Shop -> Bar -> Office -> Park,4,0.02054340622929092,31,0.02054340622929092
Coffee Shop -> Office -> Drugstore / Pharmacy -> Park,4,0.02054340622929092,31,0.02054340622929092
Coffee Shop -> Park -> Building -> Park,4,0.02054340622929092,31,0.02054340622929092
College Academic Building -> Office -> Food & Drink Shop -> Park,4,0.02054340622929092,31,0.02054340622929092
Gym / Fitness Center -> Office -> Bank -> Park,4,0.02054340622929092,31,0.02054340622929092
Gym / Fitness Center -> Park -> American Restaurant -> Park,4,0.02054340622929092,31,0.02054340622929092
Gym / Fitness Center -> Subway -> Clothing Store -> Park,4,0.02054340622929092,31,0.02054340622929092
Neighborhood -> Deli / Bodega -> Office -> Park,4,0.02054340622929092,31,0.02054340622929092
Office -> Bar -> Clothing Store -> Park,4,0.02054340622929092,31,0.02054340622929092
Office -> Building -> Coffee Shop -> Park,4,0.02054340622929092,31,0.02054340622929092
Office -> Deli / Bodega -> Building -> Park,4,0.02054340622929092,31,0.02054340622929092
Office -> Neighborhood -> Gym / Fitness Center -> Park,4,0.02054340622929092,31,0.02054340622929092
Park -> Subway -> Gym / Fitness Center -> Park,4,0.02054340622929092,31,0.02054340622929092
Bar -> Office -> Coffee Shop -> Office -> Park,5,0.02054340622929092,31,0.02054340622929092
Bar -> Office -> Deli / Bodega -> Office -> Park,5,0.02054340622929092,31,0.02054340622929092
Building -> Coffee Shop -> Office -> Deli / Bodega -> Park,5,0.02054340622929092,31,0.02054340622929092
Building -> Deli / Bodega -> Coffee Shop -> Office -> Park,5,0.02054340622929092,31,0.02054340622929092
Building -> Office -> Clothing Store -> Office -> Park,5,0.02054340622929092,31,0.02054340622929092
Coffee Shop -> Food & Drink Shop -> Office -> Clothing Store -> Park,5,0.02054340622929092,31,0.02054340622929092
Coffee Shop -> Gym / Fitness Center -> Food & Drink Shop -> Clothing Store -> Park,5,0.02054340622929092,31,0.02054340622929092
Coffee Shop -> Hotel -> Office -> Gym / Fitness Center -> Park,5,0.02054340622929092,31,0.02054340622929092
Coffee Shop -> Neighborhood -> Office -> Coffee Shop -> Park,5,0.02054340622929092,31,0.02054340622929092
Coffee Shop -> Office -> Clothing Store -> Gym / Fitness Center -> Park,5,0.02054340622929092,31,0.02054340622929092
Coffee Shop -> Office -> Subway -> Gym / Fitness Center -> Park,5,0.02054340622929092,31,0.02054340622929092
Deli / Bodega -> Coffee Shop -> Office -> Gym / Fitness Center -> Park,5,0.02054340622929092,31,0.02054340622929092
Deli / Bodega -> Office -> Gym / Fitness Center -> Food & Drink Shop -> Park,5,0.02054340622929092,31,0.02054340622929092
Deli / Bodega -> Park -> Deli / Bodega -> Office -> Park,5,0.02054340622929092,31,0.02054340622929092
Deli / Bodega -> Park -> Office -> Deli / Bodega -> Park,5,0.02054340622929092,31,0.02054340622929092
Drugstore / Pharmacy -> Office -> Deli / Bodega -> Office -> Park,5,0.02054340622929092,31,0.02054340622929092
Food & Drink Shop -> Office -> Gym / Fitness Center -> Food & Drink Shop -> Park,5,0.02054340622929092,31,0.02054340622929092
Food & Drink Shop -> Office -> Park -> Gym / Fitness Center -> Park,5,0.02054340622929092,31,0.02054340622929092
Food & Drink Shop -> Park -> Food & Drink Shop -> Clothing Store -> Park,5,0.02054340622929092,31,0.02054340622929092
Gym / Fitness Center -> Deli / Bodega -> Office -> Clothing Store -> Park,5,0.02054340622929092,31,0.02054340622929092
Gym / Fitness Center -> Neighborhood -> Office -> Food & Drink Shop -> Park,5,0.02054340622929092,31,0.02054340622929092
Gym / Fitness Center -> Office -> Building -> Deli / Bodega -> Park,5,0.02054340622929092,31,0.02054340622929092
Gym / Fitness Center -> Office -> Deli / Bodega -> Gym / Fitness Center -> Park,5,0.02054340622929092,31,0.02054340622929092
Gym / Fitness Center -> Subway -> Clothing Store -> Park -> Clothing Store,5,0.02054340622929092,23,0.026255707762557076
Neighborhood -> Coffee Shop -> Gym / Fitness Center -> Office -> Park,5,0.02054340622929092,31,0.02054340622929092
Office -> Coffee Shop -> Food & Drink Shop -> Office -> Park,5,0.02054340622929092,31,0.02054340622929092
Office -> Food & Drink Shop -> Office -> Gym / Fitness Center -> Park,5,0.02054340622929092,31,0.02054340622929092
Office -> Gym / Fitness Center -> Neighborhood -> Office -> Park,5,0.02054340622929092,31,0.02054340622929092
Office -> Park -> Office -> Coffee Shop -> Park,5,0.02054340622929092,31,0.02054340622929092
Park -> Coffee Shop -> Office -> Coffee Shop -> Park,5,0.02054340622929092,31,0.02054340622929092
Park -> Food & Drink Shop -> Office -> Gym / Fitness Center -> Park,5,0.02054340622929092,31,0.02054340622929092
Subway -> Coffee Shop -> Office -> Clothing Store -> Park,5,0.02054340622929092,31,0.02054340622929092
Subway -> Office -> Subway -> Gym / Fitness Center -> Park,5,0.02054340622929092,31,0.02054340622929092
Bar -> Gym / Fitness Center -> College Academic Building,3,0.020542920029347028,28,0.020542920029347028
Coffee Shop -> Subway -> College Academic Building,3,0.020542920029347028,28,0.020542920029347028
Deli / Bodega -> Gym / Fitness Center -> College Academic Building,3,0.020542920029347028,28,0.020542920029347028
American Restaurant -> Office -> Deli / Bodega -> College Academic Building,4,0.020542920029347028,28,0.020542920029347028
Building -> Office -> Building -> College Academic Building,4,0.020542920029347028,28,0.020542920029347028
Gym / Fitness Center -> Office -> Clothing Store -> College Academic Building,4,0.020542920029347028,28,0.020542920029347028
Office -> Clothing Store -> Office -> College Academic Building,4,0.020542920029347028,28,0.020542920029347028
Park -> Coffee Shop -> Office -> College Academic Building,4,0.020542920029347028,28,0.020542920029347028
Subway -> Coffee Shop -> Office -> College Academic Building,4,0.020542920029347028,28,0.020542920029347028
Subway -> Office -> Gym / Fitness Center -> College Academic Building,4,0.020542920029347028,28,0.020542920029347028
Building -> Office -> Building -> Office -> College Academic Building,5,0.020542920029347028,28,0.020542920029347028
Coffee Shop -> Office -> Coffee Shop -> Gym / Fitness Center -> College Academic Building,5,0.020542920029347028,28,0.020542920029347028
Deli / Bodega -> Building -> Office -> Coffee Shop -> College Academic Building,5,0.020542920029347028,28,0.020542920029347028
Gym / Fitness Center -> Coffee Shop -> Deli / Bodega -> Coffee Shop -> College Academic Building,5,0.020542920029347028,28,0.020542920029347028
Gym / Fitness Center -> Deli / Bodega -> Office -> Deli / Bodega -> College Academic Building,5,0.020542920029347028,28,0.020542920029347028
Gym / Fitness Center -> Office -> Building -> Coffee Shop -> College Academic Building,5,0.020542920029347028,28,0.020542920029347028
Hotel -> Office -> Deli / Bodega -> Office -> College Academic Building,5,0.020542920029347028,28,0.020542920029347028
Office -> Coffee Shop -> Office -> Building -> College Academic Building,5,0.020542920029347028,28,0.020542920029347028
Office -> Deli / Bodega -> Office -> Building -> College Academic Building,5,0.020542920029347028,28,0.020542920029347028
Office -> Gym / Fitness Center -> Office -> Coffee Shop -> College Academic Building,5,0.020542920029347028,28,0.020542920029347028
Subway -> Office -> Coffee Shop -> Office -> College Academic Building,5,0.020542920029347028,28,0.020542920029347028
Coffee Shop -> Drugstore / Pharmacy -> Gym / Fitness Center,3,0.02051702913418137,50,0.02051702913418137
Coffee Shop -> Train Station -> Gym / Fitness Center,3,0.02051702913418137,50,0.02051702913418137
Bar -> Gym / Fitness Center -> Office -> Gym / Fitness Center,4,0.02051702913418137,50,0.02051702913418137
Bar -> Office -> Coffee Shop -> Gym / Fitness Center,4,0.02051702913418137,50,0.02051702913418137
Coffee Shop -> Bar -> Office -> Gym / Fitness Center,4,0.02051702913418137,50,0.02051702913418137
Coffee Shop -> Train Station -> Gym / Fitness Center -> Clothing Store,4,0.02051702913418137,21,0.023972602739726026
Coffee Shop -> Train Station -> Gym / Fitness Center -> Hotel,4,0.02051702913418137,22,0.026159334126040427
Coffee Shop -> Train Station -> Gym / Fitness Center -> Train Station,4,0.02051702913418137,77,0.03671912255603243
Deli / Bodega -> Park -> Coffee Shop -> Gym / Fitness Center,4,0.02051702913418137,50,0.02051702913418137
Gym / Fitness Center -> Clothing Store -> Office -> Gym / Fitness Center,4,0.02051702913418137,50,0.02051702913418137
Gym / Fitness Center -> Subway -> Coffee Shop -> Gym / Fitness Center,4,0.02051702913418137,50,0.02051702913418137
Neighborhood -> Building -> Office -> Gym / Fitness Center,4,0.02051702913418137,50,0.02051702913418137
Park -> Gym / Fitness Center -> Park -> Gym / Fitness Center,4,0.02051702913418137,50,0.02051702913418137
Subway -> Office -> Clothing Store -> Gym / Fitness Center,4,0.02051702913418137,50,0.02051702913418137
Bar -> Gym / Fitness Center -> Office -> Gym / Fitness Center -> Office,5,0.02051702913418137,86,0.022890604205483098
Bar -> Office -> Coffee Shop -> Gym / Fitness Center -> Clothing Store,5,0.02051702913418137,21,0.023972602739726026
Building -> Coffee Shop -> Building -> Office -> Gym / Fitness Center,5,0.02051702913418137,50,0.02051702913418137
Coffee Shop -> Subway -> Building -> Office -> Gym / Fitness Center,5,0.02051702913418137,50,0.02051702913418137
Coffee Shop -> Train Station -> Gym / Fitness Center -> Train Station -> Hotel,5,0.02051702913418137,21,0.02497027348394768
Deli / Bodega -> Gym / Fitness Center -> Building -> Office -> Gym / Fitness Center,5,0.02051702913418137,50,0.02051702913418137
Deli / Bodega -> Office -> Train Station -> Office -> Gym / Fitness Center,5,0.02051702913418137,50,0.02051702913418137
Deli / Bodega -> Park -> Coffee Shop -> Gym / Fitness Center -> Office,5,0.02051702913418137,78,0.020761245674740483
Gym / Fitness Center -> Office -> Deli / Bodega -> Park -> Gym / Fitness Center,5,0.02051702913418137,50,0.02051702913418137
Gym / Fitness Center -> Park -> Office -> Coffee Shop -> Gym / Fitness Center,5,0.02051702913418137,50,0.02051702913418137
Gym / Fitness Center -> Subway -> Coffee Shop -> Gym / Fitness Center -> Office,5,0.02051702913418137,89,0.023689113654511578
Neighborhood -> Office -> Park -> Office -> Gym / Fitness Center,5,0.02051702913418137,50,0.02051702913418137
Office -> Food & Drink Shop -> Coffee Shop -> Office -> Gym / Fitness Center,5,0.02051702913418137,50,0.02051702913418137
Park -> Gym / Fitness Center -> Park -> Gym / Fitness Center -> Park,5,0.02051702913418137,37,0.024519549370444003
Subway -> Office -> Clothing Store -> Gym / Fitness Center -> Clothing Store,5,0.02051702913418137,34,0.03881278538812785
American Restaurant -> Building -> Office -> Train Station,4,0.02050548402479733,43,0.02050548402479733
Office -> Building -> Subway -> Train Station,4,0.02050548402479733,43,0.02050548402479733
Office -> Food & Drink Shop -> Coffee Shop -> Train Station,4,0.02050548402479733,43,0.02050548402479733
Bar -> Coffee Shop -> Office -> Gym / Fitness Center -> Train Station,5,0.02050548402479733,43,0.02050548402479733
Building -> Deli / Bodega -> Office -> Coffee Shop -> Train Station,5,0.02050548402479733,43,0.02050548402479733
Building -> Gym / Fitness Center -> Coffee Shop -> Office -> Train Station,5,0.02050548402479733,43,0.02050548402479733
Building -> Gym / Fitness Center -> Train Station -> Hotel -> Train Station,5,0.02050548402479733,43,0.02050548402479733
Building -> Office -> Clothing Store -> Coffee Shop -> Train Station,5,0.02050548402479733,43,0.02050548402479733
Building -> Office -> Train Station -> Hotel -> Train Station,5,0.02050548402479733,43,0.02050548402479733
Coffee Shop -> Gym / Fitness Center -> Train Station -> Hotel -> Train Station,5,0.02050548402479733,43,0.02050548402479733
Coffee Shop -> Office -> Coffee Shop -> Deli / Bodega -> Train Station,5,0.02050548402479733,43,0.02050548402479733
Deli / Bodega -> Office -> Food & Drink Shop -> Office -> Train Station,5,0.02050548402479733,43,0.02050548402479733
Gym / Fitness Center -> Office -> Deli / Bodega -> Gym / Fitness Center -> Train Station,5,0.02050548402479733,43,0.02050548402479733
Hotel -> Coffee Shop -> Gym / Fitness Center -> Office -> Train Station,5,0.02050548402479733,43,0.02050548402479733
Neighborhood -> Building -> Office -> Gym / Fitness Center -> Train Station,5,0.02050548402479733,43,0.02050548402479733
Office -> Hotel -> Office -> Building -> Train Station,5,0.02050548402479733,43,0.02050548402479733
Office -> Subway -> Building -> Office -> Train Station,5,0.02050548402479733,43,0.02050548402479733
Subway -> Office -> Bar -> Office -> Train Station,5,0.02050548402479733,43,0.02050548402479733
Subway -> Office -> Train Station -> Hotel -> Train Station,5,0.02050548402479733,43,0.02050548402479733
Bar -> Hotel -> Office,3,0.020495075858397657,77,0.020495075858397657
College Academic Building -> Coffee Shop -> Office,3,0.020495075858397657,77,0.020495075858397657
Food & Drink Shop -> Train Station -> Office,3,0.020495075858397657,77,0.020495075858397657
Bar -> Hotel -> Office -> Hotel,4,0.020495075858397657,33,0.039239001189060645
Bar -> Office -> Food & Drink Shop -> Office,4,0.020495075858397657,77,0.020495075858397657
Coffee Shop -> Hotel -> Coffee Shop -> Office,4,0.020495075858397657,77,0.020495075858397657
Coffee Shop -> Office -> College Academic Building -> Office,4,0.020495075858397657,77,0.020495075858397657
College Academic Building -> Coffee Shop -> Office -> Deli / Bodega,4,0.020495075858397657,32,0.026079869600651995
College Academic Building -> Office -> Building -> Office,4,0.020495075858397657,77,0.020495075858397657
Food & Drink Shop -> Train Station -> Office -> Clothing Store,4,0.020495075858397657,27,0.030821917808219176
Food & Drink Shop -> Train Station -> Office -> Deli / Bodega,4,0.020495075858397657,31,0.02526487367563162
Food & Drink Shop -> Train Station -> Office -> Train Station,4,0.020495075858397657,77,0.03671912255603243
Office -> Gym / Fitness Center -> Bank -> Office,4,0.020495075858397657,77,0.020495075858397657
Office -> Train Station -> Gym / Fitness Center -> Office,4,0.020495075858397657,77,0.020495075858397657
Subway -> Building -> Coffee Shop -> Office,4,0.020495075858397657,77,0.020495075858397657
Bar -> Office -> Food & Drink Shop -> Office -> Food & Drink Shop,5,0.020495075858397657,49,0.023266856600189935
Building -> Coffee Shop -> Office -> Hotel -> Office,5,0.020495075858397657,77,0.020495075858397657
Coffee Shop -> Building -> Coffee Shop -> Deli / Bodega -> Office,5,0.020495075858397657,77,0.020495075858397657
Coffee Shop -> Hotel -> Coffee Shop -> Office -> Clothing Store,5,0.020495075858397657,19,0.021689497716894976
Coffee Shop -> Hotel -> Coffee Shop -> Office -> Hotel,5,0.020495075858397657,18,0.02140309155766944
Coffee Shop -> Hotel -> Coffee Shop -> Office -> Train Station,5,0.020495075858397657,49,0.023366714353838816
Coffee Shop -> Office -> College Academic Building -> Office -> Clothing Store,5,0.020495075858397657,20,0.0228310502283105
Coffee Shop -> Office -> College Academic Building -> Office -> College Academic Building,5,0.020495075858397657,35,0.025678650036683785
Coffee Shop -> Office -> College Academic Building -> Office -> Deli / Bodega,5,0.020495075858397657,29,0.023634881825590873
Coffee Shop -> Office -> College Academic Building -> Office -> Park,5,0.020495075858397657,42,0.027833001988071572
Coffee Shop -> Office -> Gym / Fitness Center -> Park -> Office,5,0.020495075858397657,77,0.020495075858397657
Coffee Shop -> Office -> Neighborhood -> Coffee Shop -> Office,5,0.020495075858397657,77,0.020495075858397657
Coffee Shop -> Office -> Subway -> Gym / Fitness Center -> Office,5,0.020495075858397657,77,0.020495075858397657
College Academic Building -> Office -> Building -> Office -> Deli / Bodega,5,0.020495075858397657,29,0.023634881825590873
Deli / Bodega -> American Restaurant -> Office -> Coffee Shop -> Office,5,0.020495075858397657,77,0.020495075858397657
Deli / Bodega -> Coffee Shop -> Deli / Bodega -> Coffee Shop -> Office,5,0.020495075858397657,77,0.020495075858397657
Gym / Fitness Center -> Deli / Bodega -> Office -> Food & Drink Shop -> Office,5,0.020495075858397657,77,0.020495075858397657
Hotel -> Office -> Coffee Shop -> Deli / Bodega -> Office,5,0.020495075858397657,77,0.020495075858397657
Office -> Building -> Office -> Bar -> Office,5,0.020495075858397657,77,0.020495075858397657
Office -> Train Station -> Gym / Fitness Center -> Office -> Clothing Store,5,0.020495075858397657,32,0.0365296803652968
Office -> Train Station -> Gym / Fitness Center -> Office -> Hotel,5,0.020495075858397657,30,0.0356718192627824
Office -> Train Station -> Gym / Fitness Center -> Office -> Train Station,5,0.020495075858397657,71,0.03385789222699094
Office -> Train Station -> Office -> Gym / Fitness Center -> Office,5,0.020495075858397657,77,0.020495075858397657
Park -> Gym / Fitness Center -> Office -> Park -> Office,5,0.020495075858397657,77,0.020495075858397657
Park -> Office -> Deli / Bodega -> Building -> Office,5,0.020495075858397657,77,0.020495075858397657
Subway -> Building -> Coffee Shop -> Office -> Clothing Store,5,0.020495075858397657,25,0.028538812785388126
Subway -> Building -> Coffee Shop -> Office -> Hotel,5,0.020495075858397657,20,0.023781212841854936
Subway -> Office -> Coffee Shop -> Clothing Store -> Office,5,0.020495075858397657,77,0.020495075858397657
American Restaurant -> Clothing Store -> Bar,3,0.02048331415420023,89,0.02048331415420023
Bar -> Bus Station -> Bar,3,0.02048331415420023,89,0.02048331415420023
Bar -> Bus Station -> Bar -> Bus Station,4,0.02048331415420023,42,0.028455284552845527
Bar -> Bus Station -> Bar -> Hotel,4,0.02048331415420023,32,0.03804994054696789
Clothing Store -> Bar -> Gym / Fitness Center -> Bar,4,0.02048331415420023,89,0.02048331415420023
Clothing Store -> Office -> Gym / Fitness Center -> Bar,4,0.02048331415420023,89,0.02048331415420023
Coffee Shop -> Bar -> Coffee Shop -> Bar,4,0.02048331415420023,89,0.02048331415420023
Food & Drink Shop -> Coffee Shop -> Park -> Bar,4,0.02048331415420023,89,0.02048331415420023
Gym / Fitness Center -> Office -> Clothing Store -> Bar,4,0.02048331415420023,89,0.02048331415420023
Office -> Food & Drink Shop -> Coffee Shop -> Bar,4,0.02048331415420023,89,0.02048331415420023
Clothing Store -> Office -> Gym / Fitness Center -> Bar -> Hotel,5,0.02048331415420023,18,0.02140309155766944
Gym / Fitness Center -> Office -> Clothing Store -> Bar -> Clothing Store,5,0.02048331415420023,26,0.02968036529680365
Gym / Fitness Center -> Office -> Clothing Store -> Bar -> Hotel,5,0.02048331415420023,26,0.030915576694411414
Office -> Food & Drink Shop -> Coffee Shop -> Bar -> Hotel,5,0.02048331415420023,19,0.022592152199762187
Bar -> Park -> Food & Drink Shop,3,0.020417853751187084,43,0.020417853751187084
Park -> Subway -> Food & Drink Shop,3,0.020417853751187084,43,0.020417853751187084
Coffee Shop -> Food & Drink Shop -> Bar -> Food & Drink Shop,4,0.020417853751187084,43,0.020417853751187084
Coffee Shop -> Food & Drink Shop -> Coffee Shop -> Food & Drink Shop,4,0.020417853751187084,43,0.020417853751187084
Coffee Shop -> Park -> Office -> Food & Drink Shop,4,0.020417853751187084,43,0.020417853751187084
Deli / Bodega -> Office -> Subway -> Food & Drink Shop,4,0.020417853751187084,43,0.020417853751187084
Park -> Office -> Coffee Shop -> Food & Drink Shop,4,0.020417853751187084,43,0.020417853751187084
Coffee Shop -> Gym / Fitness Center -> Subway -> Office -> Food & Drink Shop,5,0.020417853751187084,43,0.020417853751187084
Coffee Shop -> Office -> Bank -> Office -> Food & Drink Shop,5,0.020417853751187084,43,0.020417853751187084
Deli / Bodega -> Office -> Bank -> Office -> Food & Drink Shop,5,0.020417853751187084,43,0.020417853751187084
Deli / Bodega -> Office -> Subway -> Food & Drink Shop -> Park,5,0.020417853751187084,31,0.02054340622929092
Food & Drink Shop -> Office -> Coffee Shop -> Office -> Food & Drink Shop,5,0.020417853751187084,43,0.020417853751187084
Food & Drink Shop -> Office -> Food & Drink Shop -> Park -> Food & Drink Shop,5,0.020417853751187084,43,0.020417853751187084
Food & Drink Shop -> Office -> Subway -> Office -> Food & Drink Shop,5,0.020417853751187084,43,0.020417853751187084
Gym / Fitness Center -> Park -> Subway -> Office -> Food & Drink Shop,5,0.020417853751187084,43,0.020417853751187084
Hotel -> Office -> Neighborhood -> Office -> Food & Drink Shop,5,0.020417853751187084,43,0.020417853751187084
Office -> Building -> Deli / Bodega -> Office -> Food & Drink Shop,5,0.020417853751187084,43,0.020417853751187084
Office -> Building -> Office -> Coffee Shop -> Food & Drink Shop,5,0.020417853751187084,43,0.020417853751187084
Office -> Gym / Fitness Center -> Office -> Coffee Shop -> Food & Drink Shop,5,0.020417853751187084,43,0.020417853751187084
Deli / Bodega -> Bar -> Deli / Bodega,3,0.020374898125509373,25,0.020374898125509373
Gym / Fitness Center -> Bar -> Deli / Bodega,3,0.020374898125509373,25,0.020374898125509373
Park -> Subway -> Deli / Bodega,3,0.020374898125509373,25,0.020374898125509373
Subway -> Gym / Fitness Center -> Deli / Bodega,3,0.020374898125509373,25,0.020374898125509373
Building -> Office -> Park -> Deli / Bodega,4,0.020374898125509373,25,0.020374898125509373
Clothing Store -> Office -> Clothing Store -> Deli / Bodega,4,0.020374898125509373,25,0.020374898125509373
Coffee Shop -> Deli / Bodega -> Hotel -> Deli / Bodega,4,0.020374898125509373,25,0.020374898125509373
Coffee Shop -> Office -> Bank -> Deli / Bodega,4,0.020374898125509373,25,0.020374898125509373
Deli / Bodega -> Building -> Clothing Store -> Deli / Bodega,4,0.020374898125509373,25,0.020374898125509373
Deli / Bodega -> Gym / Fitness Center -> Building -> Deli / Bodega,4,0.020374898125509373,25,0.020374898125509373
Drugstore / Pharmacy -> Deli / Bodega -> Office -> Deli / Bodega,4,0.020374898125509373,25,0.020374898125509373
Gym / Fitness Center -> Bank -> Office -> Deli / Bodega,4,0.020374898125509373,25,0.020374898125509373
Neighborhood -> Office -> Building -> Deli / Bodega,4,0.020374898125509373,25,0.020374898125509373
Office -> Coffee Shop -> Bank -> Deli / Bodega,4,0.020374898125509373,25,0.020374898125509373
Office -> Hotel -> Coffee Shop -> Deli / Bodega,4,0.020374898125509373,25,0.020374898125509373
Subway -> Office -> Hotel -> Deli / Bodega,4,0.020374898125509373,25,0.020374898125509373
Train Station -> Office -> American Restaurant -> Deli / Bodega,4,0.020374898125509373,25,0.020374898125509373
American Restaurant -> Coffee Shop -> Office -> Coffee Shop -> Deli / Bodega,5,0.020374898125509373,25,0.020374898125509373
Bank -> Office -> Building -> Coffee Shop -> Deli / Bodega,5,0.020374898125509373,25,0.020374898125509373
Building -> Office -> Bar -> Office -> Deli / Bodega,5,0.020374898125509373,25,0.020374898125509373
Coffee Shop -> Deli / Bodega -> Coffee Shop -> Building -> Deli / Bodega,5,0.020374898125509373,25,0.020374898125509373
Coffee Shop -> Hotel -> Office -> Building -> Deli / Bodega,5,0.020374898125509373,25,0.020374898125509373
Deli / Bodega -> Coffee Shop -> Deli / Bodega -> Coffee Shop -> Deli / Bodega,5,0.020374898125509373,25,0.020374898125509373
Deli / Bodega -> Office -> American Restaurant -> Office -> Deli / Bodega,5,0.020374898125509373,25,0.020374898125509373
Gym / Fitness Center -> Coffee Shop -> Deli / Bodega -> Coffee Shop -> Deli / Bodega,5,0.020374898125509373,25,0.020374898125509373
Gym / Fitness Center -> Deli / Bodega -> Coffee Shop -> College Academic Building -> Deli / Bodega,5,0.020374898125509373,25,0.020374898125509373
Gym / Fitness Center -> Hotel -> Office -> Building -> Deli / Bodega,5,0.020374898125509373,25,0.020374898125509373
Gym / Fitness Center -> Office -> College Academic Building -> Office -> Deli / Bodega,5,0.020374898125509373,25,0.020374898125509373
Gym / Fitness Center -> Office -> Deli / Bodega -> College Academic Building -> Deli / Bodega,5,0.020374898125509373,25,0.020374898125509373
Gym / Fitness Center -> Office -> Deli / Bodega -> Gym / Fitness Center -> Deli / Bodega,5,0.020374898125509373,25,0.020374898125509373
Gym / Fitness Center -> Train Station -> Office -> Coffee Shop -> Deli / Bodega,5,0.020374898125509373,25,0.020374898125509373
Hotel -> Office -> Building -> Coffee Shop -> Deli / Bodega,5,0.020374898125509373,25,0.020374898125509373
Office -> Clothing Store -> Office -> Clothing Store -> Deli / Bodega,5,0.020374898125509373,25,0.020374898125509373
Office -> Deli / Bodega -> Building -> Clothing Store -> Deli / Bodega,5,0.020374898125509373,25,0.020374898125509373
Office -> Deli / Bodega -> Neighborhood -> Office -> Deli / Bodega,5,0.020374898125509373,25,0.020374898125509373
Office -> Gym / Fitness Center -> Office -> Park -> Deli / Bodega,5,0.020374898125509373,25,0.020374898125509373
Office -> Neighborhood -> Office -> Gym / Fitness Center -> Deli / Bodega,5,0.020374898125509373,25,0.020374898125509373
Office -> Subway -> Office -> Subway -> Deli / Bodega,5,0.020374898125509373,25,0.020374898125509373
Park -> Deli / Bodega -> Office -> Building -> Deli / Bodega,5,0.020374898125509373,25,0.020374898125509373
Park -> Office -> Park -> Office -> Deli / Bodega,5,0.020374898125509373,25,0.020374898125509373
Subway -> Office -> Building -> Clothing Store -> Deli / Bodega,5,0.020374898125509373,25,0.020374898125509373
Subway -> Office -> Neighborhood -> Office -> Deli / Bodega,5,0.020374898125509373,25,0.020374898125509373
Train Station -> Coffee Shop -> Office -> Building -> Deli / Bodega,5,0.020374898125509373,25,0.020374898125509373
Train Station -> Gym / Fitness Center -> Train Station -> Office -> Deli / Bodega,5,0.020374898125509373,25,0.020374898125509373
Train Station -> Office -> Coffee Shop -> Building -> Deli / Bodega,5,0.020374898125509373,25,0.020374898125509373
Food & Drink Shop -> Bar -> Bus Station,3,0.02032520325203252,30,0.02032520325203252
Office -> Coffee Shop -> Bar -> Bus Station,4,0.02032520325203252,30,0.02032520325203252
Subway -> Hotel -> Bar -> Hotel -> Bus Station,5,0.02032520325203252,30,0.02032520325203252
Gym / Fitness Center -> Bar -> Subway,3,0.02031978680879414,61,0.02031978680879414
Coffee Shop -> Subway -> Office -> Subway,4,0.02031978680879414,61,0.02031978680879414
Gym / Fitness Center -> Deli / Bodega -> Office -> Subway,4,0.02031978680879414,61,0.02031978680879414
Coffee Shop -> Office -> Subway -> Office -> Subway,5,0.02031978680879414,61,0.02031978680879414
Coffee Shop -> Subway -> Office -> Subway -> Office,5,0.02031978680879414,123,0.032738887410167686
Gym / Fitness Center -> Deli / Bodega -> Office -> Subway -> Bank,5,0.02031978680879414,15,0.024271844660194174
Gym / Fitness Center -> Deli / Bodega -> Office -> Subway -> Office,5,0.02031978680879414,125,0.03327122704285334
Gym / Fitness Center -> Deli / Bodega -> Office -> Subway -> Park,5,0.02031978680879414,31,0.02054340622929092
Subway -> Bar -> Coffee Shop,3,0.020316027088036117,45,0.020316027088036117
Bar -> Office -> Gym / Fitness Center -> Coffee Shop,4,0.020316027088036117,45,0.020316027088036117
Bar -> Train Station -> Office -> Coffee Shop,4,0.020316027088036117,45,0.020316027088036117
Deli / Bodega -> Office -> Bar -> Coffee Shop,4,0.020316027088036117,45,0.020316027088036117
Deli / Bodega -> Park -> Deli / Bodega -> Coffee Shop,4,0.020316027088036117,45,0.020316027088036117
Drugstore / Pharmacy -> Subway -> Office -> Coffee Shop,4,0.020316027088036117,45,0.020316027088036117
Gym / Fitness Center -> Bar -> Office -> Coffee Shop,4,0.020316027088036117,45,0.020316027088036117
Gym / Fitness Center -> Building -> Deli / Bodega -> Coffee Shop,4,0.020316027088036117,45,0.020316027088036117
Gym / Fitness Center -> Coffee Shop -> Food & Drink Shop -> Coffee Shop,4,0.020316027088036117,45,0.020316027088036117
Gym / Fitness Center -> Office -> Hotel -> Coffee Shop,4,0.020316027088036117,45,0.020316027088036117
Hotel -> Office -> Train Station -> Coffee Shop,4,0.020316027088036117,45,0.020316027088036117
Neighborhood -> Office -> Food & Drink Shop -> Coffee Shop,4,0.020316027088036117,45,0.020316027088036117
Office -> Gym / Fitness Center -> Clothing Store -> Coffee Shop,4,0.020316027088036117,45,0.020316027088036117
Subway -> Office -> Bar -> Coffee Shop,4,0.020316027088036117,45,0.020316027088036117
Train Station -> Office -> Clothing Store -> Coffee Shop,4,0.020316027088036117,45,0.020316027088036117
Bar -> Office -> Building -> Office -> Coffee Shop,5,0.020316027088036117,45,0.020316027088036117
Bar -> Office -> Gym / Fitness Center -> Coffee Shop -> Clothing Store,5,0.020316027088036117,24,0.0273972602739726
Bar -> Train Station -> Office -> Coffee Shop -> Clothing Store,5,0.020316027088036117,30,0.03424657534246575
Bar -> Train Station -> Office -> Coffee Shop -> Deli / Bodega,5,0.020316027088036117,26,0.021189894050529748
Bar -> Train Station -> Office -> Coffee Shop -> Office,5,0.020316027088036117,108,0.028746340165025287
Building -> Coffee Shop -> Office -> Train Station -> Coffee Shop,5,0.020316027088036117,45,0.020316027088036117
Building -> Office -> Food & Drink Shop -> Office -> Coffee Shop,5,0.020316027088036117,45,0.020316027088036117
Coffee Shop -> Deli / Bodega -> Office -> Train Station -> Coffee Shop,5,0.020316027088036117,45,0.020316027088036117
Deli / Bodega -> Office -> Bar -> Coffee Shop -> Clothing Store,5,0.020316027088036117,19,0.021689497716894976
Deli / Bodega -> Office -> Coffee Shop -> Building -> Coffee Shop,5,0.020316027088036117,45,0.020316027088036117
Deli / Bodega -> Office -> Hotel -> Office -> Coffee Shop,5,0.020316027088036117,45,0.020316027088036117
Deli / Bodega -> Park -> Deli / Bodega -> Coffee Shop -> Building,5,0.020316027088036117,24,0.02214022140221402
Deli / Bodega -> Park -> Deli / Bodega -> Coffee Shop -> Office,5,0.020316027088036117,93,0.024753792919882885
Drugstore / Pharmacy -> Subway -> Office -> Coffee Shop -> Clothing Store,5,0.020316027088036117,24,0.0273972602739726
Drugstore / Pharmacy -> Subway -> Office -> Coffee Shop -> Office,5,0.020316027088036117,99,0.026350811817939846
Gym / Fitness Center -> Bar -> Office -> Coffee Shop -> Clothing Store,5,0.020316027088036117,21,0.023972602739726026
Gym / Fitness Center -> Building -> Deli / Bodega -> Office -> Coffee Shop,5,0.020316027088036117,45,0.020316027088036117
Gym / Fitness Center -> Building -> Office -> Building -> Coffee Shop,5,0.020316027088036117,45,0.020316027088036117
Gym / Fitness Center -> Coffee Shop -> Food & Drink Shop -> Coffee Shop -> Clothing Store,5,0.020316027088036117,19,0.021689497716894976
Gym / Fitness Center -> Office -> Coffee Shop -> Food & Drink Shop -> Coffee Shop,5,0.020316027088036117,45,0.020316027088036117
Gym / Fitness Center -> Office -> Deli / Bodega -> Building -> Coffee Shop,5,0.020316027088036117,45,0.020316027088036117
Gym / Fitness Center -> Office -> Hotel -> Coffee Shop -> Clothing Store,5,0.020316027088036117,21,0.023972602739726026
Hotel -> Coffee Shop -> Office -> Deli / Bodega -> Coffee Shop,5,0.020316027088036117,45,0.020316027088036117
Hotel -> Office -> Train Station -> Coffee Shop -> Train Station,5,0.020316027088036117,60,0.02861230329041488
Office -> Building -> Bank -> Office -> Coffee Shop,5,0.020316027088036117,45,0.020316027088036117
Office -> Deli / Bodega -> Neighborhood -> Office -> Coffee Shop,5,0.020316027088036117,45,0.020316027088036117
Subway -> Coffee Shop -> Clothing Store -> Office -> Coffee Shop,5,0.020316027088036117,45,0.020316027088036117
Subway -> Office -> Bar -> Coffee Shop -> Clothing Store,5,0.020316027088036117,22,0.02511415525114155
Subway -> Office -> Hotel -> Office -> Coffee Shop,5,0.020316027088036117,45,0.020316027088036117
Train Station -> Office -> Clothing Store -> Coffee Shop -> Clothing Store,5,0.020316027088036117,26,0.02968036529680365
Bank -> Deli / Bodega -> Building,3,0.02029520295202952,22,0.02029520295202952
Building -> Food & Drink Shop -> Building,3,0.02029520295202952,22,0.02029520295202952
Hotel -> Bank -> Building,3,0.02029520295202952,22,0.02029520295202952
Hotel -> Bar -> Building,3,0.02029520295202952,22,0.02029520295202952
American Restaurant -> Building -> Office -> Building,4,0.02029520295202952,22,0.02029520295202952
College Academic Building -> Coffee Shop -> Office -> Building,4,0.02029520295202952,22,0.02029520295202952
College Academic Building -> Office -> Coffee Shop -> Building,4,0.02029520295202952,22,0.02029520295202952
College Academic Building -> Office -> Gym / Fitness Center -> Building,4,0.02029520295202952,22,0.02029520295202952
Deli / Bodega -> Building -> Coffee Shop -> Building,4,0.02029520295202952,22,0.02029520295202952
Drugstore / Pharmacy -> Office -> Coffee Shop -> Building,4,0.02029520295202952,22,0.02029520295202952
Office -> Coffee Shop -> Bank -> Building,4,0.02029520295202952,22,0.02029520295202952
Office -> Gym / Fitness Center -> Subway -> Building,4,0.02029520295202952,22,0.02029520295202952
Subway -> Clothing Store -> Office -> Building,4,0.02029520295202952,22,0.02029520295202952
Subway -> Gym / Fitness Center -> Office -> Building,4,0.02029520295202952,22,0.02029520295202952
Bank -> Office -> Deli / Bodega -> Office -> Building,5,0.02029520295202952,22,0.02029520295202952
Building -> Coffee Shop -> Office -> Deli / Bodega -> Building,5,0.02029520295202952,22,0.02029520295202952
Building -> Office -> American Restaurant -> Office -> Building,5,0.02029520295202952,22,0.02029520295202952
Building -> Office -> Building -> Coffee Shop -> Building,5,0.02029520295202952,22,0.02029520295202952
Building -> Office -> Coffee Shop -> Gym / Fitness Center -> Building,5,0.02029520295202952,22,0.02029520295202952
Coffee Shop -> Deli / Bodega -> Gym / Fitness Center -> Office -> Building,5,0.02029520295202952,22,0.02029520295202952
Coffee Shop -> Office -> Bar -> Office -> Building,5,0.02029520295202952,22,0.02029520295202952
Coffee Shop -> Office -> College Academic Building -> Office -> Building,5,0.02029520295202952,22,0.02029520295202952
Gym / Fitness Center -> Building -> Office -> Deli / Bodega -> Building,5,0.02029520295202952,22,0.02029520295202952
Gym / Fitness Center -> Building -> Office -> Gym / Fitness Center -> Building,5,0.02029520295202952,22,0.02029520295202952
Gym / Fitness Center -> Coffee Shop -> Clothing Store -> Office -> Building,5,0.02029520295202952,22,0.02029520295202952
Gym / Fitness Center -> Deli / Bodega -> Gym / Fitness Center -> Office -> Building,5,0.02029520295202952,22,0.02029520295202952
Gym / Fitness Center -> Deli / Bodega -> Park -> Office -> Building,5,0.02029520295202952,22,0.02029520295202952
Gym / Fitness Center -> Office -> Bank -> Office -> Building,5,0.02029520295202952,22,0.02029520295202952
Gym / Fitness Center -> Office -> Park -> Office -> Building,5,0.02029520295202952,22,0.02029520295202952
Office -> Building -> Hotel -> Office -> Building,5,0.02029520295202952,22,0.02029520295202952
Office -> Coffee Shop -> Office -> Bank -> Building,5,0.02029520295202952,22,0.02029520295202952
Office -> Coffee Shop -> Office -> Neighborhood -> Building,5,0.02029520295202952,22,0.02029520295202952
Office -> Deli / Bodega -> Clothing Store -> Office -> Building,5,0.02029520295202952,22,0.02029520295202952
Office -> Deli / Bodega -> Subway -> Office -> Building,5,0.02029520295202952,22,0.02029520295202952
Office -> Drugstore / Pharmacy -> Coffee Shop -> Office -> Building,5,0.02029520295202952,22,0.02029520295202952
Office -> Hotel -> Office -> Clothing Store -> Building,5,0.02029520295202952,22,0.02029520295202952
Office -> Train Station -> Building -> Office -> Building,5,0.02029520295202952,22,0.02029520295202952
Park -> Deli / Bodega -> Office -> Deli / Bodega -> Building,5,0.02029520295202952,22,0.02029520295202952
Subway -> Office -> Neighborhood -> Office -> Building,5,0.02029520295202952,22,0.02029520295202952
Train Station -> Coffee Shop -> Deli / Bodega -> Office -> Building,5,0.02029520295202952,22,0.02029520295202952
Train Station -> Coffee Shop -> Train Station -> Coffee Shop -> Building,5,0.02029520295202952,22,0.02029520295202952
Train Station -> Office -> Gym / Fitness Center -> Office -> Building,5,0.02029520295202952,22,0.02029520295202952
Bar -> Train Station -> Bar,3,0.020253164556962026,88,0.020253164556962026
Gym / Fitness Center -> Pizza Place -> Bar,3,0.020253164556962026,88,0.020253164556962026
American Restaurant -> Gym / Fitness Center -> American Restaurant -> Bar,4,0.020253164556962026,88,0.020253164556962026
Bar -> Train Station -> Bar -> Hotel,4,0.020253164556962026,24,0.028537455410225922
Bar -> Train Station -> Bar -> Train Station,4,0.020253164556962026,86,0.04101096804959466
Coffee Shop -> Gym / Fitness Center -> Hotel -> Bar,4,0.020253164556962026,88,0.020253164556962026
Coffee Shop -> Office -> Park -> Bar,4,0.020253164556962026,88,0.020253164556962026
Bar -> Clothing Store -> Bar -> American Restaurant -> Bar,5,0.020253164556962026,88,0.020253164556962026
Bar -> Train Station -> Bar -> Train Station -> Hotel,5,0.020253164556962026,20,0.023781212841854936
Coffee Shop -> Gym / Fitness Center -> Hotel -> Bar -> Hotel,5,0.020253164556962026,28,0.03329369797859691
American Restaurant -> Coffee Shop -> Pizza Place,3,0.02023121387283237,14,0.02023121387283237
American Restaurant -> Office -> Pizza Place,3,0.02023121387283237,14,0.02023121387283237
Bank -> Office -> Pizza Place,3,0.02023121387283237,14,0.02023121387283237
Bar -> Drugstore / Pharmacy -> Pizza Place,3,0.02023121387283237,14,0.02023121387283237
College Academic Building -> Coffee Shop -> Pizza Place,3,0.02023121387283237,14,0.02023121387283237
Drugstore / Pharmacy -> Office -> Pizza Place,3,0.02023121387283237,14,0.02023121387283237
Gym / Fitness Center -> Building -> Pizza Place,3,0.02023121387283237,14,0.02023121387283237
Hotel -> Coffee Shop -> Pizza Place,3,0.02023121387283237,14,0.02023121387283237
Office -> Train Station -> Pizza Place,3,0.02023121387283237,14,0.02023121387283237
Subway -> Clothing Store -> Pizza Place,3,0.02023121387283237,14,0.02023121387283237
Subway -> Park -> Pizza Place,3,0.02023121387283237,14,0.02023121387283237
Bar -> Home (private) -> Bar -> Pizza Place,4,0.02023121387283237,14,0.02023121387283237
Bar -> Hotel -> Bar -> Pizza Place,4,0.02023121387283237,14,0.02023121387283237
Bar -> Park -> Bar -> Pizza Place,4,0.02023121387283237,14,0.02023121387283237
Coffee Shop -> Clothing Store -> Office -> Pizza Place,4,0.02023121387283237,14,0.02023121387283237
Coffee Shop -> Deli / Bodega -> Coffee Shop -> Pizza Place,4,0.02023121387283237,14,0.02023121387283237
Coffee Shop -> Gym / Fitness Center -> Coffee Shop -> Pizza Place,4,0.02023121387283237,14,0.02023121387283237
Coffee Shop -> Neighborhood -> Office -> Pizza Place,4,0.02023121387283237,14,0.02023121387283237
Coffee Shop -> Office -> Hotel -> Pizza Place,4,0.02023121387283237,14,0.02023121387283237
Deli / Bodega -> Building -> Office -> Pizza Place,4,0.02023121387283237,14,0.02023121387283237
Deli / Bodega -> Office -> Clothing Store -> Pizza Place,4,0.02023121387283237,14,0.02023121387283237
Food & Drink Shop -> Bar -> American Restaurant -> Pizza Place,4,0.02023121387283237,14,0.02023121387283237
Gym / Fitness Center -> Bar -> American Restaurant -> Pizza Place,4,0.02023121387283237,14,0.02023121387283237
Gym / Fitness Center -> Coffee Shop -> Bar -> Pizza Place,4,0.02023121387283237,14,0.02023121387283237
Gym / Fitness Center -> Office -> Clothing Store -> Pizza Place,4,0.02023121387283237,14,0.02023121387283237
Gym / Fitness Center -> Office -> Neighborhood -> Pizza Place,4,0.02023121387283237,14,0.02023121387283237
Gym / Fitness Center -> Subway -> Coffee Shop -> Pizza Place,4,0.02023121387283237,14,0.02023121387283237
Office -> Coffee Shop -> Subway -> Pizza Place,4,0.02023121387283237,14,0.02023121387283237
Office -> Park -> Gym / Fitness Center -> Pizza Place,4,0.02023121387283237,14,0.02023121387283237
Park -> Bar -> American Restaurant -> Pizza Place,4,0.02023121387283237,14,0.02023121387283237
Park -> Deli / Bodega -> Office -> Pizza Place,4,0.02023121387283237,14,0.02023121387283237
Subway -> Building -> Office -> Pizza Place,4,0.02023121387283237,14,0.02023121387283237
Train Station -> Office -> Coffee Shop -> Pizza Place,4,0.02023121387283237,14,0.02023121387283237
Building -> Office -> Subway -> Office -> Pizza Place,5,0.02023121387283237,14,0.02023121387283237
Coffee Shop -> Deli / Bodega -> Coffee Shop -> Office -> Pizza Place,5,0.02023121387283237,14,0.02023121387283237
Coffee Shop -> Gym / Fitness Center -> Office -> Bar -> Pizza Place,5,0.02023121387283237,14,0.02023121387283237
Coffee Shop -> Office -> Deli / Bodega -> Coffee Shop -> Pizza Place,5,0.02023121387283237,14,0.02023121387283237
Coffee Shop -> Office -> Food & Drink Shop -> Office -> Pizza Place,5,0.02023121387283237,14,0.02023121387283237
Deli / Bodega -> Office -> Building -> Office -> Pizza Place,5,0.02023121387283237,14,0.02023121387283237
Food & Drink Shop -> Bar -> American Restaurant -> Bar -> Pizza Place,5,0.02023121387283237,14,0.02023121387283237
Gym / Fitness Center -> Coffee Shop -> Office -> Coffee Shop -> Pizza Place,5,0.02023121387283237,14,0.02023121387283237
Gym / Fitness Center -> Deli / Bodega -> Office -> Coffee Shop -> Pizza Place,5,0.02023121387283237,14,0.02023121387283237
Gym / Fitness Center -> Office -> Coffee Shop -> Food & Drink Shop -> Pizza Place,5,0.02023121387283237,14,0.02023121387283237
Gym / Fitness Center -> Office -> Hotel -> Office -> Pizza Place,5,0.02023121387283237,14,0.02023121387283237
Hotel -> Office -> Coffee Shop -> Office -> Pizza Place,5,0.02023121387283237,14,0.02023121387283237
Office -> Building -> Deli / Bodega -> Office -> Pizza Place,5,0.02023121387283237,14,0.02023121387283237
Office -> Building -> Office -> Coffee Shop -> Pizza Place,5,0.02023121387283237,14,0.02023121387283237
Office -> Coffee Shop -> Gym / Fitness Center -> Office -> Pizza Place,5,0.02023121387283237,14,0.02023121387283237
Office -> Coffee Shop -> Neighborhood -> Office -> Pizza Place,5,0.02023121387283237,14,0.02023121387283237
Office -> Coffee Shop -> Office -> Clothing Store -> Pizza Place,5,0.02023121387283237,14,0.02023121387283237
Office -> Coffee Shop -> Office -> Gym / Fitness Center -> Pizza Place,5,0.02023121387283237,14,0.02023121387283237
Office -> Coffee Shop -> Subway -> Office -> Pizza Place,5,0.02023121387283237,14,0.02023121387283237
Office -> Gym / Fitness Center -> Office -> Bar -> Pizza Place,5,0.02023121387283237,14,0.02023121387283237
Park -> Office -> Coffee Shop -> Office -> Pizza Place,5,0.02023121387283237,14,0.02023121387283237
Subway -> Coffee Shop -> Office -> Gym / Fitness Center -> Pizza Place,5,0.02023121387283237,14,0.02023121387283237
Subway -> Office -> Deli / Bodega -> Office -> Pizza Place,5,0.02023121387283237,14,0.02023121387283237
Train Station -> Subway -> Office,3,0.02022890604205483,76,0.02022890604205483
Clothing Store -> Office -> Clothing Store -> Office,4,0.02022890604205483,76,0.02022890604205483
Deli / Bodega -> Coffee Shop -> Hotel -> Office,4,0.02022890604205483,76,0.02022890604205483
Gym / Fitness Center -> Neighborhood -> Deli / Bodega -> Office,4,0.02022890604205483,76,0.02022890604205483
Office -> American Restaurant -> Deli / Bodega -> Office,4,0.02022890604205483,76,0.02022890604205483
Office -> Deli / Bodega -> Food & Drink Shop -> Office,4,0.02022890604205483,76,0.02022890604205483
Office -> Food & Drink Shop -> Gym / Fitness Center -> Office,4,0.02022890604205483,76,0.02022890604205483
Office -> Gym / Fitness Center -> Hotel -> Office,4,0.02022890604205483,76,0.02022890604205483
Train Station -> Office -> Food & Drink Shop -> Office,4,0.02022890604205483,76,0.02022890604205483
Train Station -> Subway -> Office -> Clothing Store,4,0.02022890604205483,18,0.02054794520547945
Train Station -> Subway -> Office -> Train Station,4,0.02022890604205483,49,0.023366714353838816
American Restaurant -> Coffee Shop -> Office -> Coffee Shop -> Office,5,0.02022890604205483,76,0.02022890604205483
Bar -> Coffee Shop -> Office -> Deli / Bodega -> Office,5,0.02022890604205483,76,0.02022890604205483
Clothing Store -> Office -> Clothing Store -> Office -> Clothing Store,5,0.02022890604205483,29,0.033105022831050226
Clothing Store -> Office -> Clothing Store -> Office -> Hotel,5,0.02022890604205483,26,0.030915576694411414
Clothing Store -> Office -> Clothing Store -> Office -> Train Station,5,0.02022890604205483,45,0.02145922746781116
Coffee Shop -> Deli / Bodega -> Coffee Shop -> Deli / Bodega -> Office,5,0.02022890604205483,76,0.02022890604205483
Coffee Shop -> Gym / Fitness Center -> Office -> Food & Drink Shop -> Office,5,0.02022890604205483,76,0.02022890604205483
Coffee Shop -> Gym / Fitness Center -> Office -> Train Station -> Office,5,0.02022890604205483,76,0.02022890604205483
Coffee Shop -> Office -> Building -> Clothing Store -> Office,5,0.02022890604205483,76,0.02022890604205483
Coffee Shop -> Subway -> Office -> Food & Drink Shop -> Office,5,0.02022890604205483,76,0.02022890604205483
Deli / Bodega -> Office -> Subway -> Deli / Bodega -> Office,5,0.02022890604205483,76,0.02022890604205483
Office -> American Restaurant -> Deli / Bodega -> Office -> Deli / Bodega,5,0.02022890604205483,27,0.022004889975550123
Office -> Bar -> Office -> Deli / Bodega -> Office,5,0.02022890604205483,76,0.02022890604205483
Office -> Clothing Store -> Office -> Coffee Shop -> Office,5,0.02022890604205483,76,0.02022890604205483
Office -> Deli / Bodega -> Food & Drink Shop -> Office -> Food & Drink Shop,5,0.02022890604205483,47,0.02231718898385565
Office -> Deli / Bodega -> Food & Drink Shop -> Office -> Hotel,5,0.02022890604205483,18,0.02140309155766944
Office -> Deli / Bodega -> Office -> Drugstore / Pharmacy -> Office,5,0.02022890604205483,76,0.02022890604205483
Office -> Food & Drink Shop -> Gym / Fitness Center -> Office -> Clothing Store,5,0.02022890604205483,22,0.02511415525114155
Office -> Gym / Fitness Center -> Hotel -> Office -> Hotel,5,0.02022890604205483,21,0.02497027348394768
Train Station -> Office -> Food & Drink Shop -> Office -> Train Station,5,0.02022890604205483,50,0.023843586075345733
American Restaurant -> Building -> Hotel,3,0.020214030915576695,17,0.020214030915576695
American Restaurant -> Drugstore / Pharmacy -> Hotel,3,0.020214030915576695,17,0.020214030915576695
Bank -> American Restaurant -> Hotel,3,0.020214030915576695,17,0.020214030915576695
Bank -> Gym / Fitness Center -> Hotel,3,0.020214030915576695,17,0.020214030915576695
College Academic Building -> Coffee Shop -> Hotel,3,0.020214030915576695,17,0.020214030915576695
Deli / Bodega -> Train Station -> Hotel,3,0.020214030915576695,17,0.020214030915576695
Drugstore / Pharmacy -> Bar -> Hotel,3,0.020214030915576695,17,0.020214030915576695
Food & Drink Shop -> Clothing Store -> Hotel,3,0.020214030915576695,17,0.020214030915576695
Neighborhood -> Gym / Fitness Center -> Hotel,3,0.020214030915576695,17,0.020214030915576695
Office -> Drugstore / Pharmacy -> Hotel,3,0.020214030915576695,17,0.020214030915576695
American Restaurant -> Bar -> Coffee Shop -> Hotel,4,0.020214030915576695,17,0.020214030915576695
American Restaurant -> Office -> Clothing Store -> Hotel,4,0.020214030915576695,17,0.020214030915576695
American Restaurant -> Office -> Train Station -> Hotel,4,0.020214030915576695,17,0.020214030915576695
Bank -> Deli / Bodega -> Office -> Hotel,4,0.020214030915576695,17,0.020214030915576695
Bar -> Hotel -> Bus Station -> Hotel,4,0.020214030915576695,17,0.020214030915576695
Bar -> Office -> Deli / Bodega -> Hotel,4,0.020214030915576695,17,0.020214030915576695
Building -> Subway -> Coffee Shop -> Hotel,4,0.020214030915576695,17,0.020214030915576695
Bus Station -> Deli / Bodega -> Office -> Hotel,4,0.020214030915576695,17,0.020214030915576695
Clothing Store -> Bar -> American Restaurant -> Hotel,4,0.020214030915576695,17,0.020214030915576695
Clothing Store -> Coffee Shop -> Clothing Store -> Hotel,4,0.020214030915576695,17,0.020214030915576695
Clothing Store -> Coffee Shop -> Gym / Fitness Center -> Hotel,4,0.020214030915576695,17,0.020214030915576695
Coffee Shop -> Clothing Store -> Coffee Shop -> Hotel,4,0.020214030915576695,17,0.020214030915576695
Coffee Shop -> Gym / Fitness Center -> Food & Drink Shop -> Hotel,4,0.020214030915576695,17,0.020214030915576695
Coffee Shop -> Gym / Fitness Center -> Park -> Hotel,4,0.020214030915576695,17,0.020214030915576695
Coffee Shop -> Hotel -> Deli / Bodega -> Hotel,4,0.020214030915576695,17,0.020214030915576695
Deli / Bodega -> Building -> Coffee Shop -> Hotel,4,0.020214030915576695,17,0.020214030915576695
Deli / Bodega -> Hotel -> Office -> Hotel,4,0.020214030915576695,17,0.020214030915576695
Deli / Bodega -> Office -> Building -> Hotel,4,0.020214030915576695,17,0.020214030915576695
Deli / Bodega -> Office -> Clothing Store -> Hotel,4,0.020214030915576695,17,0.020214030915576695
Deli / Bodega -> Office -> Park -> Hotel,4,0.020214030915576695,17,0.020214030915576695
Food & Drink Shop -> Gym / Fitness Center -> Bar -> Hotel,4,0.020214030915576695,17,0.020214030915576695
Gym / Fitness Center -> Food & Drink Shop -> Bar -> Hotel,4,0.020214030915576695,17,0.020214030915576695
Gym / Fitness Center -> Office -> Park -> Hotel,4,0.020214030915576695,17,0.020214030915576695
Hotel -> Coffee Shop -> Train Station -> Hotel,4,0.020214030915576695,17,0.020214030915576695
Hotel -> Deli / Bodega -> Office -> Hotel,4,0.020214030915576695,17,0.020214030915576695
Office -> Building -> Neighborhood -> Hotel,4,0.020214030915576695,17,0.020214030915576695
Office -> Clothing Store -> Subway -> Hotel,4,0.020214030915576695,17,0.020214030915576695
Office -> Deli / Bodega -> Subway -> Hotel,4,0.020214030915576695,17,0.020214030915576695
Office -> Gym / Fitness Center -> Park -> Hotel,4,0.020214030915576695,17,0.020214030915576695
Office -> Neighborhood -> American Restaurant -> Hotel,4,0.020214030915576695,17,0.020214030915576695
Office -> Neighborhood -> Coffee Shop -> Hotel,4,0.020214030915576695,17,0.020214030915576695
Park -> Food & Drink Shop -> Park -> Hotel,4,0.020214030915576695,17,0.020214030915576695
Park -> Office -> Park -> Hotel,4,0.020214030915576695,17,0.020214030915576695
Subway -> Bar -> Office -> Hotel,4,0.020214030915576695,17,0.020214030915576695
Subway -> Deli / Bodega -> Coffee Shop -> Hotel,4,0.020214030915576695,17,0.020214030915576695
Subway -> Office -> Clothing Store -> Hotel,4,0.020214030915576695,17,0.020214030915576695
American Restaurant -> Bar -> American Restaurant -> Bar -> Hotel,5,0.020214030915576695,17,0.020214030915576695
Building -> Coffee Shop -> Gym / Fitness Center -> Coffee Shop -> Hotel,5,0.020214030915576695,17,0.020214030915576695
Building -> Coffee Shop -> Hotel -> Office -> Hotel,5,0.020214030915576695,17,0.020214030915576695
Building -> Gym / Fitness Center -> Coffee Shop -> Train Station -> Hotel,5,0.020214030915576695,17,0.020214030915576695
Building -> Office -> Bank -> Office -> Hotel,5,0.020214030915576695,17,0.020214030915576695
Building -> Office -> Coffee Shop -> Deli / Bodega -> Hotel,5,0.020214030915576695,17,0.020214030915576695
Building -> Office -> Coffee Shop -> Train Station -> Hotel,5,0.020214030915576695,17,0.020214030915576695
Building -> Subway -> Office -> Gym / Fitness Center -> Hotel,5,0.020214030915576695,17,0.020214030915576695
Coffee Shop -> American Restaurant -> Office -> Coffee Shop -> Hotel,5,0.020214030915576695,17,0.020214030915576695
Coffee Shop -> Building -> Gym / Fitness Center -> Office -> Hotel,5,0.020214030915576695,17,0.020214030915576695
Coffee Shop -> Building -> Gym / Fitness Center -> Train Station -> Hotel,5,0.020214030915576695,17,0.020214030915576695
Coffee Shop -> Clothing Store -> Office -> American Restaurant -> Hotel,5,0.020214030915576695,17,0.020214030915576695
Coffee Shop -> Clothing Store -> Office -> Gym / Fitness Center -> Hotel,5,0.020214030915576695,17,0.020214030915576695
Coffee Shop -> Deli / Bodega -> Office -> Neighborhood -> Hotel,5,0.020214030915576695,17,0.020214030915576695
Coffee Shop -> Gym / Fitness Center -> Neighborhood -> Office -> Hotel,5,0.020214030915576695,17,0.020214030915576695
Coffee Shop -> Neighborhood -> Office -> Coffee Shop -> Hotel,5,0.020214030915576695,17,0.020214030915576695
Coffee Shop -> Office -> Gym / Fitness Center -> Park -> Hotel,5,0.020214030915576695,17,0.020214030915576695
Coffee Shop -> Office -> Hotel -> Clothing Store -> Hotel,5,0.020214030915576695,17,0.020214030915576695
Coffee Shop -> Train Station -> Hotel -> Train Station -> Hotel,5,0.020214030915576695,17,0.020214030915576695
Deli / Bodega -> Building -> Office -> Coffee Shop -> Hotel,5,0.020214030915576695,17,0.020214030915576695
Deli / Bodega -> Coffee Shop -> Gym / Fitness Center -> Coffee Shop -> Hotel,5,0.020214030915576695,17,0.020214030915576695
Deli / Bodega -> Office -> Deli / Bodega -> Coffee Shop -> Hotel,5,0.020214030915576695,17,0.020214030915576695
Deli / Bodega -> Office -> Food & Drink Shop -> Office -> Hotel,5,0.020214030915576695,17,0.020214030915576695
Food & Drink Shop -> Bar -> Gym / Fitness Center -> Bar -> Hotel,5,0.020214030915576695,17,0.020214030915576695
Gym / Fitness Center -> Building -> Office -> Gym / Fitness Center -> Hotel,5,0.020214030915576695,17,0.020214030915576695
Gym / Fitness Center -> Coffee Shop -> Gym / Fitness Center -> Bar -> Hotel,5,0.020214030915576695,17,0.020214030915576695
Gym / Fitness Center -> Coffee Shop -> Hotel -> Office -> Hotel,5,0.020214030915576695,17,0.020214030915576695
Gym / Fitness Center -> Coffee Shop -> Office -> American Restaurant -> Hotel,5,0.020214030915576695,17,0.020214030915576695
Gym / Fitness Center -> Deli / Bodega -> Office -> Coffee Shop -> Hotel,5,0.020214030915576695,17,0.020214030915576695
Gym / Fitness Center -> Hotel -> Office -> Clothing Store -> Hotel,5,0.020214030915576695,17,0.020214030915576695
Gym / Fitness Center -> Hotel -> Office -> Gym / Fitness Center -> Hotel,5,0.020214030915576695,17,0.020214030915576695
Hotel -> Coffee Shop -> Office -> Gym / Fitness Center -> Hotel,5,0.020214030915576695,17,0.020214030915576695
Office -> Bar -> Office -> Subway -> Hotel,5,0.020214030915576695,17,0.020214030915576695
Office -> Bar -> Office -> Train Station -> Hotel,5,0.020214030915576695,17,0.020214030915576695
Office -> Building -> Office -> Building -> Hotel,5,0.020214030915576695,17,0.020214030915576695
Office -> Building -> Office -> Deli / Bodega -> Hotel,5,0.020214030915576695,17,0.020214030915576695
Office -> Deli / Bodega -> Coffee Shop -> Gym / Fitness Center -> Hotel,5,0.020214030915576695,17,0.020214030915576695
Office -> Gym / Fitness Center -> Office -> American Restaurant -> Hotel,5,0.020214030915576695,17,0.020214030915576695
Office -> Gym / Fitness Center -> Train Station -> Coffee Shop -> Hotel,5,0.020214030915576695,17,0.020214030915576695
Office -> Gym / Fitness Center -> Train Station -> Office -> Hotel,5,0.020214030915576695,17,0.020214030915576695
Office -> Subway -> Gym / Fitness Center -> Office -> Hotel,5,0.020214030915576695,17,0.020214030915576695
Office -> Subway -> Office -> American Restaurant -> Hotel,5,0.020214030915576695,17,0.020214030915576695
Office -> Train Station -> Office -> Deli / Bodega -> Hotel,5,0.020214030915576695,17,0.020214030915576695
Park -> Office -> Gym / Fitness Center -> Bar -> Hotel,5,0.020214030915576695,17,0.020214030915576695
Subway -> Building -> Office -> Coffee Shop -> Hotel,5,0.020214030915576695,17,0.020214030915576695
Subway -> Coffee Shop -> Office -> Subway -> Hotel,5,0.020214030915576695,17,0.020214030915576695
Subway -> Coffee Shop -> Office -> Train Station -> Hotel,5,0.020214030915576695,17,0.020214030915576695
Train Station -> Coffee Shop -> Office -> Building -> Hotel,5,0.020214030915576695,17,0.020214030915576695
Gym / Fitness Center -> Building -> Gym / Fitness Center,3,0.020106688551497744,49,0.020106688551497744
Train Station -> Coffee Shop -> Gym / Fitness Center,3,0.020106688551497744,49,0.020106688551497744
Building -> Office -> Subway -> Gym / Fitness Center,4,0.020106688551497744,49,0.020106688551497744
Building -> Park -> Office -> Gym / Fitness Center,4,0.020106688551497744,49,0.020106688551497744
Gym / Fitness Center -> Office -> Hotel -> Gym / Fitness Center,4,0.020106688551497744,49,0.020106688551497744
Subway -> Park -> Office -> Gym / Fitness Center,4,0.020106688551497744,49,0.020106688551497744
Train Station -> Coffee Shop -> Gym / Fitness Center -> Clothing Store,4,0.020106688551497744,25,0.028538812785388126
Train Station -> Coffee Shop -> Gym / Fitness Center -> Train Station,4,0.020106688551497744,60,0.02861230329041488
Train Station -> Office -> Coffee Shop -> Gym / Fitness Center,4,0.020106688551497744,49,0.020106688551497744
Building -> Office -> Subway -> Gym / Fitness Center -> Clothing Store,5,0.020106688551497744,18,0.02054794520547945
Coffee Shop -> Deli / Bodega -> Office -> Park -> Gym / Fitness Center,5,0.020106688551497744,49,0.020106688551497744
Coffee Shop -> Gym / Fitness Center -> Park -> Office -> Gym / Fitness Center,5,0.020106688551497744,49,0.020106688551497744
Coffee Shop -> Office -> Bar -> Office -> Gym / Fitness Center,5,0.020106688551497744,49,0.020106688551497744
Coffee Shop -> Office -> Drugstore / Pharmacy -> Office -> Gym / Fitness Center,5,0.020106688551497744,49,0.020106688551497744
Deli / Bodega -> Park -> Office -> Coffee Shop -> Gym / Fitness Center,5,0.020106688551497744,49,0.020106688551497744
Deli / Bodega -> Subway -> Coffee Shop -> Office -> Gym / Fitness Center,5,0.020106688551497744,49,0.020106688551497744
Food & Drink Shop -> Office -> Gym / Fitness Center -> Office -> Gym / Fitness Center,5,0.020106688551497744,49,0.020106688551497744
Gym / Fitness Center -> Deli / Bodega -> Gym / Fitness Center -> Office -> Gym / Fitness Center,5,0.020106688551497744,49,0.020106688551497744
Gym / Fitness Center -> Park -> Gym / Fitness Center -> Office -> Gym / Fitness Center,5,0.020106688551497744,49,0.020106688551497744
Office -> Coffee Shop -> Office -> Deli / Bodega -> Gym / Fitness Center,5,0.020106688551497744,49,0.020106688551497744
Office -> Coffee Shop -> Office -> Train Station -> Gym / Fitness Center,5,0.020106688551497744,49,0.020106688551497744
Office -> Food & Drink Shop -> Office -> Food & Drink Shop -> Gym / Fitness Center,5,0.020106688551497744,49,0.020106688551497744
Office -> Park -> Office -> Park -> Gym / Fitness Center,5,0.020106688551497744,49,0.020106688551497744
Train Station -> Office -> Coffee Shop -> Gym / Fitness Center -> Clothing Store,5,0.020106688551497744,28,0.0319634703196347
Train Station -> Office -> Coffee Shop -> Gym / Fitness Center -> Train Station,5,0.020106688551497744,59,0.028135431568907965
Other Great Outdoors -> American Restaurant,2,0.020095693779904306,21,0.020095693779904306
Coffee Shop -> College Academic Building -> American Restaurant,3,0.020095693779904306,21,0.020095693779904306
Office -> Drugstore / Pharmacy -> American Restaurant,3,0.020095693779904306,21,0.020095693779904306
Bar -> Subway -> Bar -> American Restaurant,4,0.020095693779904306,21,0.020095693779904306
Building -> Office -> Building -> American Restaurant,4,0.020095693779904306,21,0.020095693779904306
Clothing Store -> Office -> Park -> American Restaurant,4,0.020095693779904306,21,0.020095693779904306
Coffee Shop -> Park -> Office -> American Restaurant,4,0.020095693779904306,21,0.020095693779904306
Food & Drink Shop -> Bar -> Office -> American Restaurant,4,0.020095693779904306,21,0.020095693779904306
Gym / Fitness Center -> Bar -> Gym / Fitness Center -> American Restaurant,4,0.020095693779904306,21,0.020095693779904306
Gym / Fitness Center -> Clothing Store -> Bar -> American Restaurant,4,0.020095693779904306,21,0.020095693779904306
Gym / Fitness Center -> Hotel -> Bar -> American Restaurant,4,0.020095693779904306,21,0.020095693779904306
Hotel -> Office -> Gym / Fitness Center -> American Restaurant,4,0.020095693779904306,21,0.020095693779904306
Office -> Building -> Coffee Shop -> American Restaurant,4,0.020095693779904306,21,0.020095693779904306
Office -> Clothing Store -> Gym / Fitness Center -> American Restaurant,4,0.020095693779904306,21,0.020095693779904306
Office -> Coffee Shop -> Subway -> American Restaurant,4,0.020095693779904306,21,0.020095693779904306
Office -> Food & Drink Shop -> Gym / Fitness Center -> American Restaurant,4,0.020095693779904306,21,0.020095693779904306
Train Station -> Office -> Coffee Shop -> American Restaurant,4,0.020095693779904306,21,0.020095693779904306
Building -> Office -> Building -> Office -> American Restaurant,5,0.020095693779904306,21,0.020095693779904306
Bus Station -> Office -> Coffee Shop -> Office -> American Restaurant,5,0.020095693779904306,21,0.020095693779904306
Coffee Shop -> Bar -> Coffee Shop -> Bar -> American Restaurant,5,0.020095693779904306,21,0.020095693779904306
Coffee Shop -> Office -> Clothing Store -> Office -> American Restaurant,5,0.020095693779904306,21,0.020095693779904306
Coffee Shop -> Office -> Coffee Shop -> Bar -> American Restaurant,5,0.020095693779904306,21,0.020095693779904306
Coffee Shop -> Office -> Coffee Shop -> Gym / Fitness Center -> American Restaurant,5,0.020095693779904306,21,0.020095693779904306
Coffee Shop -> Office -> Hotel -> Office -> American Restaurant,5,0.020095693779904306,21,0.020095693779904306
Coffee Shop -> Office -> Park -> Bar -> American Restaurant,5,0.020095693779904306,21,0.020095693779904306
Coffee Shop -> Subway -> Coffee Shop -> Office -> American Restaurant,5,0.020095693779904306,21,0.020095693779904306
Coffee Shop -> Subway -> Office -> Coffee Shop -> American Restaurant,5,0.020095693779904306,21,0.020095693779904306
Gym / Fitness Center -> Office -> Bar -> Office -> American Restaurant,5,0.020095693779904306,21,0.020095693779904306
Gym / Fitness Center -> Office -> Coffee Shop -> Bar -> American Restaurant,5,0.020095693779904306,21,0.020095693779904306
Hotel -> Office -> Deli / Bodega -> Office -> American Restaurant,5,0.020095693779904306,21,0.020095693779904306
Office -> Bar -> Gym / Fitness Center -> Office -> American Restaurant,5,0.020095693779904306,21,0.020095693779904306
Office -> Coffee Shop -> Office -> Food & Drink Shop -> American Restaurant,5,0.020095693779904306,21,0.020095693779904306
Office -> Gym / Fitness Center -> Deli / Bodega -> Office -> American Restaurant,5,0.020095693779904306,21,0.020095693779904306
Office -> Park -> Gym / Fitness Center -> Office -> American Restaurant,5,0.020095693779904306,21,0.020095693779904306
Office -> Park -> Office -> Bar -> American Restaurant,5,0.020095693779904306,21,0.020095693779904306
Park -> Office -> Coffee Shop -> Office -> American Restaurant,5,0.020095693779904306,21,0.020095693779904306
Subway -> Coffee Shop -> Office -> Bar -> American Restaurant,5,0.020095693779904306,21,0.020095693779904306
Subway -> Office -> Food & Drink Shop -> Office -> American Restaurant,5,0.020095693779904306,21,0.020095693779904306
Bank -> Train Station,2,0.020028612303290415,42,0.020028612303290415
Building -> Food & Drink Shop -> Train Station,3,0.020028612303290415,42,0.020028612303290415
Bank -> Building -> Office -> Train Station,4,0.020028612303290415,42,0.020028612303290415
Building -> Deli / Bodega -> Coffee Shop -> Train Station,4,0.020028612303290415,42,0.020028612303290415
Clothing Store -> Office -> Hotel -> Train Station,4,0.020028612303290415,42,0.020028612303290415
Coffee Shop -> Building -> Coffee Shop -> Train Station,4,0.020028612303290415,42,0.020028612303290415
Office -> Gym / Fitness Center -> Clothing Store -> Train Station,4,0.020028612303290415,42,0.020028612303290415
Subway -> Gym / Fitness Center -> Office -> Train Station,4,0.020028612303290415,42,0.020028612303290415
Bank -> Office -> Gym / Fitness Center -> Office -> Train Station,5,0.020028612303290415,42,0.020028612303290415
Bar -> Office -> Building -> Office -> Train Station,5,0.020028612303290415,42,0.020028612303290415
Clothing Store -> Office -> Coffee Shop -> Gym / Fitness Center -> Train Station,5,0.020028612303290415,42,0.020028612303290415
Coffee Shop -> Building -> Gym / Fitness Center -> Coffee Shop -> Train Station,5,0.020028612303290415,42,0.020028612303290415
Coffee Shop -> Building -> Gym / Fitness Center -> Office -> Train Station,5,0.020028612303290415,42,0.020028612303290415
Coffee Shop -> Building -> Office -> Clothing Store -> Train Station,5,0.020028612303290415,42,0.020028612303290415
Coffee Shop -> Deli / Bodega -> Office -> Deli / Bodega -> Train Station,5,0.020028612303290415,42,0.020028612303290415
Deli / Bodega -> Coffee Shop -> Gym / Fitness Center -> Office -> Train Station,5,0.020028612303290415,42,0.020028612303290415
Gym / Fitness Center -> Building -> Office -> Gym / Fitness Center -> Train Station,5,0.020028612303290415,42,0.020028612303290415
Gym / Fitness Center -> Coffee Shop -> Office -> Bar -> Train Station,5,0.020028612303290415,42,0.020028612303290415
Gym / Fitness Center -> Coffee Shop -> Office -> Subway -> Train Station,5,0.020028612303290415,42,0.020028612303290415
Hotel -> Building -> Office -> Coffee Shop -> Train Station,5,0.020028612303290415,42,0.020028612303290415
Office -> Coffee Shop -> Building -> Coffee Shop -> Train Station,5,0.020028612303290415,42,0.020028612303290415
Office -> Deli / Bodega -> Subway -> Office -> Train Station,5,0.020028612303290415,42,0.020028612303290415
Office -> Hotel -> Train Station -> Hotel -> Train Station,5,0.020028612303290415,42,0.020028612303290415
Office -> Train Station -> Office -> Deli / Bodega -> Train Station,5,0.020028612303290415,42,0.020028612303290415
Train Station -> Coffee Shop -> Office -> Hotel -> Train Station,5,0.020028612303290415,42,0.020028612303290415
Train Station -> Office -> Clothing Store -> Coffee Shop -> Train Station,5,0.020028612303290415,42,0.020028612303290415
American Restaurant -> Pizza Place -> Bar,3,0.02002301495972382,87,0.02002301495972382
Coffee Shop -> Park -> Gym / Fitness Center -> Bar,4,0.02002301495972382,87,0.02002301495972382
Deli / Bodega -> Office -> Coffee Shop -> Bar,4,0.02002301495972382,87,0.02002301495972382
Gym / Fitness Center -> Office -> Hotel -> Bar,4,0.02002301495972382,87,0.02002301495972382
Hotel -> Office -> Hotel -> Bar,4,0.02002301495972382,87,0.02002301495972382
Bar -> American Restaurant -> Bar -> American Restaurant -> Bar,5,0.02002301495972382,87,0.02002301495972382
Deli / Bodega -> Office -> Coffee Shop -> Bar -> Clothing Store,5,0.02002301495972382,25,0.028538812785388126
Deli / Bodega -> Office -> Coffee Shop -> Bar -> Hotel,5,0.02002301495972382,22,0.026159334126040427
Deli / Bodega -> Office -> Coffee Shop -> Bar -> Train Station,5,0.02002301495972382,52,0.02479732951835956
Gym / Fitness Center -> Office -> Hotel -> Bar -> Hotel,5,0.02002301495972382,27,0.03210463733650416
Hotel -> Office -> Hotel -> Bar -> Clothing Store,5,0.02002301495972382,18,0.02054794520547945
Hotel -> Office -> Hotel -> Bar -> Hotel,5,0.02002301495972382,32,0.03804994054696789
Bus Station -> Medical Center,2,0.020022246941045607,18,0.020022246941045607
Coffee Shop -> Gym / Fitness Center -> Medical Center,3,0.020022246941045607,18,0.020022246941045607
Train Station -> Other Great Outdoors,2,0.019987507807620236,32,0.019987507807620236
Bar -> Gym / Fitness Center -> Subway,3,0.019986675549633577,60,0.019986675549633577
Subway -> Coffee Shop -> Subway,3,0.019986675549633577,60,0.019986675549633577
Subway -> Coffee Shop -> Subway -> Office,4,0.019986675549633577,76,0.02022890604205483
Clothing Store -> Office -> Neighborhood,3,0.01998519615099926,27,0.01998519615099926
Gym / Fitness Center -> Park -> Neighborhood,3,0.01998519615099926,27,0.01998519615099926
Subway -> Gym / Fitness Center -> Neighborhood,3,0.01998519615099926,27,0.01998519615099926
Gym / Fitness Center -> Hotel -> Office -> Neighborhood,4,0.01998519615099926,27,0.01998519615099926
Gym / Fitness Center -> Office -> Subway -> Neighborhood,4,0.01998519615099926,27,0.01998519615099926
Gym / Fitness Center -> Park -> Neighborhood -> Office,4,0.01998519615099926,127,0.03380356667553899
Park -> Subway -> Office -> Neighborhood,4,0.01998519615099926,27,0.01998519615099926
Coffee Shop -> Deli / Bodega -> Coffee Shop -> Office -> Neighborhood,5,0.01998519615099926,27,0.01998519615099926
Gym / Fitness Center -> Hotel -> Office -> Neighborhood -> Office,5,0.01998519615099926,90,0.023955283470854405
Gym / Fitness Center -> Office -> Subway -> Neighborhood -> Bank,5,0.01998519615099926,13,0.021035598705501618
Gym / Fitness Center -> Office -> Subway -> Neighborhood -> Office,5,0.01998519615099926,99,0.026350811817939846
Gym / Fitness Center -> Park -> Neighborhood -> Office -> Park,5,0.01998519615099926,34,0.02253147779986746
Park -> Subway -> Office -> Neighborhood -> Office,5,0.01998519615099926,95,0.02528613255256854
Building -> American Restaurant -> Office,3,0.019962736225712003,75,0.019962736225712003
Building -> Drugstore / Pharmacy -> Office,3,0.019962736225712003,75,0.019962736225712003
Clothing Store -> Bar -> Office,3,0.019962736225712003,75,0.019962736225712003
Hotel -> Neighborhood -> Office,3,0.019962736225712003,75,0.019962736225712003
Bar -> Subway -> Coffee Shop -> Office,4,0.019962736225712003,75,0.019962736225712003
Building -> American Restaurant -> Office -> Building,4,0.019962736225712003,22,0.02029520295202952
Building -> American Restaurant -> Office -> Clothing Store,4,0.019962736225712003,22,0.02511415525114155
Building -> American Restaurant -> Office -> Train Station,4,0.019962736225712003,61,0.029089175011921792
Building -> Drugstore / Pharmacy -> Office -> Clothing Store,4,0.019962736225712003,18,0.02054794520547945
Clothing Store -> Bar -> Office -> Hotel,4,0.019962736225712003,22,0.026159334126040427
Hotel -> Neighborhood -> Office -> Hotel,4,0.019962736225712003,18,0.02140309155766944
Bar -> Subway -> Coffee Shop -> Office -> Clothing Store,5,0.019962736225712003,19,0.021689497716894976
Coffee Shop -> Office -> Gym / Fitness Center -> Building -> Office,5,0.019962736225712003,75,0.019962736225712003
Coffee Shop -> Office -> Hotel -> Coffee Shop -> Office,5,0.019962736225712003,75,0.019962736225712003
Coffee Shop -> Subway -> Coffee Shop -> Building -> Office,5,0.019962736225712003,75,0.019962736225712003
Deli / Bodega -> Building -> Deli / Bodega -> Coffee Shop -> Office,5,0.019962736225712003,75,0.019962736225712003
Deli / Bodega -> Office -> Coffee Shop -> Clothing Store -> Office,5,0.019962736225712003,75,0.019962736225712003
Gym / Fitness Center -> Food & Drink Shop -> Office -> Gym / Fitness Center -> Office,5,0.019962736225712003,75,0.019962736225712003
Gym / Fitness Center -> Office -> Building -> Clothing Store -> Office,5,0.019962736225712003,75,0.019962736225712003
Gym / Fitness Center -> Office -> Deli / Bodega -> Bank -> Office,5,0.019962736225712003,75,0.019962736225712003
Gym / Fitness Center -> Train Station -> Office -> Deli / Bodega -> Office,5,0.019962736225712003,75,0.019962736225712003
Park -> Building -> Office -> Coffee Shop -> Office,5,0.019962736225712003,75,0.019962736225712003
Park -> Deli / Bodega -> Office -> Park -> Office,5,0.019962736225712003,75,0.019962736225712003
Bar -> Clothing Store -> Food & Drink Shop,3,0.019943019943019943,42,0.019943019943019943
American Restaurant -> Gym / Fitness Center -> Office -> Food & Drink Shop,4,0.019943019943019943,42,0.019943019943019943
Coffee Shop -> Hotel -> Office -> Food & Drink Shop,4,0.019943019943019943,42,0.019943019943019943
Coffee Shop -> Office -> Bar -> Food & Drink Shop,4,0.019943019943019943,42,0.019943019943019943
Gym / Fitness Center -> Office -> Bar -> Food & Drink Shop,4,0.019943019943019943,42,0.019943019943019943
Office -> Subway -> Gym / Fitness Center -> Food & Drink Shop,4,0.019943019943019943,42,0.019943019943019943
Subway -> Park -> Office -> Food & Drink Shop,4,0.019943019943019943,42,0.019943019943019943
Building -> Deli / Bodega -> Coffee Shop -> Office -> Food & Drink Shop,5,0.019943019943019943,42,0.019943019943019943
Coffee Shop -> Office -> Coffee Shop -> Gym / Fitness Center -> Food & Drink Shop,5,0.019943019943019943,42,0.019943019943019943
Gym / Fitness Center -> Office -> Food & Drink Shop -> Coffee Shop -> Food & Drink Shop,5,0.019943019943019943,42,0.019943019943019943
Office -> Neighborhood -> Coffee Shop -> Office -> Food & Drink Shop,5,0.019943019943019943,42,0.019943019943019943
Park -> Subway -> Coffee Shop -> Office -> Food & Drink Shop,5,0.019943019943019943,42,0.019943019943019943
Medical Center -> Park,2,0.019880715705765408,30,0.019880715705765408
American Restaurant -> Deli / Bodega -> Park,3,0.019880715705765408,30,0.019880715705765408
Bar -> American Restaurant -> Park,3,0.019880715705765408,30,0.019880715705765408
Hotel -> Coffee Shop -> Park,3,0.019880715705765408,30,0.019880715705765408
Subway -> Bank -> Park,3,0.019880715705765408,30,0.019880715705765408
American Restaurant -> Office -> Deli / Bodega -> Park,4,0.019880715705765408,30,0.019880715705765408
Bank -> Gym / Fitness Center -> Office -> Park,4,0.019880715705765408,30,0.019880715705765408
Bar -> Office -> Coffee Shop -> Park,4,0.019880715705765408,30,0.019880715705765408
Building -> Office -> Building -> Park,4,0.019880715705765408,30,0.019880715705765408
Building -> Subway -> Office -> Park,4,0.019880715705765408,30,0.019880715705765408
Clothing Store -> Office -> Gym / Fitness Center -> Park,4,0.019880715705765408,30,0.019880715705765408
Coffee Shop -> Building -> Deli / Bodega -> Park,4,0.019880715705765408,30,0.019880715705765408
Coffee Shop -> Food & Drink Shop -> Coffee Shop -> Park,4,0.019880715705765408,30,0.019880715705765408
Coffee Shop -> Subway -> Coffee Shop -> Park,4,0.019880715705765408,30,0.019880715705765408
Deli / Bodega -> Coffee Shop -> Gym / Fitness Center -> Park,4,0.019880715705765408,30,0.019880715705765408
Deli / Bodega -> Office -> Bar -> Park,4,0.019880715705765408,30,0.019880715705765408
Food & Drink Shop -> Clothing Store -> Bar -> Park,4,0.019880715705765408,30,0.019880715705765408
Neighborhood -> Office -> Deli / Bodega -> Park,4,0.019880715705765408,30,0.019880715705765408
Office -> Food & Drink Shop -> Bar -> Park,4,0.019880715705765408,30,0.019880715705765408
Office -> Park -> American Restaurant -> Park,4,0.019880715705765408,30,0.019880715705765408
Park -> Gym / Fitness Center -> Coffee Shop -> Park,4,0.019880715705765408,30,0.019880715705765408
Subway -> Coffee Shop -> Clothing Store -> Park,4,0.019880715705765408,30,0.019880715705765408
Bar -> Office -> Food & Drink Shop -> Office -> Park,5,0.019880715705765408,30,0.019880715705765408
Building -> Subway -> Office -> Park -> Clothing Store,5,0.019880715705765408,18,0.02054794520547945
Coffee Shop -> Deli / Bodega -> Building -> Office -> Park,5,0.019880715705765408,30,0.019880715705765408
Coffee Shop -> Office -> Building -> Deli / Bodega -> Park,5,0.019880715705765408,30,0.019880715705765408
Coffee Shop -> Office -> Food & Drink Shop -> Coffee Shop -> Park,5,0.019880715705765408,30,0.019880715705765408
Coffee Shop -> Park -> Office -> Gym / Fitness Center -> Park,5,0.019880715705765408,30,0.019880715705765408
Deli / Bodega -> Neighborhood -> Office -> Coffee Shop -> Park,5,0.019880715705765408,30,0.019880715705765408
Deli / Bodega -> Office -> Park -> Clothing Store -> Park,5,0.019880715705765408,30,0.019880715705765408
Gym / Fitness Center -> Hotel -> Gym / Fitness Center -> Office -> Park,5,0.019880715705765408,30,0.019880715705765408
Gym / Fitness Center -> Neighborhood -> Office -> Deli / Bodega -> Park,5,0.019880715705765408,30,0.019880715705765408
Gym / Fitness Center -> Park -> Office -> Deli / Bodega -> Park,5,0.019880715705765408,30,0.019880715705765408
Gym / Fitness Center -> Subway -> Office -> Deli / Bodega -> Park,5,0.019880715705765408,30,0.019880715705765408
Office -> Coffee Shop -> Drugstore / Pharmacy -> Office -> Park,5,0.019880715705765408,30,0.019880715705765408
Office -> Gym / Fitness Center -> Park -> Gym / Fitness Center -> Park,5,0.019880715705765408,30,0.019880715705765408
Office -> Subway -> Neighborhood -> Office -> Park,5,0.019880715705765408,30,0.019880715705765408
Park -> Coffee Shop -> Office -> Clothing Store -> Park,5,0.019880715705765408,30,0.019880715705765408
Park -> Deli / Bodega -> Office -> Deli / Bodega -> Park,5,0.019880715705765408,30,0.019880715705765408
Park -> Gym / Fitness Center -> Office -> Deli / Bodega -> Park,5,0.019880715705765408,30,0.019880715705765408
Park -> Office -> Park -> Coffee Shop -> Park,5,0.019880715705765408,30,0.019880715705765408
Bar -> Deli / Bodega -> Coffee Shop,3,0.019864559819413093,44,0.019864559819413093
Building -> Food & Drink Shop -> Coffee Shop,3,0.019864559819413093,44,0.019864559819413093
College Academic Building -> Deli / Bodega -> Coffee Shop,3,0.019864559819413093,44,0.019864559819413093
College Academic Building -> Gym / Fitness Center -> Coffee Shop,3,0.019864559819413093,44,0.019864559819413093
Food & Drink Shop -> Building -> Coffee Shop,3,0.019864559819413093,44,0.019864559819413093
Bar -> Deli / Bodega -> Coffee Shop -> Clothing Store,4,0.019864559819413093,18,0.02054794520547945
Bar -> Office -> Building -> Coffee Shop,4,0.019864559819413093,44,0.019864559819413093
Building -> Office -> Bar -> Coffee Shop,4,0.019864559819413093,44,0.019864559819413093
Coffee Shop -> Bar -> Gym / Fitness Center -> Coffee Shop,4,0.019864559819413093,44,0.019864559819413093
Gym / Fitness Center -> Office -> American Restaurant -> Coffee Shop,4,0.019864559819413093,44,0.019864559819413093
Office -> Deli / Bodega -> Gym / Fitness Center -> Coffee Shop,4,0.019864559819413093,44,0.019864559819413093
Office -> Park -> Deli / Bodega -> Coffee Shop,4,0.019864559819413093,44,0.019864559819413093
Office -> Train Station -> Gym / Fitness Center -> Coffee Shop,4,0.019864559819413093,44,0.019864559819413093
Subway -> Office -> Hotel -> Coffee Shop,4,0.019864559819413093,44,0.019864559819413093
Bar -> Office -> Building -> Coffee Shop -> Clothing Store,5,0.019864559819413093,22,0.02511415525114155
Building -> Office -> Bar -> Coffee Shop -> Clothing Store,5,0.019864559819413093,19,0.021689497716894976
Building -> Office -> Coffee Shop -> Train Station -> Coffee Shop,5,0.019864559819413093,44,0.019864559819413093
Coffee Shop -> Deli / Bodega -> Office -> Subway -> Coffee Shop,5,0.019864559819413093,44,0.019864559819413093
Coffee Shop -> Hotel -> Office -> Gym / Fitness Center -> Coffee Shop,5,0.019864559819413093,44,0.019864559819413093
Coffee Shop -> Subway -> Deli / Bodega -> Office -> Coffee Shop,5,0.019864559819413093,44,0.019864559819413093
Coffee Shop -> Subway -> Office -> Deli / Bodega -> Coffee Shop,5,0.019864559819413093,44,0.019864559819413093
Coffee Shop -> Train Station -> Office -> Building -> Coffee Shop,5,0.019864559819413093,44,0.019864559819413093
College Academic Building -> Office -> Coffee Shop -> Office -> Coffee Shop,5,0.019864559819413093,44,0.019864559819413093
Gym / Fitness Center -> Coffee Shop -> Office -> Park -> Coffee Shop,5,0.019864559819413093,44,0.019864559819413093
Hotel -> Coffee Shop -> Office -> Gym / Fitness Center -> Coffee Shop,5,0.019864559819413093,44,0.019864559819413093
Hotel -> Coffee Shop -> Train Station -> Office -> Coffee Shop,5,0.019864559819413093,44,0.019864559819413093
Hotel -> Office -> Coffee Shop -> Gym / Fitness Center -> Coffee Shop,5,0.019864559819413093,44,0.019864559819413093
Office -> Deli / Bodega -> Gym / Fitness Center -> Coffee Shop -> Clothing Store,5,0.019864559819413093,21,0.023972602739726026
Office -> Deli / Bodega -> Gym / Fitness Center -> Coffee Shop -> Train Station,5,0.019864559819413093,46,0.021936099189318072
Office -> Deli / Bodega -> Office -> Park -> Coffee Shop,5,0.019864559819413093,44,0.019864559819413093
Office -> Gym / Fitness Center -> Office -> Clothing Store -> Coffee Shop,5,0.019864559819413093,44,0.019864559819413093
Office -> Gym / Fitness Center -> Office -> Train Station -> Coffee Shop,5,0.019864559819413093,44,0.019864559819413093
Office -> Hotel -> Office -> Deli / Bodega -> Coffee Shop,5,0.019864559819413093,44,0.019864559819413093
Office -> Park -> Deli / Bodega -> Coffee Shop -> Office,5,0.019864559819413093,88,0.02342294383816875
Office -> Subway -> Office -> Park -> Coffee Shop,5,0.019864559819413093,44,0.019864559819413093
Office -> Train Station -> Gym / Fitness Center -> Coffee Shop -> Clothing Store,5,0.019864559819413093,23,0.026255707762557076
Office -> Train Station -> Gym / Fitness Center -> Coffee Shop -> Train Station,5,0.019864559819413093,56,0.02670481640438722
Park -> Office -> Neighborhood -> Office -> Coffee Shop,5,0.019864559819413093,44,0.019864559819413093
Subway -> Deli / Bodega -> Office -> Gym / Fitness Center -> Coffee Shop,5,0.019864559819413093,44,0.019864559819413093
Subway -> Office -> Coffee Shop -> Gym / Fitness Center -> Coffee Shop,5,0.019864559819413093,44,0.019864559819413093
Train Station -> Coffee Shop -> Office -> Building -> Coffee Shop,5,0.019864559819413093,44,0.019864559819413093
Other Great Outdoors -> College Academic Building,2,0.019809244314013204,27,0.019809244314013204
American Restaurant -> Gym / Fitness Center -> College Academic Building,3,0.019809244314013204,27,0.019809244314013204
Coffee Shop -> American Restaurant -> College Academic Building,3,0.019809244314013204,27,0.019809244314013204
College Academic Building -> Subway -> College Academic Building,3,0.019809244314013204,27,0.019809244314013204
Park -> Food & Drink Shop -> College Academic Building,3,0.019809244314013204,27,0.019809244314013204
Coffee Shop -> College Academic Building -> Gym / Fitness Center -> College Academic Building,4,0.019809244314013204,27,0.019809244314013204
College Academic Building -> Office -> Deli / Bodega -> College Academic Building,4,0.019809244314013204,27,0.019809244314013204
Deli / Bodega -> Coffee Shop -> Gym / Fitness Center -> College Academic Building,4,0.019809244314013204,27,0.019809244314013204
Deli / Bodega -> Gym / Fitness Center -> Building -> College Academic Building,4,0.019809244314013204,27,0.019809244314013204
Gym / Fitness Center -> Neighborhood -> Office -> College Academic Building,4,0.019809244314013204,27,0.019809244314013204
Neighborhood -> Gym / Fitness Center -> Office -> College Academic Building,4,0.019809244314013204,27,0.019809244314013204
Office -> Clothing Store -> Coffee Shop -> College Academic Building,4,0.019809244314013204,27,0.019809244314013204
Office -> College Academic Building -> Deli / Bodega -> College Academic Building,4,0.019809244314013204,27,0.019809244314013204
Park -> Office -> Building -> College Academic Building,4,0.019809244314013204,27,0.019809244314013204
Coffee Shop -> Deli / Bodega -> Office -> Deli / Bodega -> College Academic Building,5,0.019809244314013204,27,0.019809244314013204
Coffee Shop -> Gym / Fitness Center -> Office -> Deli / Bodega -> College Academic Building,5,0.019809244314013204,27,0.019809244314013204
Coffee Shop -> Office -> Building -> Coffee Shop -> College Academic Building,5,0.019809244314013204,27,0.019809244314013204
Deli / Bodega -> Office -> Neighborhood -> Office -> College Academic Building,5,0.019809244314013204,27,0.019809244314013204
Deli / Bodega -> Park -> Deli / Bodega -> Office -> College Academic Building,5,0.019809244314013204,27,0.019809244314013204
Gym / Fitness Center -> Building -> Office -> Coffee Shop -> College Academic Building,5,0.019809244314013204,27,0.019809244314013204
Gym / Fitness Center -> Coffee Shop -> Office -> Gym / Fitness Center -> College Academic Building,5,0.019809244314013204,27,0.019809244314013204
Gym / Fitness Center -> Deli / Bodega -> Park -> Office -> College Academic Building,5,0.019809244314013204,27,0.019809244314013204
Gym / Fitness Center -> Park -> Deli / Bodega -> Office -> College Academic Building,5,0.019809244314013204,27,0.019809244314013204
Hotel -> Office -> Gym / Fitness Center -> Office -> College Academic Building,5,0.019809244314013204,27,0.019809244314013204
Office -> Gym / Fitness Center -> Office -> Gym / Fitness Center -> College Academic Building,5,0.019809244314013204,27,0.019809244314013204
Office -> Park -> Office -> Coffee Shop -> College Academic Building,5,0.019809244314013204,27,0.019809244314013204
Gym / Fitness Center -> College Academic Building -> Bar,3,0.019792865362485614,86,0.019792865362485614
Coffee Shop -> Gym / Fitness Center -> Coffee Shop -> Bar,4,0.019792865362485614,86,0.019792865362485614
Food & Drink Shop -> Coffee Shop -> Gym / Fitness Center -> Bar,4,0.019792865362485614,86,0.019792865362485614
Gym / Fitness Center -> College Academic Building -> Bar -> College Academic Building,4,0.019792865362485614,27,0.019809244314013204
Hotel -> Office -> Gym / Fitness Center -> Bar,4,0.019792865362485614,86,0.019792865362485614
Office -> American Restaurant -> Gym / Fitness Center -> Bar,4,0.019792865362485614,86,0.019792865362485614
Park -> Gym / Fitness Center -> Park -> Bar,4,0.019792865362485614,86,0.019792865362485614
Coffee Shop -> Gym / Fitness Center -> Coffee Shop -> Bar -> Hotel,5,0.019792865362485614,22,0.026159334126040427
Food & Drink Shop -> Coffee Shop -> Gym / Fitness Center -> Bar -> Hotel,5,0.019792865362485614,19,0.022592152199762187
Hotel -> Office -> Gym / Fitness Center -> Bar -> Clothing Store,5,0.019792865362485614,20,0.0228310502283105
Hotel -> Office -> Gym / Fitness Center -> Bar -> Hotel,5,0.019792865362485614,21,0.02497027348394768
Office -> American Restaurant -> Gym / Fitness Center -> Bar -> Hotel,5,0.019792865362485614,18,0.02140309155766944
Food & Drink Shop -> Park -> Office,3,0.019696566409369176,74,0.019696566409369176
Food & Drink Shop -> Park -> Office -> Clothing Store,4,0.019696566409369176,23,0.026255707762557076
Food & Drink Shop -> Park -> Office -> Park,4,0.019696566409369176,54,0.03578528827037773
Hotel -> Coffee Shop -> Building -> Office,4,0.019696566409369176,74,0.019696566409369176
Office -> Bar -> Subway -> Office,4,0.019696566409369176,74,0.019696566409369176
Office -> Neighborhood -> Park -> Office,4,0.019696566409369176,74,0.019696566409369176
Park -> Gym / Fitness Center -> Coffee Shop -> Office,4,0.019696566409369176,74,0.019696566409369176
Coffee Shop -> Deli / Bodega -> Office -> Bank -> Office,5,0.019696566409369176,74,0.019696566409369176
Gym / Fitness Center -> Coffee Shop -> Deli / Bodega -> Coffee Shop -> Office,5,0.019696566409369176,74,0.019696566409369176
Gym / Fitness Center -> Deli / Bodega -> Office -> Train Station -> Office,5,0.019696566409369176,74,0.019696566409369176
Gym / Fitness Center -> Train Station -> Office -> Building -> Office,5,0.019696566409369176,74,0.019696566409369176
Hotel -> Coffee Shop -> Building -> Office -> Building,5,0.019696566409369176,22,0.02029520295202952
Hotel -> Coffee Shop -> Building -> Office -> Coffee Shop,5,0.019696566409369176,47,0.021218961625282168
Hotel -> Coffee Shop -> Building -> Office -> Hotel,5,0.019696566409369176,21,0.02497027348394768
Hotel -> Office -> Coffee Shop -> Clothing Store -> Office,5,0.019696566409369176,74,0.019696566409369176
Hotel -> Train Station -> Office -> Coffee Shop -> Office,5,0.019696566409369176,74,0.019696566409369176
Hotel -> Train Station -> Office -> Train Station -> Office,5,0.019696566409369176,74,0.019696566409369176
Office -> Bar -> Subway -> Office -> Clothing Store,5,0.019696566409369176,19,0.021689497716894976
Office -> Bar -> Subway -> Office -> Hotel,5,0.019696566409369176,22,0.026159334126040427
Park -> Coffee Shop -> Office -> Park -> Office,5,0.019696566409369176,74,0.019696566409369176
Park -> Deli / Bodega -> Office -> Food & Drink Shop -> Office,5,0.019696566409369176,74,0.019696566409369176
Park -> Gym / Fitness Center -> Coffee Shop -> Office -> Park,5,0.019696566409369176,36,0.02385685884691849
Park -> Office -> Deli / Bodega -> Bank -> Office,5,0.019696566409369176,74,0.019696566409369176
Train Station -> Office -> Building -> Clothing Store -> Office,5,0.019696566409369176,74,0.019696566409369176
Building -> Food & Drink Shop -> Office -> Gym / Fitness Center,4,0.019696347968814115,48,0.019696347968814115
Building -> Office -> Bar -> Gym / Fitness Center,4,0.019696347968814115,48,0.019696347968814115
Building -> Office -> Deli / Bodega -> Gym / Fitness Center,4,0.019696347968814115,48,0.019696347968814115
Coffee Shop -> Drugstore / Pharmacy -> Office -> Gym / Fitness Center,4,0.019696347968814115,48,0.019696347968814115
Coffee Shop -> Gym / Fitness Center -> Clothing Store -> Gym / Fitness Center,4,0.019696347968814115,48,0.019696347968814115
Coffee Shop -> Gym / Fitness Center -> Food & Drink Shop -> Gym / Fitness Center,4,0.019696347968814115,48,0.019696347968814115
Gym / Fitness Center -> Bank -> Office -> Gym / Fitness Center,4,0.019696347968814115,48,0.019696347968814115
Office -> Food & Drink Shop -> Bar -> Gym / Fitness Center,4,0.019696347968814115,48,0.019696347968814115
Office -> Food & Drink Shop -> Clothing Store -> Gym / Fitness Center,4,0.019696347968814115,48,0.019696347968814115
Building -> Office -> Bar -> Gym / Fitness Center -> Train Station,5,0.019696347968814115,43,0.02050548402479733
Building -> Office -> Deli / Bodega -> Gym / Fitness Center -> Bank,5,0.019696347968814115,13,0.021035598705501618
Building -> Office -> Deli / Bodega -> Gym / Fitness Center -> Train Station,5,0.019696347968814115,50,0.023843586075345733
Coffee Shop -> Deli / Bodega -> Office -> Food & Drink Shop -> Gym / Fitness Center,5,0.019696347968814115,48,0.019696347968814115
Coffee Shop -> Gym / Fitness Center -> Clothing Store -> Gym / Fitness Center -> Clothing Store,5,0.019696347968814115,23,0.026255707762557076
Coffee Shop -> Gym / Fitness Center -> Clothing Store -> Gym / Fitness Center -> Park,5,0.019696347968814115,37,0.024519549370444003
Coffee Shop -> Gym / Fitness Center -> Food & Drink Shop -> Gym / Fitness Center -> Clothing Store,5,0.019696347968814115,23,0.026255707762557076
Coffee Shop -> Office -> College Academic Building -> Office -> Gym / Fitness Center,5,0.019696347968814115,48,0.019696347968814115
Deli / Bodega -> Coffee Shop -> Building -> Office -> Gym / Fitness Center,5,0.019696347968814115,48,0.019696347968814115
Deli / Bodega -> Office -> Bar -> Office -> Gym / Fitness Center,5,0.019696347968814115,48,0.019696347968814115
Drugstore / Pharmacy -> Office -> Coffee Shop -> Office -> Gym / Fitness Center,5,0.019696347968814115,48,0.019696347968814115
Gym / Fitness Center -> Bank -> Office -> Gym / Fitness Center -> Clothing Store,5,0.019696347968814115,18,0.02054794520547945
Gym / Fitness Center -> Bank -> Office -> Gym / Fitness Center -> Train Station,5,0.019696347968814115,43,0.02050548402479733
Gym / Fitness Center -> Coffee Shop -> Hotel -> Office -> Gym / Fitness Center,5,0.019696347968814115,48,0.019696347968814115
Gym / Fitness Center -> Coffee Shop -> Office -> Food & Drink Shop -> Gym / Fitness Center,5,0.019696347968814115,48,0.019696347968814115
Gym / Fitness Center -> Deli / Bodega -> Coffee Shop -> Office -> Gym / Fitness Center,5,0.019696347968814115,48,0.019696347968814115
Gym / Fitness Center -> Deli / Bodega -> Office -> Park -> Gym / Fitness Center,5,0.019696347968814115,48,0.019696347968814115
Gym / Fitness Center -> Office -> Building -> Coffee Shop -> Gym / Fitness Center,5,0.019696347968814115,48,0.019696347968814115
Gym / Fitness Center -> Office -> Coffee Shop -> Bar -> Gym / Fitness Center,5,0.019696347968814115,48,0.019696347968814115
Office -> Building -> Office -> Food & Drink Shop -> Gym / Fitness Center,5,0.019696347968814115,48,0.019696347968814115
Office -> Food & Drink Shop -> Office -> Bar -> Gym / Fitness Center,5,0.019696347968814115,48,0.019696347968814115
Office -> Gym / Fitness Center -> Deli / Bodega -> Office -> Gym / Fitness Center,5,0.019696347968814115,48,0.019696347968814115
Office -> Hotel -> Building -> Office -> Gym / Fitness Center,5,0.019696347968814115,48,0.019696347968814115
Subway -> Office -> Hotel -> Office -> Gym / Fitness Center,5,0.019696347968814115,48,0.019696347968814115
Bank -> Office -> Subway,3,0.01965356429047302,59,0.01965356429047302
Coffee Shop -> Clothing Store -> Subway,3,0.01965356429047302,59,0.01965356429047302
Bank -> Office -> Subway -> Hotel,4,0.01965356429047302,25,0.029726516052318668
Bank -> Office -> Subway -> Office,4,0.01965356429047302,102,0.027149321266968326
Bank -> Office -> Subway -> Office -> Clothing Store,5,0.01965356429047302,27,0.030821917808219176
Bank -> Office -> Subway -> Office -> Hotel,5,0.01965356429047302,20,0.023781212841854936
Bank -> Office -> Subway -> Office -> Park,5,0.01965356429047302,30,0.019880715705765408
Office -> Coffee Shop -> Office -> Gym / Fitness Center -> Subway,5,0.01965356429047302,59,0.01965356429047302
Bar -> American Restaurant -> Bus Station,3,0.01964769647696477,29,0.01964769647696477
Gym / Fitness Center -> Office -> Bus Station,3,0.01964769647696477,29,0.01964769647696477
Subway -> Bar -> Bus Station,3,0.01964769647696477,29,0.01964769647696477
Coffee Shop -> Hotel -> Bar -> Bus Station,4,0.01964769647696477,29,0.01964769647696477
Office -> Hotel -> Bar -> Hotel -> Bus Station,5,0.01964769647696477,29,0.01964769647696477
Train Station -> Office -> Deli / Bodega -> Office -> Bus Station,5,0.01964769647696477,29,0.01964769647696477
Food & Drink Shop -> Bar -> Food & Drink Shop -> Bar,4,0.019562715765247412,85,0.019562715765247412
Food & Drink Shop -> Office -> Food & Drink Shop -> Bar,4,0.019562715765247412,85,0.019562715765247412
Gym / Fitness Center -> Bar -> Food & Drink Shop -> Bar,4,0.019562715765247412,85,0.019562715765247412
Gym / Fitness Center -> Bar -> Office -> Bar,4,0.019562715765247412,85,0.019562715765247412
Office -> Park -> American Restaurant -> Bar,4,0.019562715765247412,85,0.019562715765247412
Office -> Train Station -> Office -> Bar,4,0.019562715765247412,85,0.019562715765247412
Gym / Fitness Center -> Bar -> Office -> Bar -> Hotel,5,0.019562715765247412,18,0.02140309155766944
Office -> Train Station -> Office -> Bar -> Clothing Store,5,0.019562715765247412,22,0.02511415525114155
Office -> Train Station -> Office -> Bar -> Hotel,5,0.019562715765247412,27,0.03210463733650416
Office -> Train Station -> Office -> Bar -> Train Station,5,0.019562715765247412,81,0.03862660944206009
Building -> Bar -> Deli / Bodega,3,0.019559902200488997,24,0.019559902200488997
Neighborhood -> Building -> Deli / Bodega,3,0.019559902200488997,24,0.019559902200488997
American Restaurant -> Coffee Shop -> Building -> Deli / Bodega,4,0.019559902200488997,24,0.019559902200488997
Bar -> Office -> Building -> Deli / Bodega,4,0.019559902200488997,24,0.019559902200488997
Building -> Bank -> Office -> Deli / Bodega,4,0.019559902200488997,24,0.019559902200488997
Building -> Drugstore / Pharmacy -> Office -> Deli / Bodega,4,0.019559902200488997,24,0.019559902200488997
Bus Station -> Deli / Bodega -> Office -> Deli / Bodega,4,0.019559902200488997,24,0.019559902200488997
Coffee Shop -> Deli / Bodega -> Clothing Store -> Deli / Bodega,4,0.019559902200488997,24,0.019559902200488997
Coffee Shop -> Deli / Bodega -> Gym / Fitness Center -> Deli / Bodega,4,0.019559902200488997,24,0.019559902200488997
Coffee Shop -> Deli / Bodega -> Park -> Deli / Bodega,4,0.019559902200488997,24,0.019559902200488997
Coffee Shop -> Office -> Drugstore / Pharmacy -> Deli / Bodega,4,0.019559902200488997,24,0.019559902200488997
Deli / Bodega -> Clothing Store -> Office -> Deli / Bodega,4,0.019559902200488997,24,0.019559902200488997
Gym / Fitness Center -> College Academic Building -> Coffee Shop -> Deli / Bodega,4,0.019559902200488997,24,0.019559902200488997
Gym / Fitness Center -> Deli / Bodega -> American Restaurant -> Deli / Bodega,4,0.019559902200488997,24,0.019559902200488997
Gym / Fitness Center -> Office -> Bar -> Deli / Bodega,4,0.019559902200488997,24,0.019559902200488997
Gym / Fitness Center -> Subway -> Coffee Shop -> Deli / Bodega,4,0.019559902200488997,24,0.019559902200488997
Hotel -> Office -> Subway -> Deli / Bodega,4,0.019559902200488997,24,0.019559902200488997
Office -> Coffee Shop -> American Restaurant -> Deli / Bodega,4,0.019559902200488997,24,0.019559902200488997
Office -> Coffee Shop -> Hotel -> Deli / Bodega,4,0.019559902200488997,24,0.019559902200488997
Office -> Coffee Shop -> Park -> Deli / Bodega,4,0.019559902200488997,24,0.019559902200488997
American Restaurant -> Office -> Deli / Bodega -> Coffee Shop -> Deli / Bodega,5,0.019559902200488997,24,0.019559902200488997
Bar -> Office -> Building -> Coffee Shop -> Deli / Bodega,5,0.019559902200488997,24,0.019559902200488997
Bar -> Office -> Train Station -> Office -> Deli / Bodega,5,0.019559902200488997,24,0.019559902200488997
Coffee Shop -> Building -> Office -> College Academic Building -> Deli / Bodega,5,0.019559902200488997,24,0.019559902200488997
Coffee Shop -> Building -> Office -> Subway -> Deli / Bodega,5,0.019559902200488997,24,0.019559902200488997
Coffee Shop -> Office -> Bank -> Office -> Deli / Bodega,5,0.019559902200488997,24,0.019559902200488997
Coffee Shop -> Office -> Deli / Bodega -> Gym / Fitness Center -> Deli / Bodega,5,0.019559902200488997,24,0.019559902200488997
Coffee Shop -> Office -> Park -> Office -> Deli / Bodega,5,0.019559902200488997,24,0.019559902200488997
Deli / Bodega -> Coffee Shop -> Office -> Gym / Fitness Center -> Deli / Bodega,5,0.019559902200488997,24,0.019559902200488997
Deli / Bodega -> Office -> College Academic Building -> Coffee Shop -> Deli / Bodega,5,0.019559902200488997,24,0.019559902200488997
Drugstore / Pharmacy -> Office -> Subway -> Office -> Deli / Bodega,5,0.019559902200488997,24,0.019559902200488997
Gym / Fitness Center -> American Restaurant -> Office -> Coffee Shop -> Deli / Bodega,5,0.019559902200488997,24,0.019559902200488997
Gym / Fitness Center -> Deli / Bodega -> Building -> Clothing Store -> Deli / Bodega,5,0.019559902200488997,24,0.019559902200488997
Gym / Fitness Center -> Office -> Deli / Bodega -> Clothing Store -> Deli / Bodega,5,0.019559902200488997,24,0.019559902200488997
Gym / Fitness Center -> Office -> Neighborhood -> Coffee Shop -> Deli / Bodega,5,0.019559902200488997,24,0.019559902200488997
Gym / Fitness Center -> Park -> Building -> Office -> Deli / Bodega,5,0.019559902200488997,24,0.019559902200488997
Gym / Fitness Center -> Park -> Coffee Shop -> Office -> Deli / Bodega,5,0.019559902200488997,24,0.019559902200488997
Gym / Fitness Center -> Park -> Office -> Gym / Fitness Center -> Deli / Bodega,5,0.019559902200488997,24,0.019559902200488997
Gym / Fitness Center -> Train Station -> Office -> Building -> Deli / Bodega,5,0.019559902200488997,24,0.019559902200488997
Hotel -> Coffee Shop -> Gym / Fitness Center -> Office -> Deli / Bodega,5,0.019559902200488997,24,0.019559902200488997
Hotel -> Coffee Shop -> Office -> Clothing Store -> Deli / Bodega,5,0.019559902200488997,24,0.019559902200488997
Office -> American Restaurant -> Office -> Building -> Deli / Bodega,5,0.019559902200488997,24,0.019559902200488997
Office -> American Restaurant -> Office -> Coffee Shop -> Deli / Bodega,5,0.019559902200488997,24,0.019559902200488997
Office -> Building -> Office -> Bar -> Deli / Bodega,5,0.019559902200488997,24,0.019559902200488997
Office -> Coffee Shop -> Office -> Bar -> Deli / Bodega,5,0.019559902200488997,24,0.019559902200488997
Office -> Coffee Shop -> Office -> Park -> Deli / Bodega,5,0.019559902200488997,24,0.019559902200488997
Office -> Coffee Shop -> Park -> Office -> Deli / Bodega,5,0.019559902200488997,24,0.019559902200488997
Office -> College Academic Building -> Office -> Coffee Shop -> Deli / Bodega,5,0.019559902200488997,24,0.019559902200488997
Office -> Deli / Bodega -> Clothing Store -> Office -> Deli / Bodega,5,0.019559902200488997,24,0.019559902200488997
Office -> Gym / Fitness Center -> Office -> Gym / Fitness Center -> Deli / Bodega,5,0.019559902200488997,24,0.019559902200488997
Office -> Hotel -> Office -> Gym / Fitness Center -> Deli / Bodega,5,0.019559902200488997,24,0.019559902200488997
Office -> Park -> Gym / Fitness Center -> Office -> Deli / Bodega,5,0.019559902200488997,24,0.019559902200488997
Office -> Subway -> Building -> Office -> Deli / Bodega,5,0.019559902200488997,24,0.019559902200488997
Subway -> Coffee Shop -> Clothing Store -> Office -> Deli / Bodega,5,0.019559902200488997,24,0.019559902200488997
Subway -> Coffee Shop -> Deli / Bodega -> Office -> Deli / Bodega,5,0.019559902200488997,24,0.019559902200488997
Deli / Bodega -> Subway -> Train Station,3,0.0195517405817835,41,0.0195517405817835
Drugstore / Pharmacy -> Coffee Shop -> Train Station,3,0.0195517405817835,41,0.0195517405817835
Office -> Drugstore / Pharmacy -> Train Station,3,0.0195517405817835,41,0.0195517405817835
American Restaurant -> Deli / Bodega -> Office -> Train Station,4,0.0195517405817835,41,0.0195517405817835
American Restaurant -> Gym / Fitness Center -> Office -> Train Station,4,0.0195517405817835,41,0.0195517405817835
Bank -> Deli / Bodega -> Office -> Train Station,4,0.0195517405817835,41,0.0195517405817835
Building -> Coffee Shop -> Bar -> Train Station,4,0.0195517405817835,41,0.0195517405817835
Building -> Office -> Hotel -> Train Station,4,0.0195517405817835,41,0.0195517405817835
Building -> Subway -> Office -> Train Station,4,0.0195517405817835,41,0.0195517405817835
Clothing Store -> Office -> Clothing Store -> Train Station,4,0.0195517405817835,41,0.0195517405817835
Gym / Fitness Center -> Clothing Store -> Coffee Shop -> Train Station,4,0.0195517405817835,41,0.0195517405817835
Hotel -> Gym / Fitness Center -> Office -> Train Station,4,0.0195517405817835,41,0.0195517405817835
Office -> Bar -> Hotel -> Train Station,4,0.0195517405817835,41,0.0195517405817835
Park -> Coffee Shop -> Office -> Train Station,4,0.0195517405817835,41,0.0195517405817835
Train Station -> Coffee Shop -> Hotel -> Train Station,4,0.0195517405817835,41,0.0195517405817835
American Restaurant -> Office -> Building -> Office -> Train Station,5,0.0195517405817835,41,0.0195517405817835
American Restaurant -> Office -> Deli / Bodega -> Office -> Train Station,5,0.0195517405817835,41,0.0195517405817835
Bank -> Office -> Deli / Bodega -> Office -> Train Station,5,0.0195517405817835,41,0.0195517405817835
Coffee Shop -> Office -> Food & Drink Shop -> Office -> Train Station,5,0.0195517405817835,41,0.0195517405817835
Coffee Shop -> Office -> Train Station -> Deli / Bodega -> Train Station,5,0.0195517405817835,41,0.0195517405817835
Deli / Bodega -> Office -> Deli / Bodega -> Gym / Fitness Center -> Train Station,5,0.0195517405817835,41,0.0195517405817835
Deli / Bodega -> Office -> Gym / Fitness Center -> Subway -> Train Station,5,0.0195517405817835,41,0.0195517405817835
Gym / Fitness Center -> Office -> Train Station -> Clothing Store -> Train Station,5,0.0195517405817835,41,0.0195517405817835
Gym / Fitness Center -> Subway -> Office -> Gym / Fitness Center -> Train Station,5,0.0195517405817835,41,0.0195517405817835
Hotel -> Coffee Shop -> Office -> Building -> Train Station,5,0.0195517405817835,41,0.0195517405817835
Office -> Coffee Shop -> Office -> Food & Drink Shop -> Train Station,5,0.0195517405817835,41,0.0195517405817835
Train Station -> Coffee Shop -> Train Station -> Building -> Train Station,5,0.0195517405817835,41,0.0195517405817835
Train Station -> Office -> Deli / Bodega -> Coffee Shop -> Train Station,5,0.0195517405817835,41,0.0195517405817835
