sequence,length,sequence_index,tail_event_count,last_density_ratio
Drugstore / Pharmacy -> Bank,2,1252.0068882463224,9,1252.0068882463224
Drugstore / Pharmacy -> Bank -> American Restaurant,3,1252.0068882463224,1,5116.225679130034
Drugstore / Pharmacy -> Bank -> Coffee Shop,3,1252.0068882463224,1,2393.2966901831887
Drugstore / Pharmacy -> Bank -> Subway,3,1252.0068882463224,1,1889.0679430633973
Drugstore / Pharmacy -> Bus Station,2,1078.6520883352932,21,1078.6520883352932
Drugstore / Pharmacy -> Bus Station -> Coffee Shop,3,1078.6520883352932,2,2051.397163014162
Drugstore / Pharmacy -> Bus Station -> Food & Drink Shop,3,1078.6520883352932,2,2213.160373882685
Drugstore / Pharmacy -> Bus Station -> Train Station,3,1078.6520883352932,1,1167.2614171556243
Drugstore / Pharmacy -> Bus Station -> Train Station -> Food & Drink Shop,4,1078.6520883352932,1,23238.18392576819
Bank -> Drugstore / Pharmacy,2,1001.605510597058,8,1001.605510597058
Bank -> Drugstore / Pharmacy -> Bus Station,3,1001.605510597058,2,8500.805743785288
Bank -> Drugstore / Pharmacy -> Bus Station -> Coffee Shop,4,1001.605510597058,2,21539.6702116487
Bank -> Drugstore / Pharmacy -> Coffee Shop,3,1001.605510597058,2,5384.917552912175
Deli / Bodega -> Bank,2,910.8006154055665,11,910.8006154055665
Deli / Bodega -> Bank -> Office,3,910.8006154055665,1,1169.3198977431487
Deli / Bodega -> Bank -> Pizza Place,3,910.8006154055665,1,6504.86770453158
Deli / Bodega -> Building,2,757.4534265908503,16,757.4534265908503
Deli / Bodega -> Building -> Bank,3,757.4534265908503,1,5180.178500119159
Deli / Bodega -> Building -> Deli / Bodega,3,757.4534265908503,1,2484.001678378818
Deli / Bodega -> Building -> Hotel,3,757.4534265908503,3,10985.94556726302
Deli / Bodega -> Building -> Hotel -> Bank,4,757.4534265908503,1,27627.61866730218
Building -> Office,2,749.8329389115257,51,749.8329389115257
Building -> Office -> Building,3,749.8329389115257,1,874.5223529612931
Building -> Office -> Clothing Store,3,749.8329389115257,1,1084.9428912955125
Building -> Office -> Clothing Store -> College Academic Building,4,749.8329389115257,1,35238.06101055372
Building -> Office -> Coffee Shop,3,749.8329389115257,2,1267.0394242146292
Building -> Office -> Coffee Shop -> Park,4,749.8329389115257,1,16632.01123784078
Building -> Office -> Park,3,749.8329389115257,1,1304.4714696345711
Building -> Bank,2,743.344000017099,8,743.344000017099
Building -> Bank -> Deli / Bodega,3,743.344000017099,1,4968.003356757636
Office -> Building,2,706.5733462820148,43,706.5733462820148
Office -> Building -> Bank,3,706.5733462820148,1,1927.5082791141058
Office -> Building -> Bar,3,706.5733462820148,4,1074.257154107136
Office -> Building -> Bar -> Other Great Outdoors,4,706.5733462820148,1,7586.53144182211
Office -> Building -> Clothing Store,3,706.5733462820148,1,1286.7927315365382
Office -> Building -> Coffee Shop,3,706.5733462820148,2,1001.8451261231953
Office -> Building -> Coffee Shop -> Office,4,706.5733462820148,1,6431.259437587318
Office -> Building -> Coffee Shop -> Park,4,706.5733462820148,1,16632.01123784078
Office -> Building -> Coffee Shop -> Park -> Office,5,706.5733462820148,1,12862.518875174635
Office -> Building -> Neighborhood,3,706.5733462820148,2,1777.5292487507609
Office -> Building -> Office,3,706.5733462820148,8,2393.026767474351
Office -> Building -> Office -> Building,4,706.5733462820148,1,5575.080000128244
Office -> Building -> Park,3,706.5733462820148,2,1547.1638360782124
Office -> Building -> Park -> Office,4,706.5733462820148,1,6431.259437587318
Office -> Building -> Other Great Outdoors,3,705.7238550532196,1,705.7238550532196
Building -> Office -> College Academic Building,3,690.9423727559553,1,690.9423727559553
Coffee Shop -> Office,2,689.4365829140709,97,689.4365829140709
Coffee Shop -> Office -> Bank,3,689.4365829140709,1,854.4624330093458
Coffee Shop -> Office -> Bank -> Office,4,689.4365829140709,1,12862.518875174635
Coffee Shop -> Office -> Deli / Bodega,3,689.4365829140709,2,819.4644712177543
Coffee Shop -> Office -> Deli / Bodega -> Park,4,689.4365829140709,1,16632.01123784078
Coffee Shop -> Office -> Park,3,689.4365829140709,3,1028.784200278811
Coffee Shop -> Office -> Park -> Building,4,689.4365829140709,1,14866.880000341984
Other Great Outdoors -> Park,2,685.0714011009933,26,685.0714011009933
Building -> Deli / Bodega,2,668.3412587566326,15,668.3412587566326
Building -> Deli / Bodega -> Bank,3,668.3412587566326,2,11051.047466920872
Building -> Deli / Bodega -> Food & Drink Shop,3,668.3412587566326,1,1549.2122617178793
Building -> Deli / Bodega -> Gym / Fitness Center,3,668.3412587566326,1,1347.6887154781552
Building -> Deli / Bodega -> Office,3,668.3412587566326,1,857.5012583449757
Bus Station -> Drugstore / Pharmacy,2,667.7370070647053,13,667.7370070647053
Bus Station -> Drugstore / Pharmacy -> Bank,3,667.7370070647053,1,6375.604307838965
Bus Station -> Drugstore / Pharmacy -> Bar,3,667.7370070647053,2,1776.6560625618017
Bus Station -> Drugstore / Pharmacy -> Bus Station,3,667.7370070647053,2,5231.265073098638
Bus Station -> Drugstore / Pharmacy -> Bus Station -> Coffee Shop,4,667.7370070647053,1,10769.83510582435
Bus Station -> Drugstore / Pharmacy -> Coffee Shop,3,667.7370070647053,2,3313.795417176723
Bus Station -> Drugstore / Pharmacy -> Coffee Shop -> Bank,4,667.7370070647053,1,41441.428000953274
Bus Station -> Drugstore / Pharmacy -> Park,3,667.7370070647053,1,2558.7709596678123
Bus Station -> Drugstore / Pharmacy -> Subway,3,667.7370070647053,2,2615.632536549319
Building -> Office -> Subway,3,666.7298622576695,2,666.7298622576695
American Restaurant -> Clothing Store,2,640.4176788897122,10,640.4176788897122
American Restaurant -> Clothing Store -> Food & Drink Shop,3,640.4176788897122,1,2323.818392576819
American Restaurant -> Clothing Store -> Home (private),3,640.4176788897122,1,1011.7947833396526
Drugstore / Pharmacy -> Food & Drink Shop,2,631.8539436009479,18,631.8539436009479
Drugstore / Pharmacy -> Food & Drink Shop -> Coffee Shop,3,631.8539436009479,1,1196.6483450915944
Drugstore / Pharmacy -> Food & Drink Shop -> Coffee Shop -> College Academic Building,4,631.8539436009479,1,35238.06101055372
Drugstore / Pharmacy -> Food & Drink Shop -> Medical Center,3,631.8539436009479,1,3007.087746100918
Drugstore / Pharmacy -> Food & Drink Shop -> Residential Building (Apartment / Condo),3,631.8539436009479,1,2634.3378943792313
Drugstore / Pharmacy -> Food & Drink Shop -> Subway,3,631.8539436009479,1,944.5339715316986
Food & Drink Shop -> Bank,2,629.3674813228885,13,629.3674813228885
Food & Drink Shop -> Bank -> Coffee Shop,3,629.3674813228885,1,1656.8977085883614
Food & Drink Shop -> Bank -> Deli / Bodega,3,629.3674813228885,1,3057.2328349277755
Food & Drink Shop -> Bank -> Office,3,629.3674813228885,1,989.4245288595872
Building -> Clothing Store,2,620.3148817945195,9,620.3148817945195
Building -> Clothing Store -> Coffee Shop,3,620.3148817945195,1,4786.5933803663775
Building -> Clothing Store -> College Academic Building,3,620.3148817945195,1,3915.3401122837467
Building -> Clothing Store -> Gym / Fitness Center,3,620.3148817945195,1,2246.147859130259
Coffee Shop -> Office -> Drugstore / Pharmacy,3,619.5498003693142,1,619.5498003693142
Hotel -> Bank,2,610.3303092923899,5,610.3303092923899
Hotel -> Bank -> Building,3,610.3303092923899,1,8920.12800020519
Bank -> Pizza Place,2,596.2795395820615,4,596.2795395820615
Bank -> Coffee Shop,2,583.3660682321522,13,583.3660682321522
Bank -> Coffee Shop -> Building,3,583.3660682321522,1,3430.8184616173808
Bank -> Coffee Shop -> Drugstore / Pharmacy,3,583.3660682321522,2,9245.589328588227
Bank -> Coffee Shop -> Office,3,583.3660682321522,1,989.4245288595872
Bank -> Coffee Shop -> Office -> Coffee Shop,4,583.3660682321522,1,21539.6702116487
Bank -> Coffee Shop -> Office -> Coffee Shop -> Train Station,5,583.3660682321522,1,24512.489760268112
Bank -> Coffee Shop -> Subway,3,583.3660682321522,2,2615.632536549319
Medical Center -> College Academic Building,2,575.3152818049587,11,575.3152818049587
Medical Center -> College Academic Building -> Coffee Shop,3,575.3152818049587,1,1958.1518374226089
Medical Center -> College Academic Building -> Drugstore / Pharmacy,3,575.3152818049587,1,5463.302785074861
Medical Center -> College Academic Building -> Gym / Fitness Center,3,575.3152818049587,1,1837.7573392883935
Medical Center -> College Academic Building -> Gym / Fitness Center -> Drugstore / Pharmacy,4,575.3152818049587,1,60096.33063582348
Medical Center -> College Academic Building -> Gym / Fitness Center -> Medical Center,4,575.3152818049587,2,108255.15885963305
Medical Center -> College Academic Building -> Gym / Fitness Center -> Medical Center -> Drugstore / Pharmacy,5,575.3152818049587,1,60096.33063582348
Medical Center -> College Academic Building -> Medical Center,3,575.3152818049587,4,19682.756156296917
Medical Center -> College Academic Building -> Medical Center -> Drugstore / Pharmacy,4,575.3152818049587,1,30048.16531791174
Medical Center -> College Academic Building -> Medical Center -> Pizza Place,4,575.3152818049587,1,17888.386187461845
Medical Center -> Drugstore / Pharmacy,2,572.3460060554618,5,572.3460060554618
Medical Center -> Drugstore / Pharmacy -> Deli / Bodega,3,572.3460060554618,1,7948.805370812216
Medical Center -> Drugstore / Pharmacy -> Deli / Bodega -> Medical Center,4,572.3460060554618,1,54127.57942981653
Medical Center -> Drugstore / Pharmacy -> Deli / Bodega -> Medical Center -> Pizza Place,5,572.3460060554618,1,71553.54474984738
Medical Center -> Drugstore / Pharmacy -> Deli / Bodega -> Pizza Place,4,572.3460060554618,1,71553.54474984738
Medical Center -> Drugstore / Pharmacy -> Medical Center,3,572.3460060554618,1,10825.515885963305
Coffee Shop -> Office -> Clothing Store,3,570.4338912997024,1,570.4338912997024
Office -> Building -> Train Station,3,570.057901401584,1,570.057901401584
Bank -> Subway,2,566.7203829190191,16,566.7203829190191
Bank -> Subway -> Office,3,566.7203829190191,1,803.9074296984147
Bus Station -> Bank,2,566.7203829190191,8,566.7203829190191
Bus Station -> Bank -> Bus Station,3,566.7203829190191,2,8500.805743785288
Bus Station -> Bank -> Bus Station -> Coffee Shop,4,566.7203829190191,1,10769.83510582435
Bus Station -> Bank -> Clothing Store,3,566.7203829190191,1,6916.510932008891
Bus Station -> Bank -> Coffee Shop,3,566.7203829190191,2,5384.917552912175
Bus Station -> Bank -> Coffee Shop -> Drugstore / Pharmacy,4,566.7203829190191,1,30048.16531791174
Bus Station -> Bank -> Drugstore / Pharmacy,3,566.7203829190191,2,15024.08265895587
Bus Station -> Bank -> Drugstore / Pharmacy -> Bus Station,4,566.7203829190191,1,17001.611487570575
Bus Station -> Bank -> Drugstore / Pharmacy -> Bus Station -> Coffee Shop,5,566.7203829190191,1,21539.6702116487
Bus Station -> Bank -> Drugstore / Pharmacy -> Coffee Shop,4,566.7203829190191,1,10769.83510582435
Subway -> Bank,2,566.7203829190191,16,566.7203829190191
Subway -> Bank -> Office,3,566.7203829190191,3,2411.722289095244
Subway -> Bank -> Office -> Pizza Place,4,566.7203829190191,1,23851.18158328246
Subway -> Bank -> Park,3,566.7203829190191,1,2079.0014047300974
Coffee Shop -> Drugstore / Pharmacy,2,553.1335250725496,16,553.1335250725496
Coffee Shop -> Drugstore / Pharmacy -> Bus Station,3,553.1335250725496,1,2125.201435946322
Coffee Shop -> Drugstore / Pharmacy -> Food & Drink Shop,3,553.1335250725496,1,1452.3864953605118
Coffee Shop -> Drugstore / Pharmacy -> Office,3,553.1335250725496,1,803.9074296984147
Coffee Shop -> Drugstore / Pharmacy -> Park,3,553.1335250725496,1,2079.0014047300974
Coffee Shop -> Drugstore / Pharmacy -> Pizza Place,3,553.1335250725496,1,4472.096546865461
Coffee Shop -> Drugstore / Pharmacy -> Pizza Place -> Medical Center,4,553.1335250725496,1,54127.57942981653
Deli / Bodega -> Office,2,539.6861066506839,42,539.6861066506839
Deli / Bodega -> Office -> Bank,3,539.6861066506839,1,1973.4013333787273
Deli / Bodega -> Office -> Building,3,539.6861066506839,1,1061.9200000244273
Deli / Bodega -> Office -> Building -> Office,4,539.6861066506839,3,38587.5566255239
Deli / Bodega -> Office -> Bus Station,3,539.6861066506839,1,809.6005470271703
Deli / Bodega -> Office -> Coffee Shop,3,539.6861066506839,3,1538.5478722606215
Deli / Bodega -> Office -> Coffee Shop -> Building,4,539.6861066506839,1,14866.880000341984
Deli / Bodega -> Office -> Coffee Shop -> Building -> Office,5,539.6861066506839,3,38587.5566255239
Deli / Bodega -> Office -> Coffee Shop -> Drugstore / Pharmacy,4,539.6861066506839,1,20032.11021194116
Deli / Bodega -> Office -> Coffee Shop -> Office,4,539.6861066506839,7,30012.54404207415
Building -> Hotel,2,525.4861855790981,8,525.4861855790981
Building -> Hotel -> Bank,3,525.4861855790981,2,20720.714000476637
Building -> Hotel -> Bank -> Building,4,525.4861855790981,1,22300.320000512977
Building -> Hotel -> Building,3,525.4861855790981,1,5575.080000128244
Office -> Coffee Shop,2,508.3724298255269,68,508.3724298255269
Office -> Coffee Shop -> Bank,3,508.3724298255269,2,2437.731058879604
Office -> Coffee Shop -> Bank -> Coffee Shop,4,508.3724298255269,1,10769.83510582435
Office -> Coffee Shop -> Bank -> Coffee Shop -> Subway,5,508.3724298255269,1,17001.611487570575
Office -> Coffee Shop -> Bank -> Subway,4,508.3724298255269,2,17001.611487570575
Office -> Coffee Shop -> Building,3,508.3724298255269,1,655.8917647209698
Office -> Coffee Shop -> Building -> Office,4,508.3724298255269,3,38587.5566255239
Office -> Coffee Shop -> Clothing Store,3,508.3724298255269,1,813.7071684716343
Office -> Coffee Shop -> College Academic Building,3,508.3724298255269,1,518.2067795669664
Office -> Coffee Shop -> College Academic Building -> Building,4,508.3724298255269,1,44600.64000102595
Office -> Coffee Shop -> College Academic Building -> Building -> Office,5,508.3724298255269,1,12862.518875174635
Office -> Coffee Shop -> College Academic Building -> Hotel,4,508.3724298255269,1,58591.70969206943
Office -> Coffee Shop -> College Academic Building -> Hotel -> Building,5,508.3724298255269,2,89201.2800020519
Office -> Coffee Shop -> Deli / Bodega,3,508.3724298255269,1,584.4709831479571
Office -> Coffee Shop -> Drugstore / Pharmacy,3,508.3724298255269,2,1767.5391363477493
Office -> Coffee Shop -> Hotel,3,508.3724298255269,2,1723.2855791785128
Office -> Coffee Shop -> Hotel -> Building,4,508.3724298255269,2,44600.64000102595
Office -> Coffee Shop -> Hotel -> Building -> Office,5,508.3724298255269,1,12862.518875174635
Office -> Coffee Shop -> Office,3,508.3724298255269,17,3215.629718793659
Office -> Coffee Shop -> Office -> Food & Drink Shop,4,508.3724298255269,1,1366.951995633423
Office -> Coffee Shop -> Park,3,508.3724298255269,2,978.3536022259283
Office -> Coffee Shop -> Park -> Office,4,508.3724298255269,1,6431.259437587318
Office -> Coffee Shop -> Train Station,3,508.3724298255269,3,1081.4333717765344
Coffee Shop -> Office -> Train Station,3,505.41216000552805,2,505.41216000552805
Coffee Shop -> Office -> Train Station -> Neighborhood,4,505.41216000552805,1,19108.439424070675
Coffee Shop -> Office -> Train Station -> Neighborhood -> Office,5,505.41216000552805,1,12862.518875174635
Office -> Deli / Bodega,2,501.137099032778,39,501.137099032778
Office -> Deli / Bodega -> Building,3,501.137099032778,1,1143.6061538724603
Office -> Deli / Bodega -> Coffee Shop,3,501.137099032778,1,552.2992361961205
Office -> Deli / Bodega -> Office,3,501.137099032778,7,2308.6572340057037
Office -> Deli / Bodega -> Park,3,501.137099032778,2,1705.8473064452085
Office -> Deli / Bodega -> Park -> Office,4,501.137099032778,1,6431.259437587318
Bank -> Bus Station,2,495.8803350541418,7,495.8803350541418
Bank -> Bus Station -> Coffee Shop,3,495.8803350541418,3,9231.287233563728
Coffee Shop -> Bank,2,493.6174423502826,9,493.6174423502826
Coffee Shop -> Bank -> Bus Station,3,493.6174423502826,1,3778.1358861267945
Coffee Shop -> Bank -> Coffee Shop,3,493.6174423502826,1,2393.2966901831887
Coffee Shop -> Bank -> Coffee Shop -> Subway,4,493.6174423502826,1,17001.611487570575
Coffee Shop -> Bank -> Park,3,493.6174423502826,1,3696.0024972979513
Coffee Shop -> Bank -> Subway,3,493.6174423502826,2,3778.1358861267945
Subway -> Drugstore / Pharmacy,2,487.9616590088231,19,487.9616590088231
Subway -> Drugstore / Pharmacy -> Bus Station,3,487.9616590088231,2,3579.2866289622266
Subway -> Drugstore / Pharmacy -> Food & Drink Shop,3,487.9616590088231,2,2446.1246237650726
Subway -> Drugstore / Pharmacy -> Food & Drink Shop -> Medical Center,4,487.9616590088231,1,27063.789714908264
Subway -> Drugstore / Pharmacy -> Medical Center,3,487.9616590088231,1,2848.819969990344
Subway -> Drugstore / Pharmacy -> Subway,3,487.9616590088231,1,894.8216572405566
Medical Center -> Pizza Place,2,486.75880782209106,4,486.75880782209106
Train Station -> Drugstore / Pharmacy,2,481.3630919690112,11,481.3630919690112
Train Station -> Drugstore / Pharmacy -> Train Station,3,481.3630919690112,4,11142.04080012187
Train Station -> Drugstore / Pharmacy -> Train Station -> Drugstore / Pharmacy,4,481.3630919690112,1,30048.16531791174
Train Station -> Drugstore / Pharmacy -> Train Station -> Drugstore / Pharmacy -> Train Station,5,481.3630919690112,1,24512.489760268112
Train Station -> Drugstore / Pharmacy -> Train Station -> Pizza Place,4,481.3630919690112,1,17888.386187461845
Coffee Shop -> Office -> Food & Drink Shop,3,479.1378129024369,2,479.1378129024369
Neighborhood -> Bank,2,477.7109856017668,6,477.7109856017668
Neighborhood -> Bank -> Office,3,477.7109856017668,2,4287.506291724878
Neighborhood -> Bank -> Office -> Pizza Place,4,477.7109856017668,1,35776.77237492369
Building -> College Academic Building,2,474.0546324289738,12,474.0546324289738
Building -> College Academic Building -> Bar,3,474.0546324289738,1,962.355367220976
Building -> College Academic Building -> Bar -> Clothing Store,4,474.0546324289738,1,55332.08745607113
Building -> College Academic Building -> Building,3,474.0546324289738,1,3716.720000085496
Building -> College Academic Building -> Building -> Bar,4,474.0546324289738,1,11548.264406651711
Building -> College Academic Building -> Building -> Bar -> Clothing Store,5,474.0546324289738,1,55332.08745607113
Building -> College Academic Building -> Building -> Clothing Store,4,474.0546324289738,1,55332.08745607113
Building -> College Academic Building -> Clothing Store,3,474.0546324289738,2,9222.014576011856
Building -> College Academic Building -> Train Station,3,474.0546324289738,1,2042.7074800223425
Coffee Shop -> Office -> Building,3,459.8004123817108,1,459.8004123817108
Coffee Shop -> Building,2,458.8046345530553,18,458.8046345530553
Coffee Shop -> Building -> Office,3,458.8046345530553,5,3572.921909770732
Coffee Shop -> Building -> Office -> Subway,4,458.8046345530553,1,3400.322297514115
Food & Drink Shop -> Drugstore / Pharmacy,2,456.3389592673512,13,456.3389592673512
Food & Drink Shop -> Drugstore / Pharmacy -> Bar,3,456.3389592673512,1,888.3280312809009
Food & Drink Shop -> Drugstore / Pharmacy -> Bus Station,3,456.3389592673512,1,2615.632536549319
Food & Drink Shop -> Drugstore / Pharmacy -> Food & Drink Shop,3,456.3389592673512,1,1787.5526096744761
Food & Drink Shop -> Drugstore / Pharmacy -> Gym / Fitness Center,3,456.3389592673512,1,1555.0254409363329
Coffee Shop -> Office -> Coffee Shop,3,444.11691158038553,2,444.11691158038553
Coffee Shop -> Office -> Coffee Shop -> Office,4,444.11691158038553,1,6431.259437587318
Coffee Shop -> Office -> Coffee Shop -> Train Station,4,444.11691158038553,1,12256.244880134056
College Academic Building -> Building,2,434.5500797265594,9,434.5500797265594
College Academic Building -> Building -> Bank,3,434.5500797265594,1,9209.20622243406
College Academic Building -> Building -> Bar,3,434.5500797265594,1,1283.1404896279682
College Academic Building -> Building -> Bar -> Clothing Store,4,434.5500797265594,1,55332.08745607113
College Academic Building -> Building -> Clothing Store,3,434.5500797265594,2,12296.019434682476
College Academic Building -> Building -> Gym / Fitness Center,3,434.5500797265594,2,4492.295718260518
College Academic Building -> Building -> Hotel,3,434.5500797265594,2,13020.379931570986
College Academic Building -> Building -> Hotel -> Bank,4,434.5500797265594,1,41441.428000953274
College Academic Building -> Building -> Office,3,434.5500797265594,2,2858.337527816586
College Academic Building -> Building -> Park,3,434.5500797265594,1,3696.0024972979513
Hotel -> Train Station,2,433.21042286188117,12,433.21042286188117
Deli / Bodega -> Medical Center,2,432.58804739114106,6,432.58804739114106
Deli / Bodega -> Medical Center -> Pizza Place,3,432.58804739114106,1,11925.59079164123
Medical Center -> Deli / Bodega,2,432.588047391141,8,432.588047391141
Medical Center -> Deli / Bodega -> Bank,3,432.588047391141,1,10360.357000238319
Medical Center -> Deli / Bodega -> Building,3,432.588047391141,1,5575.080000128244
Medical Center -> Deli / Bodega -> Building -> Bank,4,432.588047391141,1,82882.85600190655
Medical Center -> Deli / Bodega -> Building -> Hotel,4,432.588047391141,1,58591.70969206943
Medical Center -> Deli / Bodega -> Building -> Hotel -> Bank,5,432.588047391141,1,82882.85600190655
Medical Center -> Deli / Bodega -> Hotel,3,432.588047391141,1,7323.963711508679
Medical Center -> Deli / Bodega -> Hotel -> Bank,4,432.588047391141,1,82882.85600190655
Medical Center -> Deli / Bodega -> Medical Center,3,432.588047391141,3,20297.842286181196
Medical Center -> Deli / Bodega -> Medical Center -> Pizza Place,4,432.588047391141,1,23851.18158328246
Medical Center -> Deli / Bodega -> Pizza Place,3,432.588047391141,1,8944.193093730923
Deli / Bodega -> Park,2,432.0002918919683,13,432.0002918919683
Deli / Bodega -> Park -> Neighborhood,3,432.0002918919683,1,2939.7599113954884
Deli / Bodega -> Park -> Office,3,432.0002918919683,2,1978.8490577191744
College Academic Building -> Medical Center,2,431.486461353719,9,431.486461353719
College Academic Building -> Medical Center -> Bus Station,3,431.486461353719,1,3778.1358861267945
College Academic Building -> Medical Center -> Bus Station -> Gym / Fitness Center,4,431.486461353719,1,20215.33073217233
College Academic Building -> Medical Center -> Drugstore / Pharmacy,3,431.486461353719,1,13354.740141294107
College Academic Building -> Medical Center -> Gym / Fitness Center,3,431.486461353719,1,4492.295718260518
College Academic Building -> Medical Center -> Pizza Place,3,431.486461353719,1,7950.393861094154
Deli / Bodega -> Pizza Place,2,428.89237612296137,5,428.89237612296137
Pizza Place -> Deli / Bodega,2,428.89237612296137,6,428.89237612296137
Pizza Place -> Deli / Bodega -> Bus Station,3,428.89237612296137,1,5667.203829190191
Pizza Place -> Deli / Bodega -> Office,3,428.89237612296137,1,2143.753145862439
Pizza Place -> Deli / Bodega -> Office -> Bus Station,4,428.89237612296137,1,34003.22297514115
Pizza Place -> Deli / Bodega -> Park,3,428.89237612296137,1,5544.003745946927
Clothing Store -> Drugstore / Pharmacy,2,417.91606839932876,5,417.91606839932876
Drugstore / Pharmacy -> American Restaurant,2,417.3356294154408,5,417.3356294154408
Drugstore / Pharmacy -> American Restaurant -> Coffee Shop,3,417.3356294154408,1,4307.934042329739
Other Great Outdoors -> Bus Station,2,414.98975408257695,16,414.98975408257695
Other Great Outdoors -> Bus Station -> Home (private),3,414.98975408257695,2,1264.743479174566
Office -> Clothing Store,2,411.45748835746394,23,411.45748835746394
Office -> Clothing Store -> College Academic Building,3,411.45748835746394,1,1532.0896091545094
Office -> Clothing Store -> Office,3,411.45748835746394,1,559.2399510945494
Office -> Clothing Store -> Train Station,3,411.45748835746394,1,1065.760424359483
Office -> Clothing Store -> Train Station -> Neighborhood,4,411.45748835746394,1,38216.87884814135
Office -> Clothing Store -> Train Station -> Neighborhood -> Hotel,5,411.45748835746394,1,58591.70969206943
Deli / Bodega -> Hotel,2,409.7322356088772,7,409.7322356088772
Deli / Bodega -> Hotel -> Bank,3,409.7322356088772,3,35521.224000817085
Coffee Shop -> Office -> Neighborhood,3,393.988441733416,1,393.988441733416
Coffee Shop -> Office -> Neighborhood -> Office,4,393.988441733416,1,12862.518875174635
Coffee Shop -> Clothing Store,2,389.4516171786273,13,389.4516171786273
Coffee Shop -> Clothing Store -> Neighborhood,3,389.4516171786273,1,2939.7599113954884
Park -> Food & Drink Shop,2,388.5983934074948,20,388.5983934074948
Park -> Food & Drink Shop -> Bar,3,388.5983934074948,1,577.4132203325855
Park -> Food & Drink Shop -> Coffee Shop,3,388.5983934074948,1,1076.9835105824347
Park -> Food & Drink Shop -> Hotel,3,388.5983934074948,1,2929.5854846034713
Park -> Food & Drink Shop -> Office,3,388.5983934074948,1,643.1259437587316
Park -> Food & Drink Shop -> Park,3,388.5983934074948,1,1663.201123784078
Park -> Food & Drink Shop -> Subway,3,388.5983934074948,3,3400.322297514115
Train Station -> Subway,2,387.5906500555214,29,387.5906500555214
Train Station -> Subway -> Bar,3,387.5906500555214,1,398.21601402247285
Train Station -> Subway -> Train Station,3,387.5906500555214,8,6762.066140763617
Train Station -> Subway -> Train Station -> Bar,4,387.5906500555214,1,1443.533050831464
Residential Building (Apartment / Condo) -> Deli / Bodega,2,378.96569109950974,8,378.96569109950974
Bank -> Office,2,375.1568005259269,14,375.1568005259269
Bank -> Office -> Food & Drink Shop,3,375.1568005259269,1,1659.8702804120137
Bank -> Office -> Pizza Place,3,375.1568005259269,1,5110.967482131956
Subway -> Bus Station,2,363.282296742961,25,363.282296742961
Train Station -> Hotel,2,361.00868571823435,8,361.00868571823435
Train Station -> Hotel -> Office,3,361.00868571823435,3,4823.444578190488
Train Station -> Hotel -> Train Station,3,361.00868571823435,1,3064.061220033514
Coffee Shop -> Park,2,360.1951540409482,19,360.1951540409482
Coffee Shop -> Park -> Building,3,360.1951540409482,1,2347.4021053171555
Coffee Shop -> Park -> Deli / Bodega,3,360.1951540409482,1,2091.7908870558467
Coffee Shop -> Park -> Medical Center,3,360.1951540409482,1,2848.819969990344
Coffee Shop -> Park -> Neighborhood,3,360.1951540409482,1,2011.4146762179662
Coffee Shop -> Park -> Office,3,360.1951540409482,1,676.9746776407703
Drugstore / Pharmacy -> Coffee Shop,2,357.9099279881204,11,357.9099279881204
Drugstore / Pharmacy -> Coffee Shop -> Bank,3,357.9099279881204,1,7534.805091082413
Drugstore / Pharmacy -> Coffee Shop -> College Academic Building,3,357.9099279881204,1,3203.4600918685196
Drugstore / Pharmacy -> Coffee Shop -> Drugstore / Pharmacy,3,357.9099279881204,1,5463.302785074861
Drugstore / Pharmacy -> Coffee Shop -> Drugstore / Pharmacy -> Food & Drink Shop,4,357.9099279881204,1,23238.18392576819
Drugstore / Pharmacy -> Coffee Shop -> Food & Drink Shop,3,357.9099279881204,1,2112.5621750698356
Hotel -> Drugstore / Pharmacy,2,354.0284573538938,4,354.0284573538938
Hotel -> Drugstore / Pharmacy -> Hotel,3,354.0284573538938,1,14647.927423017358
College Academic Building -> Clothing Store,2,343.0687441917608,5,343.0687441917608
Neighborhood -> Building,2,342.7522766649449,8,342.7522766649449
Food & Drink Shop -> Hotel,2,342.2412949303121,9,342.2412949303121
Food & Drink Shop -> Hotel -> Coffee Shop,3,342.2412949303121,1,2393.2966901831887
Food & Drink Shop -> Hotel -> Train Station,3,342.2412949303121,1,2723.6099733631236
Office -> Coffee Shop -> Food & Drink Shop,3,341.73799890835573,1,341.73799890835573
Bank -> Food & Drink Shop,2,338.89018225078615,7,338.89018225078615
Bank -> Food & Drink Shop -> Bank,3,338.89018225078615,1,11840.408000272364
Building -> Coffee Shop,2,338.0665728285671,14,338.0665728285671
Building -> Coffee Shop -> Drugstore / Pharmacy,3,338.0665728285671,1,4292.595045415963
Building -> Coffee Shop -> Office,3,338.0665728285671,1,918.7513482267597
Building -> Coffee Shop -> Park,3,338.0665728285671,3,7128.004816217477
Building -> Coffee Shop -> Park -> Office,4,338.0665728285671,1,4287.506291724878
Other Great Outdoors -> Subway,2,337.17917519209374,22,337.17917519209374
Bank -> Deli / Bodega,2,331.2002237838424,4,331.2002237838424
Bank -> Deli / Bodega -> Coffee Shop,3,331.2002237838424,1,5384.917552912175
Bank -> Deli / Bodega -> Coffee Shop -> Office,4,331.2002237838424,1,12862.518875174635
Bank -> Deli / Bodega -> Coffee Shop -> Office -> Coffee Shop,5,331.2002237838424,1,21539.6702116487
Bank -> Deli / Bodega -> Office,3,331.2002237838424,1,3215.629718793659
Food & Drink Shop -> Park,2,330.3086343963706,17,330.3086343963706
Food & Drink Shop -> Park -> Bar,3,330.3086343963706,1,679.3096709795125
Food & Drink Shop -> Park -> Bus Station,3,330.3086343963706,1,2000.1895867730086
Food & Drink Shop -> Park -> Clothing Store,3,330.3086343963706,1,3254.828673886537
Food & Drink Shop -> Park -> Clothing Store -> Medical Center,4,330.3086343963706,1,54127.57942981653
Food & Drink Shop -> Park -> Coffee Shop,3,330.3086343963706,2,2534.0788484292584
Food & Drink Shop -> Park -> Medical Center,3,330.3086343963706,1,3183.9752605774424
Food & Drink Shop -> Park -> Medical Center -> Coffee Shop,4,330.3086343963706,1,21539.6702116487
Food & Drink Shop -> Park -> Neighborhood,3,330.3086343963706,1,2248.051696949491
Food & Drink Shop -> Park -> Other Great Outdoors,3,330.3086343963706,1,1785.0662216052024
Food & Drink Shop -> Park -> Other Great Outdoors -> Clothing Store,4,330.3086343963706,1,55332.08745607113
Food & Drink Shop -> Park -> Other Great Outdoors -> Clothing Store -> Medical Center,5,330.3086343963706,1,54127.57942981653
Food & Drink Shop -> Park -> Other Great Outdoors -> Medical Center,4,330.3086343963706,1,54127.57942981653
Park -> Other Great Outdoors,2,329.8491931227004,12,329.8491931227004
Park -> Other Great Outdoors -> Bar,3,329.8491931227004,1,962.355367220976
Park -> Other Great Outdoors -> Clothing Store,3,329.8491931227004,1,4611.007288005928
Park -> Other Great Outdoors -> Clothing Store -> Medical Center,4,329.8491931227004,1,54127.57942981653
Park -> Other Great Outdoors -> Medical Center,3,329.8491931227004,1,4510.631619151377
Drugstore / Pharmacy -> Medical Center,2,327.054860603121,3,327.054860603121
Drugstore / Pharmacy -> Medical Center -> American Restaurant,3,327.054860603121,1,15348.6770373901
Drugstore / Pharmacy -> Medical Center -> Bank,3,327.054860603121,1,27627.61866730218
Drugstore / Pharmacy -> Medical Center -> Bank -> American Restaurant,4,327.054860603121,1,46046.031112170305
Clothing Store -> Park,2,323.8500101943963,7,323.8500101943963
Clothing Store -> Park -> Subway,3,323.8500101943963,1,2428.8016410815108
Deli / Bodega -> Coffee Shop,2,322.77228089383664,15,322.77228089383664
Deli / Bodega -> Coffee Shop -> Building,3,322.77228089383664,1,2973.376000068397
Deli / Bodega -> Coffee Shop -> Building -> Office,4,322.77228089383664,3,38587.5566255239
Deli / Bodega -> Coffee Shop -> Medical Center,3,322.77228089383664,1,3608.5052953211016
Deli / Bodega -> Coffee Shop -> Office,3,322.77228089383664,6,5145.007550069853
Deli / Bodega -> Coffee Shop -> Office -> Coffee Shop,4,322.77228089383664,1,3589.945035274783
Deli / Bodega -> Coffee Shop -> Office -> Coffee Shop -> Train Station,5,322.77228089383664,1,24512.489760268112
Hotel -> Office,2,322.03655504855493,17,322.03655504855493
Hotel -> Office -> Building,3,322.03655504855493,1,2623.5670588838793
Hotel -> Office -> Building -> Office,4,322.03655504855493,1,12862.518875174635
Hotel -> Office -> Building -> Office -> Building,5,322.03655504855493,1,44600.64000102595
Hotel -> Office -> Deli / Bodega,3,322.03655504855493,1,2337.8839325918284
Hotel -> Office -> Deli / Bodega -> Office,4,322.03655504855493,1,12862.518875174635
Office -> Bank,2,321.5629718793658,12,321.5629718793658
Office -> Bank -> Coffee Shop,3,321.5629718793658,1,1794.9725176373915
Office -> Bank -> Coffee Shop -> Subway,4,321.5629718793658,1,17001.611487570575
Office -> Bank -> Office,3,321.5629718793658,2,2143.753145862439
Office -> Bank -> Subway,3,321.5629718793658,3,4250.402871892644
Residential Building (Apartment / Condo) -> Building,2,318.95570918492933,6,318.95570918492933
Residential Building (Apartment / Condo) -> Building -> Bar,3,318.95570918492933,1,1924.710734441952
Residential Building (Apartment / Condo) -> Building -> Bar -> Other Great Outdoors,4,318.95570918492933,1,30346.12576728844
Residential Building (Apartment / Condo) -> Building -> Other Great Outdoors,3,318.95570918492933,1,5057.687627881406
Train Station -> Deli / Bodega,2,318.3440228606248,13,318.3440228606248
Train Station -> Deli / Bodega -> American Restaurant,3,318.3440228606248,1,3542.0023932438694
Train Station -> Deli / Bodega -> American Restaurant -> Train Station,4,318.3440228606248,2,49024.979520536224
Train Station -> Deli / Bodega -> Home (private),3,318.3440228606248,3,2334.9110384761216
Train Station -> Deli / Bodega -> Office,3,318.3440228606248,1,989.4245288595872
Train Station -> Deli / Bodega -> Train Station,3,318.3440228606248,2,3771.1522708104785
Coffee Shop -> Hotel,2,317.2263654145611,10,317.2263654145611
Coffee Shop -> Hotel -> Bank,3,317.2263654145611,1,8288.285600190653
Coffee Shop -> Hotel -> Building,3,317.2263654145611,2,8920.12800020519
Coffee Shop -> Hotel -> Building -> Office,4,317.2263654145611,1,12862.518875174635
Coffee Shop -> Hotel -> Clothing Store,3,317.2263654145611,1,5533.208745607113
Coffee Shop -> Hotel -> Clothing Store -> Bar,4,317.2263654145611,1,11548.264406651711
Coffee Shop -> Hotel -> Gym / Fitness Center,3,317.2263654145611,1,2021.5330732172326
Coffee Shop -> Hotel -> Office,3,317.2263654145611,1,1286.2518875174633
Coffee Shop -> Hotel -> Train Station,3,317.2263654145611,1,2451.248976026811
Clothing Store -> Building,2,310.15744089725973,5,310.15744089725973
Clothing Store -> Building -> Bar,3,310.15744089725973,1,2309.652881330342
Clothing Store -> Building -> Bar -> Pizza Place,4,310.15744089725973,1,71553.54474984738
Clothing Store -> Building -> Pizza Place,3,310.15744089725973,1,14310.708949969476
Drugstore / Pharmacy -> Subway,2,308.1863109529409,12,308.1863109529409
Drugstore / Pharmacy -> Subway -> Deli / Bodega,3,308.1863109529409,1,3312.0022378384238
Drugstore / Pharmacy -> Subway -> Deli / Bodega -> Coffee Shop,4,308.1863109529409,1,21539.6702116487
Drugstore / Pharmacy -> Subway -> Deli / Bodega -> Coffee Shop -> Office,5,308.1863109529409,2,25725.03775034927
Drugstore / Pharmacy -> Subway -> Deli / Bodega -> Office,4,308.1863109529409,2,25725.03775034927
Drugstore / Pharmacy -> Subway -> Deli / Bodega -> Office -> Coffee Shop,5,308.1863109529409,1,10769.83510582435
Park -> Coffee Shop,2,306.1658809348059,16,306.1658809348059
Park -> Coffee Shop -> Building,3,306.1658809348059,1,2787.540000064122
Park -> Coffee Shop -> Drugstore / Pharmacy,3,306.1658809348059,1,3756.0206647389673
Park -> Coffee Shop -> Drugstore / Pharmacy -> Park,4,306.1658809348059,1,33264.02247568156
Park -> Coffee Shop -> Office,3,306.1658809348059,2,1607.8148593968294
Park -> Coffee Shop -> Park,3,306.1658809348059,3,6237.004214190292
Coffee Shop -> Deli / Bodega,2,301.2541288342475,13,301.2541288342475
Coffee Shop -> Deli / Bodega -> Bank,3,301.2541288342475,1,6375.604307838965
Coffee Shop -> Deli / Bodega -> Hotel,3,301.2541288342475,1,4507.054591697649
Coffee Shop -> Deli / Bodega -> Hotel -> Bank,4,301.2541288342475,1,82882.85600190655
Coffee Shop -> Deli / Bodega -> Office,3,301.2541288342475,2,1978.8490577191744
Coffee Shop -> Deli / Bodega -> Park,3,301.2541288342475,1,2558.7709596678123
Other Great Outdoors -> Home (private),2,300.99158314451915,39,300.99158314451915
Drugstore / Pharmacy -> Deli / Bodega,2,300.18147170741,5,300.18147170741
Drugstore / Pharmacy -> Deli / Bodega -> Medical Center,3,300.18147170741,2,21651.03177192661
Drugstore / Pharmacy -> Deli / Bodega -> Medical Center -> Pizza Place,4,300.18147170741,1,35776.77237492369
Drugstore / Pharmacy -> Deli / Bodega -> Office,3,300.18147170741,1,2572.5037750349265
Drugstore / Pharmacy -> Deli / Bodega -> Pizza Place,3,300.18147170741,1,14310.708949969476
Subway -> Park,2,298.5232786279114,21,298.5232786279114
Subway -> Park -> Bank,3,298.5232786279114,1,3946.8026667574545
Subway -> Park -> Bar,3,298.5232786279114,1,549.9173526977006
Subway -> Park -> Deli / Bodega,3,298.5232786279114,1,1892.572707336242
Subway -> Park -> Neighborhood,3,298.5232786279114,1,1819.8513737210167
Subway -> Park -> Neighborhood -> Bank,4,298.5232786279114,1,82882.85600190655
Subway -> Park -> Office,3,298.5232786279114,1,612.5008988178397
Food & Drink Shop -> Bus Station,2,297.9254349457461,13,297.9254349457461
Drugstore / Pharmacy -> Train Station,2,296.22344121169925,7,296.22344121169925
Drugstore / Pharmacy -> Train Station -> Drugstore / Pharmacy,3,296.22344121169925,1,17170.38018166385
Drugstore / Pharmacy -> Train Station -> Drugstore / Pharmacy -> Train Station,4,296.22344121169925,1,24512.489760268112
Drugstore / Pharmacy -> Train Station -> Pizza Place,3,296.22344121169925,1,10221.934964263912
Coffee Shop -> Medical Center,2,293.0567375734517,10,293.0567375734517
Coffee Shop -> Medical Center -> Drugstore / Pharmacy,3,293.0567375734517,1,6009.633063582347
Pizza Place -> Medical Center,2,292.05528469325463,3,292.05528469325463
Office -> Drugstore / Pharmacy,2,291.44680230758235,13,291.44680230758235
Office -> Drugstore / Pharmacy -> American Restaurant,3,291.44680230758235,1,7084.004786487739
Office -> Drugstore / Pharmacy -> Bank,3,291.44680230758235,1,12751.20861567793
Office -> Drugstore / Pharmacy -> Bank -> American Restaurant,4,291.44680230758235,1,46046.031112170305
Office -> Drugstore / Pharmacy -> Medical Center,3,291.44680230758235,1,8327.319912279465
Office -> Drugstore / Pharmacy -> Medical Center -> American Restaurant,4,291.44680230758235,1,46046.031112170305
Office -> Drugstore / Pharmacy -> Medical Center -> Bank,4,291.44680230758235,1,82882.85600190655
Office -> Drugstore / Pharmacy -> Medical Center -> Bank -> American Restaurant,5,291.44680230758235,1,46046.031112170305
Office -> Drugstore / Pharmacy -> Office,3,291.44680230758235,1,989.4245288595872
Office -> Drugstore / Pharmacy -> Office -> American Restaurant,4,291.44680230758235,1,46046.031112170305
Office -> Drugstore / Pharmacy -> Office -> Medical Center,4,291.44680230758235,1,54127.57942981653
Office -> Drugstore / Pharmacy -> Office -> Medical Center -> American Restaurant,5,291.44680230758235,1,46046.031112170305
Office -> Drugstore / Pharmacy -> Office -> Medical Center -> Bank,5,291.44680230758235,1,82882.85600190655
Office -> Drugstore / Pharmacy -> Other Great Outdoors,3,291.44680230758235,1,2334.317366714495
Office -> Drugstore / Pharmacy -> Train Station,3,291.44680230758235,1,1885.5761354052393
Neighborhood -> Drugstore / Pharmacy,2,288.6471212095268,5,288.6471212095268
Neighborhood -> Park,2,287.58520872347174,9,287.58520872347174
Neighborhood -> Park -> Deli / Bodega,3,287.58520872347174,1,4416.002983784565
Neighborhood -> Park -> Office,3,287.58520872347174,1,1429.168763908293
Neighborhood -> Park -> Subway,3,287.58520872347174,1,1889.0679430633973
Hotel -> Coffee Shop,2,285.503728873105,7,285.503728873105
Hotel -> Coffee Shop -> Office,3,285.503728873105,1,1837.5026964535193
Bank -> Building,2,278.7540000064122,3,278.7540000064122
Subway -> Medical Center,2,277.5773304093155,6,277.5773304093155
Subway -> Medical Center -> Subway,3,277.5773304093155,3,8500.805743785288
Food & Drink Shop -> Coffee Shop,2,276.7948274861398,22,276.7948274861398
Food & Drink Shop -> Coffee Shop -> College Academic Building,3,276.7948274861398,1,1601.7300459342598
Food & Drink Shop -> Coffee Shop -> Food & Drink Shop,3,276.7948274861398,1,1056.2810875349178
Food & Drink Shop -> Coffee Shop -> Office,3,276.7948274861398,1,584.6599488715743
Food & Drink Shop -> Coffee Shop -> Office -> Food & Drink Shop,4,276.7948274861398,1,23238.18392576819
Clothing Store -> Deli / Bodega,2,276.3840532271285,5,276.3840532271285
Clothing Store -> Deli / Bodega -> Coffee Shop,3,276.3840532271285,1,4307.934042329739
Coffee Shop -> Subway,2,276.1496180980602,30,276.1496180980602
Other Great Outdoors -> Deli / Bodega,2,272.84228961598,9,272.84228961598
Other Great Outdoors -> Deli / Bodega -> Home (private),3,272.84228961598,1,1124.2164259329475
Subway -> Deli / Bodega,2,271.75402977135786,16,271.75402977135786
Subway -> Deli / Bodega -> Bar,3,271.75402977135786,1,721.766525415732
Subway -> Deli / Bodega -> Coffee Shop,3,271.75402977135786,2,2692.4587764560874
Subway -> Deli / Bodega -> Coffee Shop -> Building,4,271.75402977135786,1,22300.320000512977
Subway -> Deli / Bodega -> Coffee Shop -> Building -> Office,5,271.75402977135786,3,38587.5566255239
Subway -> Deli / Bodega -> Coffee Shop -> Office,4,271.75402977135786,5,32156.297187936587
Subway -> Deli / Bodega -> Office,3,271.75402977135786,9,7235.166867285732
Subway -> Deli / Bodega -> Office -> Building,4,271.75402977135786,1,4955.626666780661
Subway -> Deli / Bodega -> Office -> Building -> Office,5,271.75402977135786,3,38587.5566255239
Subway -> Deli / Bodega -> Office -> Coffee Shop,4,271.75402977135786,3,7179.890070549566
Subway -> Deli / Bodega -> Office -> Coffee Shop -> Building,5,271.75402977135786,1,14866.880000341984
Subway -> Deli / Bodega -> Office -> Coffee Shop -> Drugstore / Pharmacy,5,271.75402977135786,1,20032.11021194116
Subway -> Deli / Bodega -> Office -> Coffee Shop -> Office,5,271.75402977135786,7,30012.54404207415
Clothing Store -> Coffee Shop,2,269.6203503544344,7,269.6203503544344
Clothing Store -> Coffee Shop -> Clothing Store,3,269.6203503544344,1,7904.583922295877
Subway -> Food & Drink Shop,2,268.1328914511714,27,268.1328914511714
Subway -> Food & Drink Shop -> Bank,3,268.1328914511714,2,6139.47081495604
Subway -> Food & Drink Shop -> Medical Center,3,268.1328914511714,1,2004.725164067279
Subway -> Food & Drink Shop -> Office,3,268.1328914511714,1,476.3895879694309
Hotel -> Gym / Fitness Center,2,267.94989188446385,9,267.94989188446385
Hotel -> Gym / Fitness Center -> Bank,3,267.94989188446385,1,9209.20622243406
Drugstore / Pharmacy -> Hotel,2,265.5213430154204,3,265.5213430154204
Train Station -> Coffee Shop,2,265.4303168410191,18,265.4303168410191
Train Station -> Coffee Shop -> Bar,3,265.4303168410191,1,641.5702448139841
Train Station -> Coffee Shop -> Gym / Fitness Center,3,265.4303168410191,1,1123.0739295651294
Train Station -> Coffee Shop -> Gym / Fitness Center -> Bar,4,265.4303168410191,1,11548.264406651711
Train Station -> Coffee Shop -> Gym / Fitness Center -> Train Station,4,265.4303168410191,1,24512.489760268112
Train Station -> Coffee Shop -> Office,3,265.4303168410191,2,1429.168763908293
Train Station -> Coffee Shop -> Train Station,3,265.4303168410191,4,5447.219946726247
Hotel -> Building,2,262.74309278954905,4,262.74309278954905
Hotel -> Building -> Office,3,262.74309278954905,1,6431.259437587318
Building -> Park,2,261.0405351230616,7,261.0405351230616
Building -> Park -> Office,3,261.0405351230616,2,3675.0053929070386
Office -> Neighborhood,2,259.4744441677881,21,259.4744441677881
Office -> Neighborhood -> Bank,3,259.4744441677881,1,3946.8026667574545
Office -> Neighborhood -> Bank -> Office,4,259.4744441677881,1,12862.518875174635
Office -> Neighborhood -> Food & Drink Shop,3,259.4744441677881,1,1106.5801869413424
Office -> Neighborhood -> Food & Drink Shop -> Office,4,259.4744441677881,1,12862.518875174635
Office -> Neighborhood -> Gym / Fitness Center,3,259.4744441677881,1,962.6347967701109
Office -> Neighborhood -> Office,3,259.4744441677881,4,2450.003595271359
Office -> Neighborhood -> Park,3,259.4744441677881,3,4752.003210811652
Office -> Neighborhood -> Park -> Deli / Bodega,4,259.4744441677881,1,13248.008951353695
Office -> Neighborhood -> Park -> Office,4,259.4744441677881,1,4287.506291724878
Office -> Neighborhood -> Subway,3,259.4744441677881,1,809.6005470271703
Office -> Neighborhood -> Subway -> Gym / Fitness Center,4,259.4744441677881,1,20215.33073217233
Subway -> Office,2,258.3497380911145,47,258.3497380911145
Subway -> Office -> Gym / Fitness Center,3,258.3497380911145,1,430.1134198334538
Subway -> Office -> Pizza Place,3,258.3497380911145,1,1522.4158457414337
Park -> Bus Station,2,255.8770959667812,8,255.8770959667812
Park -> Bus Station -> Coffee Shop,3,255.8770959667812,1,2692.4587764560874
Park -> Bus Station -> Coffee Shop -> Drugstore / Pharmacy,4,255.8770959667812,1,60096.33063582348
Park -> Bus Station -> Coffee Shop -> Drugstore / Pharmacy -> Park,5,255.8770959667812,1,33264.02247568156
Park -> Bus Station -> Coffee Shop -> Park,4,255.8770959667812,1,33264.02247568156
Park -> Bus Station -> Drugstore / Pharmacy,3,255.8770959667812,1,7512.041329477935
Park -> Bus Station -> Drugstore / Pharmacy -> Park,4,255.8770959667812,1,33264.02247568156
Park -> Bus Station -> Park,3,255.8770959667812,1,4158.002809460195
Drugstore / Pharmacy -> Office,2,252.58722866657138,13,252.58722866657138
Drugstore / Pharmacy -> Office -> American Restaurant,3,252.58722866657138,1,3542.0023932438694
Drugstore / Pharmacy -> Office -> Gym / Fitness Center,3,252.58722866657138,1,3110.0508818726657
Drugstore / Pharmacy -> Office -> Medical Center,3,252.58722866657138,1,4163.6599561397325
Drugstore / Pharmacy -> Office -> Medical Center -> American Restaurant,4,252.58722866657138,1,46046.031112170305
Drugstore / Pharmacy -> Office -> Medical Center -> Bank,4,252.58722866657138,1,82882.85600190655
Drugstore / Pharmacy -> Office -> Medical Center -> Bank -> American Restaurant,5,252.58722866657138,1,46046.031112170305
Drugstore / Pharmacy -> Park,2,251.2388404507671,5,251.2388404507671
Drugstore / Pharmacy -> Park -> Clothing Store,3,251.2388404507671,1,11066.417491214226
Drugstore / Pharmacy -> Park -> Clothing Store -> Park,4,251.2388404507671,1,33264.02247568156
Pizza Place -> Food & Drink Shop,2,250.77176898310998,6,250.77176898310998
Pizza Place -> Food & Drink Shop -> Building,3,250.77176898310998,1,7433.440000170992
Pizza Place -> Food & Drink Shop -> Building -> Office,4,250.77176898310998,1,12862.518875174635
Pizza Place -> Food & Drink Shop -> Office,3,250.77176898310998,1,2143.753145862439
Drugstore / Pharmacy -> Clothing Store,2,250.7496410395973,3,250.7496410395973
Drugstore / Pharmacy -> Clothing Store -> College Academic Building,3,250.7496410395973,1,11746.02033685124
Drugstore / Pharmacy -> Clothing Store -> Park,3,250.7496410395973,1,11088.007491893854
Airport -> Bus Station,2,249.564939267091,3,249.564939267091
Airport -> Bus Station -> Airport,3,249.564939267091,1,24332.581578541372
Subway -> Office -> Bar,3,245.70775333301518,1,245.70775333301518
Subway -> Office -> Bar -> Office,4,245.70775333301518,1,12862.518875174635
Hotel -> Clothing Store,2,244.47166769987246,3,244.47166769987246
Hotel -> Clothing Store -> Bar,3,244.47166769987246,1,3849.421468883904
Clothing Store -> Bar,2,240.92345771874227,14,240.92345771874227
Clothing Store -> Bar -> Clothing Store,3,240.92345771874227,1,3952.2919611479383
Clothing Store -> Bar -> Pizza Place,3,240.92345771874227,1,5110.967482131956
Pizza Place -> Building,2,240.65093525733428,3,240.65093525733428
Deli / Bodega -> Residential Building (Apartment / Condo),2,236.8535569371936,5,236.8535569371936
Building -> Bar,2,233.03672569476552,17,233.03672569476552
Building -> Bar -> Clothing Store,3,233.03672569476552,1,3254.828673886537
Building -> Bar -> Other Great Outdoors,3,233.03672569476552,1,1785.0662216052024
Building -> Bar -> Pizza Place,3,233.03672569476552,2,12627.096132326009
Park -> Deli / Bodega,2,232.61554178798295,7,232.61554178798295
Park -> Deli / Bodega -> Office,3,232.61554178798295,1,1837.5026964535193
Bus Station -> Subway,2,232.50066991549505,16,232.50066991549505
Bus Station -> Subway -> Bank,3,232.50066991549505,1,5180.178500119159
Bus Station -> Subway -> Bus Station,3,232.50066991549505,5,10626.007179731609
Pizza Place -> Coffee Shop,2,232.44248429836725,6,232.44248429836725
Pizza Place -> Coffee Shop -> American Restaurant,3,232.44248429836725,1,7674.33851869505
Deli / Bodega -> Food & Drink Shop,2,232.14968956811376,10,232.14968956811376
Deli / Bodega -> Food & Drink Shop -> Coffee Shop,3,232.14968956811376,1,2153.9670211648695
Deli / Bodega -> Food & Drink Shop -> Gym / Fitness Center,3,232.14968956811376,1,2021.5330732172326
Deli / Bodega -> Food & Drink Shop -> Gym / Fitness Center -> Deli / Bodega,4,232.14968956811376,1,39744.026854061085
Bank -> Clothing Store,2,230.5503644002964,2,230.5503644002964
Subway -> Neighborhood,2,228.64799310853803,14,228.64799310853803
Subway -> Neighborhood -> Bank,3,228.64799310853803,5,29601.02000068091
Subway -> Neighborhood -> Bank -> Office,4,228.64799310853803,2,5145.007550069853
Subway -> Neighborhood -> Bank -> Office -> Pizza Place,5,228.64799310853803,1,35776.77237492369
Subway -> Neighborhood -> Food & Drink Shop,3,228.64799310853803,1,1659.8702804120137
Subway -> Neighborhood -> Food & Drink Shop -> Office,4,228.64799310853803,1,12862.518875174635
Subway -> Neighborhood -> Office,3,228.64799310853803,7,6431.259437587319
Subway -> Neighborhood -> Office -> Gym / Fitness Center,4,228.64799310853803,1,2887.904390310333
Subway -> Neighborhood -> Office -> Pizza Place,4,228.64799310853803,1,10221.934964263912
Subway -> Neighborhood -> Park,3,228.64799310853803,1,2376.001605405826
Neighborhood -> Bus Station,2,228.64799310853797,7,228.64799310853797
Neighborhood -> Bus Station -> Food & Drink Shop,3,228.64799310853797,1,3319.7405608240274
Neighborhood -> Bus Station -> Hotel,3,228.64799310853797,1,8370.244241724205
American Restaurant -> Bar,2,227.222795038286,17,227.222795038286
American Restaurant -> Bar -> Building,3,227.222795038286,1,2623.5670588838793
Bar -> American Restaurant,2,227.22279503828597,16,227.22279503828597
Bar -> American Restaurant -> Bar,3,227.22279503828597,1,721.766525415732
Medical Center -> Bank,2,225.53158095756882,2,225.53158095756882
Medical Center -> Bank -> American Restaurant,3,225.53158095756882,1,23023.015556085153
Medical Center -> Bank -> Subway,3,225.53158095756882,1,8500.805743785288
Neighborhood -> Hotel,2,225.13625241909486,4,225.13625241909486
Neighborhood -> Hotel -> Gym / Fitness Center,3,225.13625241909486,1,5053.832683043082
Gym / Fitness Center -> Clothing Store,2,224.92718478077697,8,224.92718478077697
Gym / Fitness Center -> Clothing Store -> Coffee Shop,3,224.92718478077697,1,2692.4587764560874
Gym / Fitness Center -> Clothing Store -> Drugstore / Pharmacy,3,224.92718478077697,1,7512.041329477935
Park -> Neighborhood,2,223.67738456270024,7,223.67738456270024
Park -> Neighborhood -> Bank,3,223.67738456270024,1,11840.408000272364
Park -> Neighborhood -> Food & Drink Shop,3,223.67738456270024,1,3319.7405608240274
Park -> Neighborhood -> Food & Drink Shop -> Office,4,223.67738456270024,1,12862.518875174635
Park -> Neighborhood -> Office,3,223.67738456270024,2,3675.0053929070386
Neighborhood -> Office,2,222.4066664295326,18,222.4066664295326
Neighborhood -> Office -> Gym / Fitness Center,3,222.4066664295326,1,1123.0739295651294
Neighborhood -> Office -> Neighborhood,3,222.4066664295326,1,2123.159936007853
Neighborhood -> Office -> Pizza Place,3,222.4066664295326,1,3975.196930547077
Food & Drink Shop -> Residential Building (Apartment / Condo),2,221.57982289171102,8,221.57982289171102
Bus Station -> Coffee Shop,2,220.91969447844818,11,220.91969447844818
Bus Station -> Coffee Shop -> Bank,3,220.91969447844818,2,22604.41527324724
Bus Station -> Coffee Shop -> Bank -> Bus Station,4,220.91969447844818,1,17001.611487570575
Bus Station -> Coffee Shop -> Bus Station,3,220.91969447844818,1,6182.404177298391
Bus Station -> Coffee Shop -> Drugstore / Pharmacy,3,220.91969447844818,2,10926.605570149723
Bus Station -> Coffee Shop -> Drugstore / Pharmacy -> Park,4,220.91969447844818,1,16632.01123784078
Bus Station -> Coffee Shop -> Food & Drink Shop,3,220.91969447844818,1,2112.5621750698356
Bus Station -> Coffee Shop -> Food & Drink Shop -> Coffee Shop,4,220.91969447844818,1,21539.6702116487
Bus Station -> Coffee Shop -> Park,3,220.91969447844818,1,3024.002043243778
Train Station -> Building,2,219.84295749119383,7,219.84295749119383
Drugstore / Pharmacy -> Pizza Place,2,216.17385120799815,2,216.17385120799815
Drugstore / Pharmacy -> Pizza Place -> Medical Center,3,216.17385120799815,1,27063.789714908264
Drugstore / Pharmacy -> Residential Building (Apartment / Condo),2,214.8855684236835,3,214.8855684236835
Drugstore / Pharmacy -> College Academic Building,2,212.91879764685027,4,212.91879764685027
Neighborhood -> Clothing Store,2,212.61128705502838,4,212.61128705502838
Hotel -> Pizza Place,2,210.761545654926,2,210.761545654926
Subway -> Train Station,2,209.50845948947102,20,209.50845948947102
Subway -> Train Station -> Bank,3,209.50845948947102,1,4144.1428000953265
Subway -> Train Station -> Bar,3,209.50845948947102,1,577.4132203325855
Subway -> Train Station -> Bus Station,3,209.50845948947102,1,3400.322297514115
Subway -> Train Station -> Food & Drink Shop,3,209.50845948947102,1,1161.9091962884095
Subway -> Train Station -> Food & Drink Shop -> Bank,4,209.50845948947102,1,82882.85600190655
Food & Drink Shop -> Subway,2,208.5478044620222,19,208.5478044620222
Food & Drink Shop -> Subway -> Bank,3,208.5478044620222,1,4362.255579047714
Food & Drink Shop -> Subway -> Bank -> Office,4,208.5478044620222,1,12862.518875174635
Food & Drink Shop -> Subway -> Gym / Fitness Center,3,208.5478044620222,1,1063.9647753774912
Food & Drink Shop -> Subway -> Gym / Fitness Center -> Park,4,208.5478044620222,1,33264.02247568156
Food & Drink Shop -> Subway -> Neighborhood,3,208.5478044620222,1,2011.4146762179662
Food & Drink Shop -> Subway -> Neighborhood -> Bank,4,208.5478044620222,1,82882.85600190655
Food & Drink Shop -> Subway -> Neighborhood -> Bank -> Office,5,208.5478044620222,1,12862.518875174635
Food & Drink Shop -> Subway -> Neighborhood -> Office,4,208.5478044620222,1,12862.518875174635
Food & Drink Shop -> Subway -> Office,3,208.5478044620222,2,1353.9493552815406
Food & Drink Shop -> Subway -> Office -> Bar,4,208.5478044620222,1,5774.132203325856
Food & Drink Shop -> Subway -> Office -> Bar -> Office,5,208.5478044620222,1,12862.518875174635
Food & Drink Shop -> Subway -> Park,3,208.5478044620222,1,1750.7380250358717
American Restaurant -> Office,2,208.42044473662605,14,208.42044473662605
American Restaurant -> Office -> Coffee Shop,3,208.42044473662605,2,3077.095744521243
College Academic Building -> Hotel,2,207.5879882801397,3,207.5879882801397
College Academic Building -> Hotel -> Building,3,207.5879882801397,2,29733.760000683968
College Academic Building -> Hotel -> Building -> Office,4,207.5879882801397,1,12862.518875174635
Medical Center -> Coffee Shop,2,205.1397163014162,7,205.1397163014162
Medical Center -> Coffee Shop -> Deli / Bodega,3,205.1397163014162,1,5677.718122008727
Medical Center -> Coffee Shop -> Gym / Fitness Center,3,205.1397163014162,2,5775.808780620666
Medical Center -> Coffee Shop -> Home (private),3,205.1397163014162,1,1445.4211190566468
Medical Center -> Coffee Shop -> Medical Center,3,205.1397163014162,1,7732.511347116647
Residential Building (Apartment / Condo) -> Home (private),2,205.0120538352097,17,205.0120538352097
Residential Building (Apartment / Condo) -> Home (private) -> College Academic Building,3,205.0120538352097,1,2072.8271182678654
Residential Building (Apartment / Condo) -> Home (private) -> Residential Building (Apartment / Condo),3,205.0120538352097,1,2789.298946989774
Hotel -> Bar,2,204.09303811461052,10,204.09303811461052
Hotel -> Bar -> American Restaurant,3,204.09303811461052,1,4604.603111217029
Hotel -> Bar -> Office,3,204.09303811461052,1,1286.2518875174633
Bar -> Hotel,2,204.0930381146105,11,204.0930381146105
Bar -> Hotel -> Bus Station,3,204.0930381146105,1,3091.2020886491955
Bar -> Hotel -> Subway,3,204.0930381146105,1,1545.6010443245978
Bar -> Hotel -> Subway -> Coffee Shop,4,204.0930381146105,1,21539.6702116487
Building -> Gym / Fitness Center,2,203.96634146810646,9,203.96634146810646
Building -> Gym / Fitness Center -> Food & Drink Shop,3,203.96634146810646,1,2582.0204361964657
Deli / Bodega -> Subway,2,203.81552232851837,12,203.81552232851837
Coffee Shop -> Food & Drink Shop,2,201.30532908082893,16,201.30532908082893
Coffee Shop -> Food & Drink Shop -> Bus Station,3,201.30532908082893,2,4250.402871892644
Coffee Shop -> Food & Drink Shop -> Coffee Shop,3,201.30532908082893,1,1346.2293882280437
Coffee Shop -> Food & Drink Shop -> Drugstore / Pharmacy,3,201.30532908082893,1,3756.0206647389673
Coffee Shop -> Food & Drink Shop -> Drugstore / Pharmacy -> Bus Station,4,201.30532908082893,1,34003.22297514115
Coffee Shop -> Food & Drink Shop -> Gym / Fitness Center,3,201.30532908082893,2,2526.916341521541
Coffee Shop -> Food & Drink Shop -> Office,3,201.30532908082893,1,803.9074296984147
Coffee Shop -> Food & Drink Shop -> Subway,3,201.30532908082893,1,1062.600717973161
Bus Station -> Hotel,2,200.3135374087844,4,200.3135374087844
Clothing Store -> Residential Building (Apartment / Condo),2,197.85013393112445,3,197.85013393112445
Clothing Store -> Office,2,196.78401617096105,11,196.78401617096105
Clothing Store -> Office -> Drugstore / Pharmacy,3,196.78401617096105,1,5463.302785074861
Food & Drink Shop -> Clothing Store,2,193.92086725258574,6,193.92086725258574
Food & Drink Shop -> Clothing Store -> Medical Center,3,193.92086725258574,1,9021.263238302754
Office -> Park,2,193.58305999426707,16,193.58305999426707
Office -> Park -> Building,3,193.58305999426707,1,2787.540000064122
Office -> Park -> Deli / Bodega,3,193.58305999426707,3,7452.005035136453
Office -> Park -> Neighborhood,3,193.58305999426707,1,2388.5549280088344
Medical Center -> Gym / Fitness Center,2,192.5269593540222,6,192.5269593540222
Medical Center -> Gym / Fitness Center -> Coffee Shop,3,192.5269593540222,1,3589.945035274783
Medical Center -> Gym / Fitness Center -> Drugstore / Pharmacy,3,192.5269593540222,1,10016.05510597058
Medical Center -> Gym / Fitness Center -> Medical Center,3,192.5269593540222,2,18042.526476605508
Medical Center -> Gym / Fitness Center -> Medical Center -> Drugstore / Pharmacy,4,192.5269593540222,1,60096.33063582348
Medical Center -> Gym / Fitness Center -> Office,3,192.5269593540222,1,2143.753145862439
